1, 58399
5, 58399
18, 58399
65, 58115
246, 58115
462, 56771
532, 56771
164, 56430
536, 55894
872, 55894
1885, 55894
2709, 55894
3652, 55894
3916, 55894
3955, 55894
5752, 55894
11070, 55894
136573, 55894
163238, 55894
165291, 55894
214366, 55894
231554, 55894
267664, 55894
277685, 55894
40437, 52938
48618, 51945
58596, 51945
69652, 51945
74457, 51945
76537, 51945
82813, 51945
96656, 51945
3216, 51202
4732, 51202
255595, 51202
265928, 51202
116, 50440
18374, 49441
23629, 49441
38117, 49441
160182, 49441
7926, 49080
11325, 49080
12098, 49080
12489, 49080
15451, 49080
15876, 49080
19382, 49080
19907, 49080
21738, 49080
23297, 49080
24461, 49080
26016, 49080
28236, 49080
29027, 49080
29414, 49080
29625, 49080
30792, 49080
33579, 49080
34825, 49080
35872, 49080
38164, 49080
38821, 49080
39682, 49080
42252, 49080
44321, 49080
44805, 49080
45175, 49080
45217, 49080
51039, 49080
54503, 49080
56084, 49080
56643, 49080
57978, 49080
59578, 49080
62068, 49080
62158, 49080
67965, 49080
68346, 49080
70399, 49080
71836, 49080
72059, 49080
74429, 49080
75427, 49080
76185, 49080
76501, 49080
78871, 49080
81563, 49080
92826, 49080
95725, 49080
97375, 49080
102670, 49080
103514, 49080
114724, 49080
64703, 47843
75996, 47843
77109, 47843
82064, 47843
59374, 45896
18886, 43010
9513, 38405
28279, 38405
30146, 38405
61730, 38405
2214, 38366
6652, 38366
14733, 38366
195866, 38366
295066, 38366
10403, 35654
30781, 35654
3231, 24547
4145, 24547
4693, 24547
12848, 24547
57722, 24547
213990, 24547
107144, 21498
2065, 17633
226647, 16305
279863, 16274
212, 16253
14185, 16253
31400, 16253
48154, 16253
54282, 16253
88294, 16253
93018, 16253
106840, 16253
117464, 16253
193473, 16253
197422, 16253
221139, 16253
252603, 16253
254786, 16253
278931, 16253
23043, 16183
144992, 16183
206578, 15982
264326, 15982
281125, 15982
282566, 15982
294973, 15982
3402, 15947
6218, 15944
8095, 15944
23697, 15944
33232, 15944
36818, 15944
41652, 15944
43807, 15944
44997, 15944
47915, 15944
54229, 15944
64055, 15944
66097, 15944
66478, 15944
66634, 15944
69739, 15944
78258, 15944
78648, 15944
84053, 15944
90833, 15944
104372, 15944
105309, 15944
112522, 15944
114536, 15944
115046, 15944
119075, 15944
119976, 15944
127903, 15944
128615, 15944
137441, 15944
150829, 15944
152756, 15944
153284, 15944
153738, 15944
178558, 15944
182155, 15944
185471, 15944
200062, 15944
200393, 15944
202972, 15944
212565, 15944
239245, 15944
243336, 15944
259311, 15944
259951, 15944
267421, 15944
269136, 15944
272850, 15944
274778, 15944
16944, 15893
91467, 15893
194472, 15858
4738, 15745
6189, 15707
13172, 15707
32382, 15707
41860, 15707
52025, 15707
52592, 15707
60445, 15707
69801, 15707
70201, 15707
92280, 15707
102094, 15707
103220, 15707
107978, 15707
110022, 15707
119700, 15707
123913, 15707
126896, 15707
144534, 15707
148462, 15707
154367, 15707
163986, 15707
169953, 15707
194615, 15707
196160, 15707
196653, 15707
200022, 15707
228223, 15707
237000, 15707
238091, 15707
238350, 15707
248213, 15707
248894, 15707
248924, 15707
251779, 15707
255593, 15707
256954, 15707
267497, 15707
269617, 15707
272045, 15707
272753, 15707
280022, 15707
289604, 15707
290789, 15707
120244, 15705
111652, 15656
223245, 15628
259593, 15497
10013, 15427
15354, 15427
113453, 15427
115817, 15427
212627, 15427
197117, 15409
3112, 15336
7638, 15296
9046, 15296
12469, 15296
16802, 15296
16804, 15296
24526, 15296
24852, 15296
25671, 15296
48228, 15296
62871, 15296
64681, 15296
79651, 15296
83798, 15296
95524, 15296
98692, 15296
99941, 15296
109071, 15296
114404, 15296
116587, 15296
117636, 15296
118533, 15296
119527, 15296
119811, 15296
121204, 15296
121530, 15296
124234, 15296
129040, 15296
135019, 15296
138577, 15296
144263, 15296
150110, 15296
151326, 15296
152477, 15296
160874, 15296
165147, 15296
166058, 15296
166321, 15296
177182, 15296
177607, 15296
184202, 15296
198762, 15296
202892, 15296
208654, 15296
208959, 15296
212197, 15296
212995, 15296
219929, 15296
225388, 15296
236398, 15296
243767, 15296
245603, 15296
249099, 15296
264026, 15296
269144, 15296
269392, 15296
276055, 15296
281539, 15296
54003, 15200
127960, 15200
18996, 15159
2081, 15081
12746, 15080
13168, 15080
18630, 15080
127130, 15080
166742, 15080
212298, 15080
7698, 14964
8133, 14830
12092, 14804
43368, 14804
47693, 14804
49234, 14804
60436, 14804
88509, 14804
91276, 14804
102509, 14804
112079, 14804
127761, 14804
128831, 14804
139341, 14804
160303, 14804
160658, 14804
166335, 14804
187601, 14804
188141, 14804
194432, 14804
194962, 14804
196055, 14804
198022, 14804
203949, 14804
222326, 14804
223791, 14804
250590, 14804
249378, 14786
43045, 14782
51549, 14782
103935, 14782
118348, 14782
149885, 14782
184952, 14782
189705, 14782
232823, 14782
280573, 14782
4026, 14734
4409, 14734
124996, 14734
134906, 14734
138921, 14734
155621, 14734
173094, 14734
215930, 14734
278577, 14734
208907, 14710
245258, 14653
127158, 14627
5804, 14559
6840, 14559
8012, 14509
8836, 14509
12809, 14509
13021, 14509
121299, 14509
123559, 14509
151439, 14488
200179, 14458
4587, 14079
11218, 14079
127136, 14079
144005, 14079
168512, 14079
22372, 13847
31148, 13847
155209, 13847
193104, 13847
211186, 13847
221998, 13847
231342, 13847
246924, 13847
253375, 13847
29093, 13752
51360, 13752
60629, 13752
187488, 13752
247681, 13724
261313, 13696
15204, 13692
17251, 13692
22515, 13692
24473, 13692
37729, 13692
37944, 13692
47265, 13692
47517, 13692
48697, 13692
49601, 13692
49856, 13692
50562, 13692
53558, 13692
55117, 13692
63233, 13692
70328, 13692
72056, 13692
72163, 13692
74875, 13692
78200, 13692
87269, 13692
89117, 13692
92130, 13692
92844, 13692
95231, 13692
99464, 13692
105842, 13692
106501, 13692
110863, 13692
110954, 13692
112138, 13692
112534, 13692
113598, 13692
115924, 13692
123275, 13692
124551, 13692
124963, 13692
127771, 13692
129251, 13692
129331, 13692
129560, 13692
134477, 13692
136515, 13692
140052, 13692
140551, 13692
142354, 13692
144239, 13692
147839, 13692
151330, 13692
154905, 13692
155191, 13692
155329, 13692
159307, 13692
159365, 13692
167731, 13692
170740, 13692
171595, 13692
173761, 13692
177651, 13692
179959, 13692
180992, 13692
183648, 13692
184969, 13692
185805, 13692
187813, 13692
188019, 13692
188391, 13692
190957, 13692
193741, 13692
194044, 13692
195288, 13692
198514, 13692
204659, 13692
204884, 13692
207800, 13692
207998, 13692
208011, 13692
208143, 13692
209708, 13692
211415, 13692
211954, 13692
212416, 13692
212840, 13692
213020, 13692
213377, 13692
213913, 13692
216539, 13692
218275, 13692
218293, 13692
221018, 13692
232020, 13692
235679, 13692
235844, 13692
236378, 13692
238848, 13692
240362, 13692
240918, 13692
243751, 13692
243820, 13692
245989, 13692
250901, 13692
252973, 13692
255463, 13692
261334, 13692
261696, 13692
262691, 13692
262845, 13692
263266, 13692
264088, 13692
266246, 13692
268124, 13692
268978, 13692
269007, 13692
269998, 13692
270151, 13692
271926, 13692
272187, 13692
273892, 13692
274461, 13692
277896, 13692
287446, 13692
287798, 13692
287940, 13692
287964, 13692
292037, 13692
294086, 13692
296057, 13692
211143, 13673
60441, 13660
284616, 13656
86815, 13637
154358, 13637
163303, 13637
203890, 13637
4305, 13602
5298, 13602
6431, 13602
37097, 13602
138213, 13602
6083, 13593
66696, 13593
137315, 13587
152999, 13587
185964, 13587
231327, 13587
75042, 13581
80452, 13581
99040, 13581
116685, 13581
133907, 13581
134343, 13581
172688, 13581
176581, 13581
222215, 13581
224044, 13581
224698, 13581
228797, 13581
233030, 13581
238550, 13581
242964, 13581
245648, 13581
274131, 13581
277764, 13581
287381, 13581
288898, 13581
294007, 13581
3927, 13580
2773, 13551
70191, 13551
196648, 13551
260815, 13551
8264, 13542
10786, 13542
20829, 13542
30203, 13542
42444, 13542
46740, 13542
49108, 13542
54844, 13542
62461, 13542
66736, 13542
68295, 13542
70773, 13542
71383, 13542
72296, 13542
74656, 13542
74861, 13542
79602, 13542
85463, 13542
86969, 13542
90742, 13542
92793, 13542
93907, 13542
95040, 13542
95112, 13542
97897, 13542
122496, 13542
126005, 13542
129166, 13542
158261, 13542
180274, 13542
221021, 13542
229014, 13542
170483, 13512
21559, 13469
23215, 13469
200162, 13409
277142, 13409
285144, 13409
26196, 13408
99769, 13408
273150, 13379
6226, 13378
10646, 13378
30764, 13378
33657, 13378
41085, 13378
43339, 13378
47458, 13378
54057, 13378
58163, 13378
99508, 13378
55033, 13339
65472, 13339
112802, 13339
113887, 13339
15188, 13307
27067, 13307
51397, 13307
59583, 13307
69708, 13307
76077, 13307
181798, 13307
222194, 13307
90519, 13248
123057, 13248
127650, 13248
182528, 13248
37640, 13236
123463, 13236
81813, 13177
136796, 13177
138429, 13177
178199, 13177
196677, 13177
205371, 13177
214404, 13177
223388, 13177
236529, 13177
240091, 13177
260568, 13177
286895, 13177
16129, 13119
23897, 13119
28831, 13119
75076, 13119
81358, 13119
92270, 13119
112949, 13119
119081, 13119
163720, 13119
46847, 13109
48590, 13109
55425, 13109
69300, 13109
78125, 13109
82417, 13109
92518, 13109
37308, 13087
56939, 13087
71568, 13087
12318, 13084
46458, 13084
66535, 13084
98132, 13084
109122, 13084
117274, 13084
141143, 13084
167781, 13084
184185, 13084
199404, 13084
236169, 13084
237190, 13084
256425, 13084
17637, 13061
22723, 13061
24283, 13061
170237, 13061
173843, 13061
230022, 13061
267246, 13046
73431, 13043
152546, 13040
96475, 12996
104399, 12996
126898, 12996
160566, 12996
169947, 12996
15852, 12974
22778, 12974
23413, 12974
31629, 12974
33636, 12974
35491, 12974
39879, 12974
44064, 12974
47454, 12974
4513, 12954
81481, 12937
130430, 12937
163913, 12841
168805, 12841
20124, 12821
28068, 12821
82136, 12821
222266, 12789
294812, 12789
188311, 12780
2500, 12759
8045, 12701
21806, 12679
221585, 12636
51361, 12608
158822, 12608
43146, 12579
51865, 12579
76448, 12579
79956, 12579
91100, 12579
94720, 12579
120210, 12579
216942, 12579
63974, 12555
99106, 12555
107545, 12555
204167, 12555
257759, 12555
262615, 12555
273854, 12555
288981, 12555
293041, 12555
13094, 12540
113605, 12488
197180, 12423
23319, 12402
50087, 12402
58243, 12402
116595, 12402
146325, 12402
80124, 12361
111993, 12361
63528, 12348
101716, 12348
110593, 12348
140467, 12348
171402, 12348
241761, 12348
248758, 12348
288569, 12348
12067, 12311
57015, 12311
84408, 12311
85523, 12311
91232, 12311
98473, 12311
111763, 12311
148818, 12311
271756, 12306
13697, 12235
122411, 12130
39778, 11861
47323, 11861
52106, 11861
55739, 11861
62538, 11861
63836, 11861
75998, 11861
85615, 11861
86451, 11861
92698, 11861
95064, 11861
138149, 11861
148819, 11858
110347, 11623
124095, 11623
153872, 11623
159052, 11623
166963, 11623
173378, 11623
176022, 11623
179136, 11623
189304, 11623
195927, 11623
206605, 11623
208005, 11623
215878, 11623
221426, 11623
256361, 11623
272164, 11623
290689, 11623
3010, 11621
97867, 11542
101361, 11542
116852, 11542
139072, 11542
183999, 11542
246830, 11542
31035, 11477
34580, 11477
38268, 11477
39990, 11477
40790, 11477
43579, 11477
47676, 11477
54984, 11477
59261, 11477
62272, 11477
63948, 11477
66401, 11477
68593, 11477
108718, 11477
132161, 11477
2655, 11447
1591, 11412
95405, 11412
2893, 11164
269582, 11156
204968, 10831
285505, 10670
93515, 10663
130107, 10635
27975, 10608
44938, 10608
64962, 10608
97487, 10364
24434, 10357
27432, 10357
28627, 10357
49542, 10357
50862, 10357
83278, 10357
104958, 10357
105397, 10357
14234, 10342
295772, 10342
98591, 10275
14755, 10218
14892, 10218
20827, 10218
28840, 10218
15367, 10215
18671, 10215
20040, 10215
30617, 10215
164851, 10215
26948, 10164
64457, 10164
65082, 10164
86199, 10164
103997, 10164
113483, 10164
161459, 10164
8765, 10131
14567, 10073
101216, 10073
126351, 10073
6169, 10066
35289, 9996
50116, 9996
54286, 9996
80819, 9996
181089, 9996
150861, 9962
172865, 9962
224190, 9962
65096, 9914
49907, 9813
276679, 9795
43474, 9712
108082, 9712
138060, 9676
206357, 9652
122958, 9590
143080, 9590
149267, 9590
150409, 9590
155665, 9590
157249, 9590
159075, 9590
163445, 9590
252827, 9590
290198, 9590
142731, 9581
144369, 9581
147825, 9581
159874, 9581
160693, 9581
165569, 9581
166905, 9581
174788, 9581
179057, 9581
179416, 9581
190872, 9581
200722, 9581
202637, 9581
206241, 9581
222648, 9581
222662, 9581
232516, 9581
238497, 9581
246087, 9581
272121, 9581
159721, 9574
188463, 9574
250861, 9574
64524, 9573
67354, 9570
54310, 9549
105224, 9544
118071, 9544
118949, 9544
119086, 9544
120146, 9544
128155, 9544
130100, 9544
130292, 9544
131255, 9544
133447, 9544
133627, 9544
136367, 9544
137805, 9544
138318, 9544
139618, 9544
140214, 9544
141358, 9544
142169, 9544
143417, 9544
144618, 9544
144927, 9544
146328, 9544
146846, 9544
147429, 9544
148012, 9544
149603, 9544
150564, 9544
152204, 9544
152818, 9544
153361, 9544
153593, 9544
154598, 9544
155695, 9544
156671, 9544
160506, 9544
160939, 9544
166874, 9544
167120, 9544
168096, 9544
169699, 9544
170243, 9544
171266, 9544
172305, 9544
174057, 9544
175386, 9544
176782, 9544
177144, 9544
177155, 9544
177309, 9544
177319, 9544
178106, 9544
184152, 9544
186055, 9544
187422, 9544
187655, 9544
189424, 9544
191078, 9544
192161, 9544
192275, 9544
192412, 9544
193558, 9544
194904, 9544
197770, 9544
200028, 9544
200995, 9544
202815, 9544
207561, 9544
209866, 9544
210817, 9544
213899, 9544
214430, 9544
215294, 9544
216774, 9544
218135, 9544
219014, 9544
219996, 9544
223151, 9544
223527, 9544
225080, 9544
225887, 9544
227795, 9544
229836, 9544
229976, 9544
231119, 9544
231416, 9544
231482, 9544
231708, 9544
232175, 9544
237149, 9544
237424, 9544
238879, 9544
240580, 9544
242383, 9544
243170, 9544
247759, 9544
248740, 9544
252686, 9544
252797, 9544
253458, 9544
255605, 9544
256687, 9544
257103, 9544
257252, 9544
257724, 9544
260117, 9544
263236, 9544
264177, 9544
264955, 9544
267983, 9544
268279, 9544
268780, 9544
273322, 9544
275470, 9544
277396, 9544
278596, 9544
290796, 9544
291384, 9544
294876, 9544
96495, 9535
114108, 9535
136254, 9535
140570, 9535
146711, 9535
156703, 9535
159418, 9535
159490, 9535
165449, 9535
168765, 9535
172500, 9535
177257, 9535
183607, 9535
184089, 9535
190473, 9535
191230, 9535
193913, 9535
195643, 9535
199773, 9535
209468, 9535
211504, 9535
215757, 9535
217976, 9535
224359, 9535
224728, 9535
224820, 9535
231837, 9535
232366, 9535
238536, 9535
243072, 9535
243917, 9535
244261, 9535
254573, 9535
255105, 9535
258058, 9535
261237, 9535
281022, 9535
286791, 9535
288324, 9535
220347, 9496
111028, 9484
179227, 9484
225431, 9484
288917, 9484
118315, 9480
142560, 9480
146670, 9480
180703, 9480
192051, 9480
193842, 9480
223512, 9480
242974, 9480
243219, 9480
254168, 9480
259040, 9480
260792, 9480
261909, 9480
272262, 9480
276390, 9480
276637, 9480
284018, 9480
284954, 9480
188186, 9477
86895, 9474
91170, 9474
99129, 9474
108939, 9474
118806, 9474
132962, 9474
143126, 9474
153929, 9474
178649, 9474
205978, 9474
229731, 9474
283346, 9474
284563, 9474
290745, 9474
243583, 9472
166722, 9469
183212, 9469
206981, 9469
230470, 9469
242698, 9469
252875, 9469
261558, 9469
114228, 9467
173829, 9467
181135, 9467
89706, 9466
97678, 9466
100378, 9466
112037, 9466
113482, 9466
114423, 9466
114852, 9466
118547, 9466
123048, 9466
134870, 9466
135313, 9466
140961, 9466
141817, 9466
142084, 9466
144210, 9466
145681, 9466
164514, 9466
173868, 9466
176249, 9466
179280, 9466
179305, 9466
183225, 9466
194774, 9466
196618, 9466
198129, 9466
199386, 9466
204523, 9466
206606, 9466
208681, 9466
208805, 9466
210939, 9466
220692, 9466
226859, 9466
227762, 9466
227784, 9466
240439, 9466
240814, 9466
249539, 9466
250612, 9466
253385, 9466
255816, 9466
256167, 9466
256169, 9466
261946, 9466
264103, 9466
270361, 9466
281031, 9466
281968, 9466
288337, 9466
288374, 9466
288704, 9466
293513, 9466
295295, 9466
295806, 9466
139532, 9461
188485, 9461
219561, 9461
267743, 9461
293559, 9461
195505, 9460
256611, 9460
115672, 9455
168290, 9455
168312, 9453
240978, 9453
159722, 9446
246189, 9446
796, 9443
1400, 9443
91504, 9443
94687, 9443
101219, 9443
105871, 9443
106026, 9443
108634, 9443
110511, 9443
110530, 9443
111889, 9443
112016, 9443
114294, 9443
114434, 9443
114449, 9443
114832, 9443
114876, 9443
116600, 9443
116867, 9443
116887, 9443
118877, 9443
120679, 9443
121102, 9443
122447, 9443
124629, 9443
125021, 9443
125744, 9443
126070, 9443
126365, 9443
126888, 9443
126917, 9443
127237, 9443
127271, 9443
130552, 9443
130698, 9443
132501, 9443
133459, 9443
134208, 9443
134737, 9443
135155, 9443
135364, 9443
136241, 9443
136373, 9443
136417, 9443
136621, 9443
136638, 9443
136720, 9443
136877, 9443
137624, 9443
138271, 9443
139112, 9443
140937, 9443
141651, 9443
141753, 9443
141930, 9443
141953, 9443
142301, 9443
142661, 9443
143544, 9443
143678, 9443
143876, 9443
144940, 9443
145734, 9443
145973, 9443
145980, 9443
146076, 9443
146673, 9443
146694, 9443
147879, 9443
147987, 9443
148210, 9443
148332, 9443
148627, 9443
148847, 9443
149105, 9443
149635, 9443
149946, 9443
150081, 9443
150368, 9443
150633, 9443
150717, 9443
151690, 9443
151769, 9443
152384, 9443
152407, 9443
152554, 9443
152882, 9443
153899, 9443
154004, 9443
154040, 9443
154308, 9443
154755, 9443
155246, 9443
156569, 9443
156678, 9443
156861, 9443
157222, 9443
157505, 9443
157591, 9443
157694, 9443
157866, 9443
159493, 9443
160353, 9443
160816, 9443
161139, 9443
161930, 9443
161972, 9443
162508, 9443
162591, 9443
162631, 9443
163018, 9443
163081, 9443
163090, 9443
163330, 9443
163335, 9443
164659, 9443
164837, 9443
165383, 9443
165471, 9443
165520, 9443
165902, 9443
166182, 9443
166642, 9443
167958, 9443
168065, 9443
168348, 9443
168416, 9443
169003, 9443
169485, 9443
170193, 9443
171785, 9443
172667, 9443
172762, 9443
172914, 9443
173572, 9443
173621, 9443
173774, 9443
174109, 9443
174186, 9443
174558, 9443
174729, 9443
174979, 9443
175014, 9443
175430, 9443
176171, 9443
177149, 9443
177461, 9443
178512, 9443
179143, 9443
179671, 9443
180149, 9443
180219, 9443
180449, 9443
180589, 9443
181159, 9443
181272, 9443
181867, 9443
182008, 9443
182081, 9443
182285, 9443
182388, 9443
182638, 9443
183033, 9443
183304, 9443
183370, 9443
183489, 9443
183637, 9443
183988, 9443
184967, 9443
185917, 9443
185946, 9443
186016, 9443
186345, 9443
186522, 9443
186573, 9443
186587, 9443
186628, 9443
187614, 9443
187955, 9443
188261, 9443
188686, 9443
188850, 9443
189623, 9443
190388, 9443
190479, 9443
191147, 9443
191522, 9443
191625, 9443
191635, 9443
192519, 9443
192718, 9443
193089, 9443
193782, 9443
194297, 9443
194310, 9443
194476, 9443
194627, 9443
194817, 9443
194974, 9443
195294, 9443
196294, 9443
197430, 9443
198585, 9443
198918, 9443
199072, 9443
199364, 9443
199390, 9443
200319, 9443
200939, 9443
200947, 9443
201239, 9443
201251, 9443
201763, 9443
201880, 9443
202686, 9443
202730, 9443
202755, 9443
203266, 9443
203515, 9443
203610, 9443
204123, 9443
205771, 9443
206368, 9443
206634, 9443
206773, 9443
206798, 9443
207086, 9443
207194, 9443
207444, 9443
208058, 9443
208184, 9443
208692, 9443
208741, 9443
209158, 9443
209184, 9443
210393, 9443
210538, 9443
210944, 9443
211661, 9443
211822, 9443
211883, 9443
211920, 9443
212713, 9443
213492, 9443
214377, 9443
214680, 9443
214759, 9443
215497, 9443
215675, 9443
215894, 9443
216255, 9443
216542, 9443
216593, 9443
218270, 9443
218820, 9443
219558, 9443
220060, 9443
220382, 9443
221176, 9443
221349, 9443
221401, 9443
221609, 9443
222070, 9443
222378, 9443
222395, 9443
222602, 9443
222788, 9443
222901, 9443
223249, 9443
223624, 9443
225230, 9443
225377, 9443
225675, 9443
225972, 9443
226057, 9443
226115, 9443
226422, 9443
226438, 9443
226460, 9443
226755, 9443
226784, 9443
227245, 9443
227575, 9443
228340, 9443
228786, 9443
228854, 9443
230020, 9443
230083, 9443
230159, 9443
230285, 9443
230348, 9443
230596, 9443
231076, 9443
231088, 9443
231198, 9443
231460, 9443
231613, 9443
232320, 9443
232405, 9443
232774, 9443
233157, 9443
233748, 9443
233817, 9443
234714, 9443
236670, 9443
236734, 9443
237985, 9443
238030, 9443
238123, 9443
239065, 9443
239119, 9443
239490, 9443
240505, 9443
240652, 9443
240761, 9443
241076, 9443
241980, 9443
242111, 9443
242468, 9443
242717, 9443
243162, 9443
243818, 9443
243909, 9443
243930, 9443
246821, 9443
247076, 9443
247334, 9443
247346, 9443
247886, 9443
248785, 9443
249371, 9443
249577, 9443
249669, 9443
250003, 9443
250100, 9443
250139, 9443
250197, 9443
250265, 9443
250859, 9443
251442, 9443
251894, 9443
251995, 9443
252553, 9443
253121, 9443
253135, 9443
253314, 9443
253542, 9443
253800, 9443
253912, 9443
254216, 9443
254462, 9443
254710, 9443
254941, 9443
255253, 9443
255478, 9443
255875, 9443
256032, 9443
256092, 9443
256337, 9443
256456, 9443
256766, 9443
256858, 9443
257042, 9443
257266, 9443
258130, 9443
258210, 9443
258690, 9443
259379, 9443
260056, 9443
260401, 9443
261649, 9443
261933, 9443
262011, 9443
262035, 9443
262879, 9443
263238, 9443
264714, 9443
265161, 9443
265481, 9443
265627, 9443
265724, 9443
266406, 9443
266519, 9443
266775, 9443
266876, 9443
267134, 9443
267510, 9443
267717, 9443
268056, 9443
268400, 9443
268659, 9443
268678, 9443
269014, 9443
269030, 9443
269228, 9443
269614, 9443
269743, 9443
269845, 9443
270366, 9443
270615, 9443
271191, 9443
271239, 9443
271882, 9443
272456, 9443
272737, 9443
273151, 9443
273315, 9443
273844, 9443
274277, 9443
274361, 9443
274376, 9443
275011, 9443
275371, 9443
275436, 9443
276412, 9443
276910, 9443
277303, 9443
277539, 9443
278493, 9443
279289, 9443
279583, 9443
279859, 9443
280050, 9443
280077, 9443
281156, 9443
282675, 9443
283672, 9443
283691, 9443
283698, 9443
284024, 9443
284046, 9443
284176, 9443
284197, 9443
284449, 9443
284488, 9443
284795, 9443
285035, 9443
285500, 9443
285513, 9443
285886, 9443
286083, 9443
286881, 9443
287352, 9443
287450, 9443
287759, 9443
288457, 9443
289288, 9443
289405, 9443
289487, 9443
289949, 9443
290116, 9443
290717, 9443
291072, 9443
291401, 9443
291983, 9443
291996, 9443
292106, 9443
292205, 9443
293557, 9443
293626, 9443
293831, 9443
293880, 9443
294901, 9443
294946, 9443
295367, 9443
295524, 9443
296587, 9443
203010, 9439
206087, 9439
252295, 9439
133734, 9437
139005, 9437
141159, 9437
148412, 9437
150898, 9437
160492, 9437
183417, 9437
198341, 9437
227492, 9437
230198, 9437
231503, 9437
259245, 9437
272271, 9437
282522, 9437
284394, 9437
296019, 9437
164727, 9436
145634, 9434
226287, 9434
141126, 9433
293833, 9428
151966, 9426
163997, 9426
95404, 9424
113154, 9424
152705, 9424
187138, 9424
205842, 9424
222404, 9424
242291, 9424
258267, 9424
277987, 9424
279897, 9424
285095, 9424
285191, 9424
285504, 9424
288150, 9424
87580, 9422
106966, 9422
121622, 9422
147892, 9422
149445, 9422
179632, 9422
182851, 9422
191306, 9422
200359, 9422
201907, 9422
206098, 9422
210484, 9422
211006, 9422
214957, 9422
215532, 9422
216856, 9422
219641, 9422
220155, 9422
220684, 9422
222021, 9422
229124, 9422
229636, 9422
230191, 9422
233651, 9422
234331, 9422
235784, 9422
238971, 9422
240097, 9422
241899, 9422
243262, 9422
247690, 9422
250357, 9422
255016, 9422
259061, 9422
261473, 9422
264446, 9422
264692, 9422
273193, 9422
276996, 9422
278490, 9422
278608, 9422
279646, 9422
281275, 9422
282021, 9422
282542, 9422
285182, 9422
286220, 9422
286375, 9422
286814, 9422
288222, 9422
288705, 9422
290179, 9422
290288, 9422
290299, 9422
291890, 9422
295636, 9422
167963, 9421
172057, 9421
131497, 9414
145937, 9414
173379, 9414
174300, 9414
189872, 9414
195856, 9414
200488, 9414
202625, 9414
205909, 9414
208375, 9414
211497, 9414
218173, 9414
243205, 9414
263135, 9414
266370, 9414
96084, 9413
128967, 9413
137703, 9413
154894, 9413
158349, 9413
170686, 9413
194531, 9413
196044, 9413
196483, 9413
200412, 9413
244650, 9413
273755, 9413
293684, 9413
79894, 9410
91648, 9410
103017, 9410
115531, 9410
120043, 9410
120113, 9410
120517, 9410
121970, 9410
125300, 9410
128392, 9410
129861, 9410
131960, 9410
133203, 9410
135270, 9410
138969, 9410
140134, 9410
140504, 9410
141837, 9410
141960, 9410
142384, 9410
144139, 9410
145502, 9410
145686, 9410
146713, 9410
147171, 9410
147898, 9410
148007, 9410
148952, 9410
150014, 9410
150063, 9410
150224, 9410
150452, 9410
150608, 9410
151949, 9410
152845, 9410
152975, 9410
154199, 9410
157062, 9410
158414, 9410
160742, 9410
162166, 9410
163591, 9410
164301, 9410
164789, 9410
166531, 9410
166786, 9410
166993, 9410
167599, 9410
167933, 9410
169483, 9410
169690, 9410
172311, 9410
173260, 9410
177290, 9410
179332, 9410
181012, 9410
185795, 9410
188904, 9410
188926, 9410
189464, 9410
191916, 9410
192809, 9410
193216, 9410
194308, 9410
194838, 9410
195423, 9410
199600, 9410
200569, 9410
200990, 9410
201191, 9410
202852, 9410
203089, 9410
204597, 9410
205215, 9410
205499, 9410
207737, 9410
207838, 9410
207984, 9410
208550, 9410
208607, 9410
208948, 9410
209483, 9410
210292, 9410
210952, 9410
211548, 9410
212599, 9410
212603, 9410
214751, 9410
219151, 9410
220784, 9410
221482, 9410
222509, 9410
223217, 9410
226149, 9410
228653, 9410
233368, 9410
234313, 9410
235683, 9410
236212, 9410
238323, 9410
238717, 9410
239118, 9410
239862, 9410
242370, 9410
242525, 9410
243830, 9410
244332, 9410
244454, 9410
244882, 9410
245300, 9410
246226, 9410
246421, 9410
246996, 9410
247480, 9410
248056, 9410
248433, 9410
248691, 9410
251640, 9410
254050, 9410
256052, 9410
256259, 9410
256915, 9410
258431, 9410
260708, 9410
260780, 9410
261777, 9410
265478, 9410
266207, 9410
266833, 9410
267780, 9410
270833, 9410
271075, 9410
272157, 9410
272202, 9410
277203, 9410
279122, 9410
281020, 9410
281477, 9410
282796, 9410
288035, 9410
291796, 9410
293371, 9410
294120, 9410
132340, 9405
142419, 9405
228063, 9405
96716, 9394
97140, 9394
124130, 9394
125822, 9394
126900, 9394
130645, 9394
131461, 9394
133092, 9394
133810, 9394
134998, 9394
135729, 9394
135777, 9394
136313, 9394
136907, 9394
138153, 9394
139089, 9394
141663, 9394
142793, 9394
143107, 9394
143188, 9394
144045, 9394
144049, 9394
147057, 9394
147678, 9394
149711, 9394
150033, 9394
150183, 9394
150643, 9394
150740, 9394
153227, 9394
153611, 9394
156677, 9394
157451, 9394
158099, 9394
160179, 9394
160313, 9394
161903, 9394
162065, 9394
162163, 9394
162179, 9394
164234, 9394
165001, 9394
165965, 9394
168142, 9394
169973, 9394
169976, 9394
170009, 9394
170011, 9394
170235, 9394
170875, 9394
171761, 9394
174121, 9394
174535, 9394
176855, 9394
178330, 9394
178659, 9394
179405, 9394
180685, 9394
181140, 9394
183696, 9394
185552, 9394
186047, 9394
186162, 9394
186571, 9394
187353, 9394
188574, 9394
190922, 9394
192286, 9394
192484, 9394
193649, 9394
193917, 9394
193948, 9394
194417, 9394
196026, 9394
196530, 9394
197030, 9394
197342, 9394
198185, 9394
198578, 9394
202010, 9394
202687, 9394
203045, 9394
203751, 9394
204882, 9394
206147, 9394
206511, 9394
207103, 9394
207661, 9394
208336, 9394
212334, 9394
212494, 9394
212560, 9394
213814, 9394
213911, 9394
213925, 9394
214057, 9394
215701, 9394
215914, 9394
216040, 9394
216498, 9394
216776, 9394
217345, 9394
219148, 9394
219312, 9394
220159, 9394
220896, 9394
223954, 9394
224270, 9394
224848, 9394
226682, 9394
227917, 9394
228507, 9394
229311, 9394
229344, 9394
230804, 9394
231158, 9394
233323, 9394
233456, 9394
233796, 9394
233887, 9394
234152, 9394
234156, 9394
234329, 9394
235170, 9394
235962, 9394
239085, 9394
240206, 9394
240742, 9394
242244, 9394
242342, 9394
243168, 9394
243266, 9394
244667, 9394
244957, 9394
245929, 9394
247091, 9394
247215, 9394
248872, 9394
249347, 9394
249931, 9394
250699, 9394
251044, 9394
251620, 9394
252303, 9394
252415, 9394
252466, 9394
252468, 9394
252498, 9394
253194, 9394
254118, 9394
254302, 9394
254315, 9394
254325, 9394
254643, 9394
254824, 9394
255641, 9394
255803, 9394
256016, 9394
256022, 9394
256583, 9394
256807, 9394
256818, 9394
257448, 9394
257704, 9394
257733, 9394
258585, 9394
258691, 9394
259316, 9394
260368, 9394
260633, 9394
261393, 9394
261496, 9394
261931, 9394
262365, 9394
263842, 9394
264583, 9394
266635, 9394
266931, 9394
267472, 9394
267710, 9394
268007, 9394
269102, 9394
269491, 9394
271334, 9394
271498, 9394
271687, 9394
271964, 9394
274211, 9394
274249, 9394
275923, 9394
276611, 9394
277069, 9394
277524, 9394
278553, 9394
278615, 9394
279013, 9394
279428, 9394
280136, 9394
280176, 9394
280863, 9394
281312, 9394
282022, 9394
282800, 9394
282890, 9394
283240, 9394
283432, 9394
284683, 9394
285432, 9394
285679, 9394
285845, 9394
286974, 9394
287835, 9394
289714, 9394
289801, 9394
290607, 9394
292922, 9394
292978, 9394
293162, 9394
293794, 9394
293874, 9394
294421, 9394
294541, 9394
211297, 9391
244651, 9387
290793, 9387
122953, 9377
125722, 9377
130387, 9377
150266, 9377
155827, 9377
157553, 9377
160977, 9377
162358, 9377
162360, 9377
168261, 9377
170123, 9377
181207, 9377
189181, 9377
199439, 9377
201736, 9377
220156, 9377
244608, 9377
252962, 9377
259637, 9377
269807, 9377
270839, 9377
283655, 9377
284930, 9377
291515, 9377
292893, 9377
294310, 9377
188623, 9366
149931, 9361
160859, 9361
255331, 9356
278689, 9354
142020, 9352
151408, 9352
153638, 9352
177037, 9352
217419, 9352
243898, 9352
249415, 9352
265829, 9352
276792, 9352
279325, 9352
282168, 9352
294098, 9352
136163, 9346
175896, 9346
210290, 9346
217868, 9346
278833, 9346
285212, 9346
151277, 9344
213716, 9341
154810, 9340
180083, 9340
204251, 9340
246969, 9340
276358, 9340
89221, 9338
193407, 9314
249746, 9311
100944, 9290
133119, 9290
252569, 9262
254821, 9257
280856, 9251
89137, 9244
141213, 9236
222590, 9201
166456, 9188
198600, 9183
228105, 9183
252489, 9183
246518, 9181
159668, 9177
247029, 9177
184543, 9174
198354, 9166
249736, 9166
124782, 9160
206675, 9160
287751, 9160
130661, 9147
135269, 9147
146998, 9147
198645, 9147
218323, 9147
232100, 9147
233522, 9147
247278, 9147
270733, 9147
167355, 9144
122550, 9140
154844, 9131
240416, 9131
177311, 9127
233462, 9127
196258, 8985
159274, 8957
242578, 8957
197572, 8942
181661, 8908
192514, 8908
228849, 8908
178996, 8891
209301, 8865
202638, 8824
9843, 8803
156575, 8709
150785, 8699
227712, 8699
183452, 8689
94137, 8640
283370, 8390
166984, 8229
128303, 8115
169644, 8060
280505, 8026
135097, 7995
199607, 7995
202283, 7995
154053, 7931
188056, 7931
210139, 7872
240729, 7731
130376, 7654
109792, 7176
211597, 7156
255801, 7140
174539, 6842
250245, 6703
81151, 6180
278336, 5765
294214, 5705
222272, 5219
250350, 5219
169569, 4798
119789, 4791
134629, 4750
253507, 4750
170782, 4738
185215, 4738
209039, 4738
218831, 4738
226002, 4738
242282, 4738
259186, 4738
253267, 4669
10848, 4564
14267, 4564
23247, 4564
46006, 4564
56470, 4564
61791, 4564
76528, 4564
151393, 4564
172003, 4564
208801, 4564
243949, 4564
160759, 4465
147521, 4463
211686, 4463
277399, 4463
18533, 4441
128171, 4441
141730, 4441
18758, 4419
225454, 4413
95876, 4411
75465, 4407
105740, 4407
122614, 4407
130649, 4407
139573, 4407
142052, 4407
147108, 4407
177613, 4407
275601, 4367
232208, 3824
251136, 3824
44322, 3807
138843, 3807
237983, 3807
289934, 3807
203978, 3766
260391, 3766
260883, 3766
290633, 3766
94278, 3711
193464, 3711
83074, 3702
97479, 3702
116202, 3702
159564, 3702
163340, 3702
203044, 3702
232487, 3702
24443, 3674
25302, 3674
34142, 3674
36987, 3674
37838, 3674
52829, 3674
56074, 3674
71605, 3674
99124, 3674
119015, 3674
126621, 3674
127898, 3674
137346, 3674
169681, 3674
185707, 3674
202787, 3674
224789, 3674
246137, 3674
26278, 3672
31530, 3672
46915, 3672
51889, 3672
59706, 3672
60876, 3672
69841, 3672
70916, 3672
73296, 3672
74799, 3672
78919, 3672
80944, 3672
82745, 3672
86553, 3672
87962, 3672
93244, 3672
96502, 3672
101949, 3672
107016, 3672
108458, 3672
120204, 3672
132088, 3672
135673, 3672
147348, 3672
156913, 3672
160665, 3672
163336, 3672
165474, 3672
174289, 3672
185559, 3672
200130, 3672
211793, 3672
221637, 3672
227010, 3672
117588, 3660
125950, 3660
149411, 3660
153957, 3660
154934, 3660
158603, 3660
158900, 3660
176224, 3660
179014, 3660
188696, 3660
192364, 3660
194820, 3660
227852, 3660
229713, 3660
231155, 3660
231332, 3660
238299, 3660
238877, 3660
246494, 3660
249379, 3660
250096, 3660
255262, 3660
256581, 3660
260085, 3660
267129, 3660
268217, 3660
271213, 3660
271377, 3660
274657, 3660
275385, 3660
279353, 3660
286437, 3660
292410, 3660
295824, 3660
103223, 3647
177713, 3647
180520, 3647
189366, 3647
193261, 3647
196968, 3647
197272, 3647
202833, 3647
207358, 3647
208072, 3647
208795, 3647
215010, 3647
216081, 3647
217534, 3647
231269, 3647
237618, 3647
238973, 3647
239737, 3647
251188, 3647
254119, 3647
261713, 3647
262414, 3647
263582, 3647
263967, 3647
264666, 3647
264926, 3647
266627, 3647
266798, 3647
267502, 3647
270720, 3647
276605, 3647
279189, 3647
280726, 3647
282211, 3647
284217, 3647
285692, 3647
287552, 3647
287712, 3647
292363, 3647
140654, 3631
184372, 3631
212271, 3631
219688, 3631
227448, 3631
234111, 3631
238403, 3631
244596, 3631
250372, 3631
275278, 3631
276249, 3631
148026, 3608
235430, 3605
243711, 3605
248983, 3605
255497, 3605
262243, 3605
263954, 3605
271661, 3605
274611, 3605
274780, 3605
280141, 3605
280703, 3605
288400, 3605
180601, 3598
184314, 3598
204506, 3598
204603, 3598
205306, 3598
214097, 3598
260677, 3598
264405, 3598
285394, 3598
13227, 3559
20631, 3559
20650, 3559
30257, 3559
40638, 3559
44695, 3559
59386, 3559
66417, 3559
73465, 3559
85654, 3559
86853, 3559
87684, 3559
95990, 3559
97713, 3559
114754, 3559
139599, 3559
160691, 3559
163690, 3559
261412, 3559
292752, 3556
121251, 3527
220419, 3525
101587, 3503
131148, 3503
148582, 3503
176428, 3503
177031, 3503
179447, 3503
183589, 3503
190335, 3503
203681, 3503
205356, 3503
209144, 3503
225246, 3503
229903, 3503
230235, 3503
259928, 3503
6423, 3493
127531, 3474
3466, 3461
5909, 3461
72277, 3402
109042, 3402
205471, 3402
290213, 3389
273654, 3377
176675, 3360
7631, 3359
64935, 3319
92088, 3319
118237, 3268
137398, 3268
142952, 3268
145586, 3268
200388, 3268
256108, 3203
289723, 3203
124485, 3197
126129, 3197
6075, 3196
158748, 3195
240156, 3181
288820, 3181
227566, 3144
105601, 3081
119572, 3081
251911, 3027
12544, 3016
239441, 3008
258921, 3008
154741, 2997
640, 2987
991, 2987
10192, 2987
61708, 2987
73602, 2987
83279, 2987
102890, 2987
116090, 2987
122922, 2987
124757, 2987
129820, 2987
130139, 2987
142056, 2987
145495, 2987
161309, 2987
165165, 2987
169029, 2987
173656, 2987
190135, 2987
198107, 2987
198858, 2987
200783, 2987
202589, 2987
206307, 2987
206910, 2987
210688, 2987
212473, 2987
212878, 2987
214629, 2987
215307, 2987
216279, 2987
218952, 2987
222029, 2987
224479, 2987
225383, 2987
229467, 2987
230812, 2987
234319, 2987
236719, 2987
237154, 2987
237557, 2987
244445, 2987
245677, 2987
247897, 2987
251714, 2987
255258, 2987
256144, 2987
261717, 2987
269660, 2987
273152, 2987
273734, 2987
277059, 2987
279182, 2987
279819, 2987
280318, 2987
283228, 2987
286516, 2987
292242, 2987
296366, 2987
105437, 2968
118158, 2968
158066, 2968
158695, 2968
714, 2963
52554, 2963
52679, 2963
79592, 2963
88131, 2963
90141, 2963
90664, 2963
93322, 2963
99742, 2963
99895, 2963
99909, 2963
100222, 2963
100871, 2963
106467, 2963
107250, 2963
112498, 2963
116549, 2963
135158, 2963
137743, 2963
147768, 2963
150385, 2963
160660, 2963
161452, 2963
171418, 2963
172977, 2963
174981, 2963
178197, 2963
179236, 2963
189775, 2963
193245, 2963
194871, 2963
205484, 2963
205810, 2963
211507, 2963
213756, 2963
217417, 2963
220598, 2963
223374, 2963
226880, 2963
238721, 2963
262434, 2963
265440, 2963
158737, 2954
208109, 2954
285, 2929
2594, 2928
54331, 2928
65648, 2928
94685, 2928
115137, 2928
134715, 2928
142387, 2928
143756, 2928
161474, 2928
163475, 2928
170248, 2928
185695, 2928
186937, 2928
189483, 2928
190159, 2928
194906, 2928
199922, 2928
220806, 2928
222939, 2928
237637, 2928
238920, 2928
273728, 2928
291220, 2928
26681, 2914
107162, 2914
269680, 2914
150502, 2912
52454, 2905
55396, 2905
71655, 2905
82820, 2905
138639, 2905
151726, 2905
159593, 2905
162674, 2905
196220, 2905
203707, 2905
208967, 2905
217501, 2905
221906, 2905
229252, 2905
230947, 2905
233722, 2905
244265, 2905
256317, 2905
263799, 2905
265566, 2905
278884, 2905
282290, 2905
289737, 2905
122115, 2893
210733, 2893
249308, 2893
105668, 2887
111260, 2887
114402, 2887
125244, 2887
131242, 2887
142915, 2887
81306, 2881
140823, 2867
11102, 2866
69455, 2866
73266, 2866
88002, 2866
91125, 2866
98323, 2866
98924, 2866
100046, 2866
104014, 2866
104688, 2866
110450, 2866
124966, 2866
221645, 2831
47210, 2829
78023, 2817
78081, 2817
259321, 2791
278406, 2791
145411, 2782
65077, 2750
185224, 2750
225463, 2750
278498, 2750
289456, 2750
90693, 2740
110261, 2740
124778, 2740
659, 2738
17845, 2738
112437, 2727
148381, 2727
227613, 2727
214748, 2687
278120, 2639
53408, 2638
194797, 2638
163292, 2611
225693, 2611
73797, 2608
83147, 2608
90556, 2608
220641, 2591
197251, 2566
139058, 2546
84980, 2537
139494, 2537
220736, 2537
257814, 2537
228058, 2530
193229, 2527
197367, 2527
1138, 2508
6887, 2475
24278, 2475
1098, 2467
140255, 2466
152900, 2466
189205, 2466
201794, 2466
2170, 2465
1136, 2461
2056, 2459
62246, 2458
64263, 2458
261278, 2458
1156, 2451
3599, 2451
265761, 2432
4830, 2395
123867, 2394
150466, 2394
290836, 2387
1518, 2376
222909, 2368
253018, 2368
1162, 2334
1312, 2334
1343, 2334
1359, 2329
193965, 2329
1275, 2324
1311, 2314
78069, 2314
81416, 2314
86076, 2314
117341, 2314
1621, 2308
216455, 2305
154098, 2297
916, 2286
146857, 2269
232519, 2269
28477, 2267
38851, 2267
53873, 2267
54192, 2267
64128, 2267
79607, 2267
8932, 2206
8326, 2153
21323, 2153
22795, 2153
24992, 2153
25278, 2153
38634, 2153
110281, 2153
3265, 2134
99309, 2123
211900, 2123
179967, 2120
7312, 2116
10829, 2114
11998, 2096
172249, 2026
121303, 1985
2596, 1959
84562, 1948
197131, 1927
216397, 1927
261340, 1927
283797, 1927
118207, 1911
125915, 1911
175637, 1911
221574, 1911
230117, 1911
235670, 1911
252635, 1911
287978, 1911
288835, 1911
237227, 1907
240175, 1907
272723, 1907
124, 1891
146, 1891
104, 1888
117, 1888
122, 1888
139, 1888
262, 1876
51837, 1834
57249, 1834
73436, 1834
143, 1830
168, 1830
223, 1830
140, 1821
218, 1821
253, 1821
314, 1821
136407, 1790
1680, 1771
351, 1770
355, 1770
42424, 1760
43457, 1760
44794, 1760
43138, 1758
43975, 1758
54559, 1758
84, 1732
448, 1703
479, 1703
513, 1703
517, 1703
45346, 1700
45809, 1700
267781, 1700
269, 1689
159434, 1679
191817, 1679
245459, 1679
269264, 1679
289342, 1679
217377, 1665
577, 1664
614, 1664
575, 1640
76419, 1632
83183, 1632
99085, 1632
54473, 1604
60381, 1604
205026, 1588
764, 1578
81864, 1571
620, 1567
621, 1567
861, 1563
869, 1563
114980, 1560
115172, 1560
185509, 1558
186840, 1558
561, 1556
120850, 1552
122503, 1552
683, 1549
713, 1549
188367, 1524
164432, 1522
203107, 1522
217226, 1522
184747, 1521
212115, 1521
254567, 1521
108926, 1520
110680, 1520
121066, 1520
135482, 1520
113347, 1513
147461, 1513
150293, 1513
192882, 1513
220179, 1513
903, 1509
934, 1509
959, 1509
1001, 1509
146335, 1500
1471, 1497
1496, 1497
1439, 1495
188528, 1491
752, 1490
798, 1490
939, 1482
962, 1482
1372, 1477
1557, 1477
174752, 1473
200107, 1473
217176, 1473
220329, 1473
221134, 1473
236465, 1473
237386, 1473
166844, 1471
201918, 1471
229820, 1471
104082, 1467
139661, 1467
144450, 1467
179847, 1467
137457, 1466
1467, 1453
1448, 1452
186779, 1440
217140, 1440
256644, 1440
278558, 1440
810, 1419
827, 1408
931, 1408
193751, 1406
1368, 1383
283990, 1383
1316, 1381
1233, 1350
242081, 1342
252230, 1342
1313, 1338
276645, 1335
913, 1317
221361, 1314
1284, 1308
996, 1305
1387, 1305
1357, 1301
1330, 1296
1778, 1295
135139, 1292
182758, 1292
191494, 1292
191515, 1292
223934, 1292
224577, 1292
1167, 1285
1363, 1285
1551, 1269
1733, 1269
2027, 1269
2034, 1269
1238, 1268
1609, 1259
1686, 1259
1759, 1259
1803, 1259
1835, 1259
1907, 1259
1642, 1253
1729, 1251
1821, 1251
1867, 1251
1937, 1251
1938, 1251
2042, 1251
174329, 1251
200694, 1250
278680, 1243
120139, 1242
134860, 1242
197936, 1242
1706, 1239
1910, 1231
2010, 1231
1015, 1214
99016, 1204
139743, 1204
1920, 1203
1964, 1203
2019, 1203
85492, 1196
93646, 1196
96712, 1196
40994, 1191
3790, 1185
109898, 1185
59324, 1175
206162, 1175
21954, 1174
220386, 1172
218835, 1168
242543, 1168
205158, 1162
208313, 1162
266392, 1161
165830, 1146
173924, 1146
181652, 1146
200808, 1146
107644, 1145
119200, 1144
121641, 1144
127140, 1144
132931, 1144
144377, 1144
157479, 1144
164323, 1144
165081, 1144
165954, 1144
210815, 1144
121045, 1143
131774, 1142
152121, 1142
156586, 1142
160521, 1142
164526, 1142
194692, 1142
197427, 1142
283481, 1142
969, 1141
1046, 1139
175135, 1139
62230, 1121
122567, 1121
232559, 1121
285791, 1121
36974, 1118
175168, 1118
9860, 1115
166737, 1115
966, 1112
1021, 1112
47650, 1112
37833, 1111
168622, 1107
15155, 1106
46763, 1106
267667, 1106
65125, 1105
68541, 1104
156884, 1104
194876, 1104
59166, 1103
65935, 1099
245310, 1099
46388, 1098
112133, 1097
156198, 1097
102767, 1095
249162, 1093
294593, 1092
18632, 1086
41306, 1086
176480, 1085
178583, 1085
11735, 1084
62836, 1081
140578, 1081
147133, 1076
268529, 1076
156222, 1074
225129, 1074
146469, 1070
154225, 1070
234763, 1069
40979, 1061
86564, 1061
96621, 1061
138110, 1061
180359, 1061
260354, 1061
19533, 1060
73648, 1060
181826, 1060
13319, 1056
29961, 1054
204473, 1052
223188, 1052
167112, 1050
196799, 1045
44654, 1041
5187, 1039
113031, 1039
13856, 1037
96491, 1037
73964, 1036
122226, 1032
108614, 1030
62133, 1028
107175, 1028
133922, 1028
160145, 1028
262595, 1017
170390, 1016
2882, 1013
5186, 1013
25015, 1013
293034, 1012
14316, 1011
18511, 1011
23721, 1011
23732, 1011
23861, 1011
24655, 1011
25200, 1011
25760, 1011
26368, 1011
26877, 1011
26901, 1011
26913, 1011
27193, 1011
27509, 1011
27999, 1011
28193, 1011
28975, 1011
29080, 1011
31322, 1011
16993, 1009
24702, 1009
27876, 1009
289758, 1009
142188, 1008
276102, 1007
34035, 1006
14307, 1005
23109, 1005
24740, 1005
24862, 1005
26651, 1005
27120, 1005
28018, 1005
28349, 1005
28909, 1005
28958, 1005
29007, 1005
29065, 1005
31907, 1005
35359, 1005
31374, 1004
84543, 1004
130582, 1004
294359, 1004
44602, 1002
26403, 1000
27913, 1000
28447, 1000
30063, 1000
30237, 1000
31025, 1000
31836, 1000
76341, 1000
