133687, 58098
149194, 58098
209204, 57956
269753, 57956
10503, 57397
145833, 57397
145988, 57397
158829, 57397
178892, 57397
186842, 57397
187738, 57397
195196, 57397
196723, 57397
201090, 57397
205187, 57397
230167, 57397
237330, 57397
243525, 57397
247466, 57397
248000, 57397
275829, 57397
292605, 57397
21349, 4709
102288, 4709
103128, 4709
16725, 4708
32121, 4708
32341, 4708
51719, 4708
53311, 4708
61891, 4708
171444, 4708
88835, 4692
296001, 4692
18466, 4689
264936, 4685
152443, 4671
133593, 4666
295288, 4666
42051, 4648
47381, 4648
113425, 4648
124616, 4648
231543, 4648
236186, 4648
173383, 4636
279670, 4636
203413, 4631
290834, 4631
8806, 4629
55805, 4629
62975, 4629
68685, 4629
97114, 4629
86937, 4611
31772, 4581
96257, 4581
122623, 4581
10011, 4578
32138, 4578
45150, 4578
47090, 4578
83370, 4578
89031, 4578
106775, 4578
108582, 4578
140833, 4578
155628, 4578
279717, 4578
295161, 4578
218343, 4572
32414, 4556
83639, 4556
240522, 4531
225214, 4494
151307, 4477
143231, 4430
200988, 4232
24851, 4214
64158, 4214
77948, 4214
94794, 4214
118584, 4195
198827, 4192
65915, 4187
68021, 4187
74676, 4187
75096, 4187
76681, 4187
77277, 4187
84051, 4187
85624, 4187
85749, 4187
94462, 4187
100505, 4187
109829, 4187
118444, 4187
123130, 4187
134554, 4187
206176, 4180
281386, 4171
147168, 4164
25134, 4153
49276, 4147
96147, 4143
98494, 4143
102140, 4143
105044, 4143
105862, 4143
110107, 4143
114670, 4143
124304, 4143
126472, 4143
137274, 4143
160495, 4143
162992, 4143
175053, 4143
125423, 4139
174193, 4138
293706, 4136
95093, 4133
222065, 4133
261788, 4133
113837, 4132
164695, 4132
213261, 4132
289427, 4132
38359, 4129
108620, 4129
124925, 4129
262875, 4129
108169, 4127
157657, 4127
186758, 4125
187769, 4125
257394, 4122
260276, 4122
268158, 4122
206042, 4121
123517, 4119
6041, 4117
177846, 4116
148365, 4113
176473, 4113
247934, 4110
100937, 4108
125284, 4108
284992, 4108
197388, 4107
200341, 4107
203648, 4107
238653, 4107
265377, 4107
30345, 4100
204709, 4097
121447, 4095
169293, 4095
258091, 4095
291179, 4093
132056, 4092
140251, 4092
279463, 4092
78477, 4090
101008, 4090
107485, 4090
126425, 4090
129649, 4090
136969, 4090
141258, 4090
148087, 4090
148521, 4090
151678, 4090
155804, 4090
161391, 4090
175061, 4090
175310, 4090
188316, 4090
191453, 4090
271100, 4090
272378, 4090
279719, 4090
232287, 4088
261873, 4088
287906, 4087
26811, 4086
38192, 4085
190216, 4077
203077, 4077
233850, 4077
75495, 4075
139564, 4075
151660, 4075
158758, 4075
159101, 4075
160330, 4075
161944, 4075
165913, 4075
167454, 4075
192925, 4075
193923, 4075
194921, 4075
199849, 4075
200579, 4075
201310, 4075
204054, 4075
214409, 4075
222393, 4075
228379, 4075
230406, 4075
241219, 4075
241877, 4075
246579, 4075
254104, 4075
255502, 4075
255683, 4075
259956, 4075
261667, 4075
262073, 4075
265824, 4075
266351, 4075
273711, 4075
275508, 4075
277549, 4075
278035, 4075
292609, 4075
17832, 4073
219086, 4072
34093, 4071
56743, 4071
58135, 4071
80839, 4071
154667, 4071
195531, 4071
158374, 4065
186479, 4065
190968, 4065
194693, 4065
216291, 4065
45907, 4062
145449, 4062
175906, 4062
244569, 4062
286432, 4062
191988, 4058
150884, 4054
235085, 4054
226241, 4053
290371, 4052
234326, 4046
232138, 4040
233835, 4040
263064, 4040
295446, 4040
41970, 4036
43050, 4036
47600, 4036
50090, 4036
52465, 4036
54420, 4036
55481, 4036
57624, 4036
57794, 4036
58598, 4036
61382, 4036
62948, 4036
65970, 4036
74015, 4036
76621, 4036
76673, 4036
93558, 4036
192112, 4036
260404, 4020
275378, 4020
160982, 4017
37059, 4015
38281, 4015
41885, 4015
43140, 4015
47944, 4015
55044, 4015
56059, 4015
57888, 4015
58891, 4015
61304, 4015
61611, 4015
65696, 4015
67987, 4015
70693, 4015
71069, 4015
72429, 4015
75267, 4015
75336, 4015
75417, 4015
76197, 4015
76825, 4015
83868, 4015
85262, 4015
91092, 4015
94857, 4015
101136, 4015
107364, 4015
143855, 4015
147887, 4015
172392, 4015
274129, 4013
32675, 4012
46127, 4008
65785, 4008
140890, 4006
22903, 4004
191548, 4004
32975, 4002
79849, 4002
40967, 3995
208218, 3994
279006, 3987
58072, 3986
25449, 3984
67254, 3984
187025, 3982
37694, 3978
43222, 3978
51330, 3978
52969, 3978
70114, 3978
73610, 3978
88069, 3978
98039, 3978
113386, 3978
229808, 3978
255981, 3978
274670, 3978
193643, 3977
210714, 3977
268429, 3977
19057, 3961
23967, 3961
38439, 3961
43548, 3961
46862, 3961
105766, 3961
117695, 3961
121644, 3961
150846, 3961
174945, 3961
194845, 3961
155226, 3958
31506, 3955
25470, 3945
163914, 3941
65142, 3933
66646, 3933
256152, 3933
221932, 3911
219675, 3907
38255, 3906
6828, 3904
11059, 3904
117317, 3904
153468, 3904
173947, 3904
52165, 3897
289442, 3897
227949, 3892
126138, 3886
266543, 3886
80889, 3885
274169, 3885
197845, 3881
280525, 3881
59827, 3873
290919, 3828
35519, 3807
46549, 3807
269986, 3807
224981, 3790
50536, 3780
143170, 3780
170977, 3770
181340, 3770
192831, 3768
209671, 3758
201955, 3748
233324, 3746
252131, 3742
228095, 3735
264941, 3735
272071, 3735
38584, 3729
142501, 3729
193704, 3728
162421, 3722
209741, 3722
273843, 3722
262184, 3715
72583, 3711
156811, 3711
189430, 3711
253151, 3711
268858, 3711
101032, 3710
107982, 3710
140760, 3710
148957, 3710
151479, 3710
251170, 3710
264760, 3710
272871, 3710
275477, 3710
96580, 3701
197773, 3701
129177, 3697
113378, 3694
145788, 3691
150771, 3691
238687, 3687
295942, 3687
135082, 3682
195952, 3682
274501, 3682
128269, 3681
239859, 3678
95756, 3677
40555, 3674
62476, 3674
188354, 3674
131420, 3666
62578, 3658
102951, 3657
13664, 3647
18901, 3647
27045, 3647
54379, 3647
89915, 3647
91384, 3647
102161, 3647
132458, 3626
115748, 3622
130347, 3622
183560, 3622
187176, 3622
226691, 3622
14938, 3618
38548, 3618
161302, 3618
52646, 3597
63829, 3597
295904, 3587
210916, 3585
33674, 3581
41490, 3581
44945, 3581
46501, 3581
52186, 3581
56106, 3581
83959, 3581
85194, 3581
118886, 3581
274439, 3581
159411, 3575
163233, 3571
95144, 3568
198888, 3568
91665, 3567
154369, 3567
11211, 3561
57865, 3561
74558, 3559
71059, 3557
132277, 3557
183324, 3557
184785, 3557
255677, 3557
91612, 3546
259893, 3546
296527, 3546
74710, 3534
220469, 3534
27947, 3526
54211, 3526
55257, 3526
80907, 3526
106385, 3526
113006, 3526
198178, 3526
208315, 3526
241773, 3526
24391, 3524
29730, 3524
294661, 3522
13501, 3506
22187, 3506
101694, 3501
106506, 3501
99853, 3492
144362, 3474
13757, 3473
123909, 3473
18245, 3446
18808, 3446
45117, 3446
126101, 3446
149549, 3446
159252, 3446
185234, 3446
207342, 3446
218294, 3446
233755, 3446
75767, 3444
62207, 3443
131452, 3443
140177, 3443
158483, 3443
210562, 3443
211602, 3443
40768, 3438
17438, 3433
20861, 3433
26248, 3433
27053, 3433
29768, 3433
30052, 3433
33869, 3433
34783, 3433
37042, 3433
38432, 3433
49125, 3433
53307, 3433
53568, 3433
70651, 3433
71429, 3433
92367, 3433
264427, 3433
291235, 3433
164672, 3425
24893, 3420
42335, 3420
91270, 3420
235267, 3420
258897, 3420
37575, 3406
159835, 3406
196643, 3406
239190, 3401
10621, 3399
18186, 3399
58191, 3399
71262, 3399
125590, 3399
144772, 3399
160263, 3399
239211, 3399
259922, 3399
287486, 3399
294467, 3399
71495, 3391
1270, 3390
5682, 3390
14506, 3390
61174, 3390
34216, 3388
97301, 3388
100009, 3388
201263, 3388
277347, 3388
290296, 3381
271487, 3379
143110, 3375
227991, 3375
254436, 3375
32096, 3374
20011, 3359
31119, 3353
177237, 3353
12105, 3352
64875, 3337
108251, 3337
106228, 3334
117572, 3334
284432, 3334
285588, 3334
26487, 3330
30105, 3330
40953, 3330
41549, 3330
47220, 3330
49518, 3330
52269, 3330
54460, 3330
100175, 3330
118361, 3330
176234, 3330
42564, 3314
90190, 3307
173213, 3301
61124, 3299
71257, 3299
29724, 3298
34469, 3298
51470, 3298
59726, 3298
82649, 3298
84446, 3298
97663, 3298
124178, 3298
167323, 3298
28439, 3297
213967, 3297
129855, 3287
150295, 3287
164473, 3287
75168, 3280
83522, 3273
196083, 3273
121579, 3272
33587, 3271
31205, 3264
267887, 3264
182127, 3260
266637, 3256
279269, 3256
8651, 3254
11079, 3254
18349, 3254
20314, 3254
26266, 3254
41179, 3254
50952, 3254
54402, 3254
61749, 3254
68057, 3254
68177, 3254
71225, 3254
75389, 3254
84270, 3254
86846, 3254
92710, 3254
109507, 3254
122606, 3254
132634, 3254
142960, 3254
155368, 3254
156092, 3254
167350, 3254
181913, 3254
186785, 3254
199213, 3254
203842, 3254
206925, 3254
220273, 3254
242495, 3254
243232, 3254
244602, 3254
52641, 3253
146503, 3253
207591, 3253
45366, 3248
19497, 3246
27738, 3246
49258, 3246
61612, 3246
65201, 3246
65308, 3246
139884, 3246
166140, 3246
179113, 3246
195471, 3246
220035, 3246
228433, 3246
231151, 3246
235473, 3246
236353, 3246
267228, 3246
287574, 3246
296066, 3246
230805, 3245
163827, 3244
265040, 3244
99287, 3243
90866, 3240
283912, 3240
122026, 3237
24668, 3236
17674, 3235
54570, 3235
106159, 3234
71016, 3232
80381, 3232
81774, 3232
113103, 3232
207098, 3232
219410, 3232
41387, 3229
53608, 3229
124648, 3229
57954, 3226
223380, 3226
288585, 3224
115680, 3223
160577, 3223
257236, 3223
179261, 3222
256221, 3222
22344, 3221
96798, 3221
116234, 3221
121511, 3221
26296, 3218
206318, 3217
40483, 3216
43104, 3216
69507, 3216
23089, 3213
62769, 3213
87168, 3213
97942, 3213
99141, 3213
102559, 3213
109161, 3213
109745, 3213
133313, 3213
166266, 3213
177971, 3213
179878, 3213
194503, 3213
195490, 3213
259674, 3213
94430, 3212
150277, 3212
13083, 3211
20984, 3211
22357, 3211
24582, 3211
26343, 3211
44638, 3211
56365, 3211
289164, 3210
19826, 3207
50030, 3207
112003, 3207
149559, 3205
253884, 3205
293402, 3203
31714, 3201
47061, 3201
50696, 3201
59008, 3201
61123, 3201
90822, 3201
97931, 3201
281304, 3201
13921, 3199
137656, 3199
254473, 3199
63197, 3197
161813, 3196
86861, 3195
26906, 3194
88092, 3194
219287, 3194
6380, 3193
22944, 3192
123640, 3192
55292, 3191
50115, 3188
221151, 3188
283768, 3187
126602, 3186
145158, 3186
211051, 3186
256342, 3186
11033, 3185
14761, 3185
21029, 3185
37753, 3185
39693, 3185
91387, 3185
107484, 3185
114640, 3185
115470, 3185
119073, 3185
121905, 3185
162001, 3185
174435, 3185
196260, 3185
200223, 3185
204624, 3185
230777, 3185
251906, 3185
267027, 3185
281029, 3185
282453, 3185
290989, 3185
76369, 3184
221691, 3184
267552, 3184
103995, 3183
143576, 3183
24583, 3178
26034, 3178
62859, 3178
77232, 3178
81601, 3178
98605, 3178
99305, 3178
109200, 3178
113443, 3178
173613, 3178
210312, 3178
243305, 3178
246118, 3178
248485, 3178
251403, 3177
15531, 3174
33267, 3174
43502, 3174
53661, 3174
62090, 3174
116928, 3174
187672, 3170
242629, 3170
265630, 3170
33691, 3169
33687, 3166
111400, 3166
145142, 3166
181319, 3166
198759, 3166
219301, 3166
230624, 3166
264484, 3166
277021, 3166
280725, 3166
15396, 3164
24043, 3164
29945, 3164
48180, 3164
106481, 3164
213192, 3164
258444, 3164
35413, 3163
65759, 3163
194886, 3163
206024, 3163
62812, 3159
280607, 3159
34933, 3158
41062, 3158
56519, 3158
75029, 3158
127087, 3158
264689, 3157
10963, 3156
42660, 3156
65048, 3156
104442, 3156
111274, 3156
191402, 3156
217725, 3156
257245, 3156
246780, 3155
278766, 3155
289331, 3155
29190, 3153
82818, 3153
100354, 3153
169249, 3153
192006, 3153
201614, 3153
113420, 3150
133825, 3150
143538, 3150
158447, 3150
174531, 3150
190484, 3150
43229, 3149
53578, 3149
89436, 3149
128620, 3149
135726, 3149
146979, 3149
170624, 3149
180345, 3149
260466, 3149
272132, 3149
43275, 3147
154820, 3147
169078, 3147
176090, 3147
191978, 3147
197508, 3147
211867, 3147
15681, 3145
24261, 3145
25333, 3145
37214, 3145
38118, 3145
45284, 3145
51572, 3145
53803, 3145
59751, 3145
65848, 3145
70923, 3145
73101, 3145
76857, 3145
97660, 3145
104856, 3145
112298, 3145
116842, 3145
121381, 3145
123017, 3145
130833, 3145
135266, 3145
147915, 3145
149101, 3145
152879, 3145
168690, 3145
178091, 3145
190145, 3145
233356, 3145
247933, 3145
252338, 3145
264004, 3145
291442, 3145
88742, 3140
185166, 3140
204029, 3140
34247, 3138
127555, 3138
132763, 3138
136954, 3138
151067, 3138
170290, 3138
37029, 3136
14493, 3134
37793, 3134
44379, 3134
58770, 3134
59908, 3134
65325, 3134
69591, 3134
77491, 3134
103924, 3134
106012, 3134
138647, 3134
74268, 3133
268955, 3133
17376, 3131
100659, 3131
66305, 3129
71066, 3129
243538, 3129
290912, 3129
226833, 3128
114295, 3127
193493, 3127
183284, 3126
228472, 3126
209198, 3123
225849, 3123
14385, 3119
133571, 3117
203445, 3116
208434, 3116
249274, 3116
254014, 3116
284882, 3116
20008, 3115
43215, 3115
72261, 3115
136351, 3115
141853, 3115
207338, 3115
239376, 3115
253691, 3115
270369, 3115
52548, 3113
155003, 3113
251753, 3113
103797, 3112
104116, 3112
119992, 3112
46016, 3108
49679, 3108
97697, 3108
239473, 3108
264282, 3108
95589, 3106
124795, 3106
189559, 3106
199010, 3106
237163, 3106
203907, 3104
104290, 3103
9170, 3102
9362, 3102
11511, 3102
16588, 3102
18200, 3102
18714, 3102
18862, 3102
20741, 3102
23147, 3102
24698, 3102
30580, 3102
30788, 3102
32914, 3102
36633, 3102
40341, 3102
69435, 3102
79885, 3102
82837, 3102
96309, 3102
105735, 3102
111611, 3102
127068, 3102
152089, 3102
155662, 3102
160646, 3102
173088, 3102
197626, 3102
227818, 3102
164493, 3099
12817, 3097
87763, 3093
116157, 3093
129375, 3093
159033, 3093
220593, 3093
253682, 3093
268739, 3093
283485, 3093
224611, 3092
16662, 3091
38051, 3090
6925, 3089
53433, 3089
127348, 3089
52226, 3086
126821, 3085
38812, 3084
151743, 3084
251055, 3084
47127, 3083
68973, 3083
69619, 3083
191445, 3083
110444, 3080
118579, 3080
141614, 3080
145758, 3080
212191, 3080
11132, 3079
41418, 3079
57680, 3079
212745, 3079
137066, 3077
162555, 3077
240616, 3077
281852, 3077
290730, 3077
206146, 3074
82621, 3073
140464, 3070
9297, 3067
133403, 3067
156823, 3067
218639, 3067
267295, 3067
277573, 3067
203314, 3066
288519, 3066
83414, 3065
203780, 3064
114415, 3063
31407, 3061
75453, 3061
18000, 3059
26118, 3059
29179, 3059
33021, 3059
65190, 3059
78221, 3059
79905, 3059
95303, 3059
99072, 3059
113697, 3059
142972, 3059
144645, 3059
159863, 3059
160036, 3059
174171, 3059
178820, 3059
196806, 3059
211138, 3059
233790, 3059
251897, 3059
32552, 3056
39212, 3056
50306, 3056
85433, 3056
9148, 3051
181814, 3051
259991, 3051
288689, 3050
53153, 3049
102425, 3049
224101, 3049
46845, 3047
71278, 3047
149477, 3047
179266, 3047
192575, 3047
221163, 3047
250393, 3047
259567, 3047
273266, 3047
274559, 3047
35417, 3045
71539, 3045
73064, 3045
73996, 3045
88507, 3045
92896, 3045
111721, 3045
130609, 3045
159429, 3045
165565, 3045
176986, 3045
191538, 3045
192356, 3045
198554, 3045
203769, 3045
218926, 3045
219694, 3045
241409, 3045
253435, 3045
269739, 3045
30088, 3043
200147, 3043
208473, 3043
276975, 3043
30624, 3041
38735, 3041
61759, 3041
78560, 3041
103377, 3041
135753, 3041
140797, 3041
162679, 3041
183137, 3041
145543, 3038
260899, 3038
26153, 3037
215810, 3037
238416, 3037
290756, 3037
70178, 3036
94504, 3036
284448, 3034
285154, 3034
49674, 3033
62394, 3033
72953, 3033
109248, 3033
111644, 3033
132437, 3033
141051, 3033
190533, 3033
216049, 3033
225553, 3033
227478, 3033
232690, 3033
242255, 3033
257962, 3033
267646, 3033
269847, 3033
281657, 3033
224864, 3032
240382, 3031
11608, 3030
13109, 3030
13629, 3030
42675, 3030
215898, 3030
279687, 3030
286491, 3030
37661, 3029
39123, 3029
39606, 3029
56211, 3029
141439, 3029
174470, 3029
184961, 3029
213601, 3029
235457, 3029
238482, 3029
255574, 3029
292449, 3029
294365, 3029
13372, 3028
66948, 3028
81275, 3028
37431, 3026
134747, 3026
53562, 3025
21278, 3016
48581, 3010
135249, 3010
224963, 3009
262557, 3009
291602, 3001
216480, 2998
105626, 2997
106242, 2997
181177, 2997
218144, 2997
62714, 2996
118479, 2996
259192, 2996
70231, 2995
124359, 2995
141912, 2994
168088, 2994
251836, 2993
159449, 2992
115088, 2991
197446, 2991
264646, 2991
99130, 2989
113338, 2989
119515, 2989
273337, 2989
145821, 2988
284063, 2988
124631, 2984
143965, 2983
182059, 2983
281326, 2982
65708, 2981
40526, 2979
148010, 2979
239141, 2977
66822, 2975
25914, 2974
98353, 2974
119516, 2974
210969, 2973
220362, 2973
225651, 2973
227929, 2973
228639, 2973
243258, 2973
247419, 2973
12420, 2972
18318, 2972
54673, 2972
57837, 2972
166877, 2972
77719, 2968
119236, 2967
234653, 2967
160765, 2965
200396, 2965
11263, 2960
34419, 2960
38935, 2960
50351, 2958
58859, 2958
259082, 2958
96833, 2957
20884, 2953
28342, 2953
55756, 2953
104796, 2951
92657, 2946
10635, 2941
18986, 2941
39949, 2941
45998, 2941
51171, 2941
53091, 2941
65383, 2941
71978, 2941
96543, 2941
103024, 2941
104150, 2941
110423, 2941
120454, 2941
122677, 2941
125150, 2941
144889, 2941
175695, 2941
226160, 2941
252403, 2941
275932, 2941
183144, 2940
32306, 2934
87283, 2934
250495, 2934
162389, 2928
49789, 2926
55748, 2926
24135, 2924
133014, 2924
143739, 2924
158924, 2924
177944, 2924
237792, 2924
257893, 2924
52111, 2920
63832, 2920
119030, 2920
120249, 2920
185158, 2920
39291, 2919
68000, 2919
133417, 2919
194604, 2919
196526, 2919
220871, 2919
229412, 2919
261810, 2919
291922, 2919
87474, 2916
187000, 2916
34113, 2914
166157, 2914
238031, 2914
237482, 2905
30606, 2904
118836, 2904
175836, 2904
185046, 2904
255330, 2904
19483, 2903
21261, 2903
87621, 2903
111933, 2903
56592, 2894
70653, 2894
87377, 2894
161201, 2894
29078, 2892
75890, 2890
43046, 2886
231044, 2886
25356, 2884
157744, 2884
236223, 2884
248408, 2884
251384, 2884
293924, 2884
26250, 2880
189026, 2880
217030, 2877
51165, 2874
65323, 2874
67679, 2874
73282, 2874
148341, 2874
253095, 2874
281542, 2869
14303, 2865
117538, 2865
134584, 2865
151496, 2865
193302, 2865
197931, 2865
236087, 2865
245269, 2865
249223, 2865
250231, 2865
21696, 2864
72528, 2864
82378, 2864
84897, 2864
85811, 2864
102202, 2864
104208, 2864
114883, 2864
116910, 2864
148897, 2864
156879, 2864
205114, 2864
229294, 2864
248252, 2864
258965, 2864
88048, 2857
107709, 2857
39931, 2855
54252, 2855
186841, 2855
283764, 2855
226601, 2852
64756, 2849
54124, 2847
93600, 2847
185010, 2847
204779, 2847
254266, 2847
257621, 2847
265286, 2847
25599, 2846
42223, 2846
105155, 2846
156154, 2846
168761, 2846
186029, 2846
203647, 2846
62960, 2842
27602, 2837
33207, 2837
135004, 2837
208608, 2837
176013, 2835
32529, 2834
44987, 2834
119292, 2834
197055, 2831
26567, 2828
9160, 2825
183914, 2825
13096, 2823
20066, 2823
23212, 2823
23878, 2823
27771, 2823
46314, 2823
56779, 2823
157533, 2823
50456, 2821
78008, 2821
124466, 2821
145250, 2821
180706, 2821
218428, 2818
79149, 2817
125356, 2813
189594, 2813
217687, 2813
227281, 2813
258841, 2813
296534, 2813
208696, 2807
51540, 2805
155494, 2805
44991, 2803
288019, 2803
100307, 2797
199694, 2797
152001, 2794
117689, 2791
15839, 2788
102651, 2788
118964, 2788
119747, 2788
155503, 2788
184532, 2788
242564, 2788
158433, 2786
223793, 2786
293643, 2786
38253, 2781
43921, 2781
109201, 2781
7766, 2780
35824, 2773
23913, 2769
30047, 2769
116589, 2769
159121, 2769
205884, 2765
115045, 2755
124329, 2755
131750, 2755
165022, 2755
60247, 2747
94164, 2743
150058, 2742
260428, 2742
37587, 2741
47764, 2741
55049, 2741
63822, 2741
64832, 2741
71110, 2741
73106, 2741
75822, 2741
80266, 2741
81375, 2741
83242, 2741
91619, 2741
93455, 2741
107023, 2741
114065, 2741
114142, 2741
114577, 2741
122418, 2741
145949, 2741
153101, 2741
205227, 2741
214519, 2741
242067, 2741
77971, 2734
14285, 2729
39792, 2729
80855, 2729
37307, 2727
113577, 2725
237691, 2725
251138, 2724
260090, 2724
35827, 2723
41555, 2723
55788, 2723
78998, 2723
79690, 2723
159284, 2723
36260, 2722
71680, 2722
102837, 2722
133129, 2722
145066, 2722
202805, 2722
83879, 2720
294206, 2718
38922, 2715
76584, 2715
67594, 2714
94568, 2714
110957, 2714
137390, 2714
139470, 2714
183145, 2711
248542, 2711
250618, 2703
260692, 2703
264598, 2703
12085, 2700
13546, 2697
21248, 2697
110372, 2697
115080, 2697
127842, 2697
130270, 2697
140238, 2697
149149, 2697
155571, 2697
160758, 2697
171582, 2697
232787, 2697
147630, 2690
227080, 2682
183129, 2676
16474, 2673
89953, 2673
138626, 2669
278331, 2663
7357, 2662
13486, 2662
22931, 2650
26412, 2650
33357, 2650
40263, 2650
110808, 2650
119829, 2650
161782, 2650
200822, 2650
213155, 2650
215256, 2650
248531, 2650
51625, 2649
79887, 2649
194034, 2649
262956, 2648
19289, 2645
30246, 2645
54561, 2645
58350, 2645
72256, 2645
77335, 2645
90095, 2645
102657, 2645
107151, 2645
117976, 2645
125188, 2645
128546, 2645
132863, 2645
145403, 2645
152156, 2645
172219, 2645
173068, 2645
175126, 2645
202912, 2645
240754, 2645
246792, 2645
259480, 2645
57575, 2640
45524, 2634
98980, 2634
242182, 2620
146365, 2615
38239, 2610
39661, 2610
40186, 2610
44345, 2610
3734, 2608
180672, 2603
91834, 2595
75451, 2592
216661, 2589
21116, 2584
27693, 2582
113529, 2572
73764, 2566
74532, 2566
91054, 2566
221528, 2566
209280, 2558
43459, 2555
80115, 2555
20327, 2548
28414, 2544
112123, 2544
213440, 2544
216244, 2544
239102, 2542
277020, 2542
184116, 2541
77322, 2540
62619, 2528
111619, 2528
113495, 2528
37850, 2526
96276, 2526
130536, 2526
153839, 2526
159647, 2526
100042, 2519
169484, 2519
176655, 2519
227610, 2519
23095, 2515
47389, 2515
66680, 2515
68948, 2515
69552, 2515
94110, 2515
100076, 2515
133138, 2515
203809, 2515
231424, 2515
235653, 2515
240888, 2515
274310, 2515
38709, 2509
65272, 2509
162974, 2509
228824, 2509
198854, 2502
136256, 2498
197409, 2497
195126, 2480
73080, 2479
105161, 2479
132227, 2479
268241, 2479
97360, 2466
133141, 2466
142839, 2466
31405, 2462
68434, 2462
128535, 2462
36587, 2451
51673, 2451
77263, 2451
43121, 2447
106176, 2447
134123, 2447
176444, 2447
46739, 2443
175304, 2443
252818, 2443
150792, 2442
168841, 2440
199080, 2440
246591, 2436
59040, 2434
137384, 2434
30269, 2432
158944, 2428
176565, 2428
211120, 2428
231426, 2428
14543, 2425
19499, 2425
23359, 2425
48054, 2425
52764, 2425
67369, 2425
95062, 2425
96504, 2425
104732, 2425
108559, 2425
113689, 2425
119035, 2425
121222, 2425
134595, 2425
147582, 2425
170915, 2425
185538, 2425
62972, 2414
103247, 2406
155960, 2406
175571, 2406
198061, 2406
255422, 2406
264382, 2406
281234, 2406
28649, 2403
88365, 2399
145420, 2399
154174, 2399
170812, 2399
190711, 2399
209945, 2399
101013, 2398
45511, 2393
53146, 2393
151507, 2393
202291, 2393
215288, 2383
176852, 2377
190224, 2377
202699, 2377
276832, 2377
211640, 2375
97561, 2354
9482, 2353
23555, 2346
32614, 2346
133896, 2346
207452, 2346
226134, 2346
8477, 2345
11092, 2345
164651, 2345
168182, 2345
174092, 2345
180660, 2345
96653, 2312
134189, 2312
21380, 2305
48865, 2305
142530, 2305
185048, 2295
224049, 2295
241677, 2295
259777, 2295
260661, 2295
83443, 2290
225327, 2279
141591, 2277
200637, 2277
240787, 2277
31458, 2274
187375, 2274
35098, 2273
57638, 2273
132258, 2273
155233, 2273
167791, 2273
177528, 2273
79632, 2272
135781, 2272
153978, 2272
166813, 2272
168529, 2272
216208, 2272
223694, 2272
225291, 2272
249487, 2272
251811, 2272
271708, 2272
285029, 2272
49169, 2265
165596, 2265
265610, 2265
287892, 2254
85058, 2251
155802, 2251
39444, 2250
59728, 2250
93642, 2250
102913, 2250
106428, 2250
109541, 2250
114964, 2250
116105, 2250
117579, 2250
120959, 2250
138039, 2250
143947, 2250
145485, 2250
148009, 2250
150824, 2250
152584, 2250
156140, 2250
164592, 2250
167364, 2250
171531, 2250
175224, 2250
175865, 2250
185987, 2250
190598, 2250
194825, 2250
195395, 2250
196830, 2250
203721, 2250
206326, 2250
212526, 2250
214786, 2250
214840, 2250
218563, 2250
222410, 2250
225925, 2250
230233, 2250
238716, 2250
244802, 2250
246536, 2250
248589, 2250
254949, 2250
255095, 2250
260329, 2250
263562, 2250
265863, 2250
266429, 2250
274939, 2250
276635, 2250
280679, 2250
281771, 2250
282005, 2250
285630, 2250
287602, 2250
268677, 2247
142144, 2244
153195, 2244
168212, 2244
202247, 2244
264995, 2244
270166, 2244
286007, 2244
173814, 2241
186260, 2241
281556, 2241
12465, 2240
29619, 2240
151939, 2240
144034, 2236
177765, 2236
179116, 2236
223202, 2236
224062, 2236
227960, 2236
249461, 2236
255470, 2236
260810, 2236
262039, 2236
266330, 2236
270709, 2236
276149, 2236
285331, 2236
286564, 2236
291342, 2236
294638, 2236
279141, 2235
73244, 2225
46794, 2217
116258, 2214
168528, 2214
181432, 2214
261626, 2214
139734, 2202
173062, 2202
194271, 2202
252234, 2202
292482, 2202
95222, 2198
187108, 2197
248928, 2197
276995, 2197
164331, 2191
267354, 2191
273332, 2191
129323, 2189
124297, 2187
174405, 2187
227255, 2185
267029, 2185
279187, 2185
296296, 2185
39816, 2184
286993, 2178
167567, 2177
21478, 2175
765, 2173
39413, 2173
247042, 2171
284381, 2171
284676, 2171
296323, 2171
232496, 2168
234438, 2167
93764, 2161
207759, 2161
249071, 2161
265379, 2161
267427, 2161
292303, 2161
69265, 2156
130349, 2156
135654, 2156
159575, 2156
181462, 2156
224745, 2156
250440, 2156
50074, 2153
180456, 2146
125367, 2142
135991, 2140
164305, 2140
189626, 2140
211242, 2140
267290, 2140
271999, 2140
62675, 2138
174365, 2136
262873, 2136
128818, 2134
64249, 2133
124300, 2133
264575, 2126
123456, 2125
128003, 2125
138359, 2125
169902, 2125
175094, 2125
198960, 2125
211942, 2125
215707, 2125
219384, 2125
224939, 2125
231939, 2125
251516, 2125
252224, 2125
252512, 2125
254594, 2125
255211, 2125
258296, 2125
258824, 2125
271392, 2125
276155, 2125
278995, 2125
280749, 2125
287238, 2125
289433, 2125
290055, 2125
294474, 2125
270518, 2121
29052, 2120
46698, 2120
49790, 2120
71560, 2120
96644, 2120
109104, 2120
137350, 2120
161388, 2120
243666, 2120
91675, 2117
127480, 2117
133698, 2117
166883, 2117
273063, 2116
164163, 2114
108997, 2107
180559, 2103
194478, 2103
192701, 2102
205396, 2102
293422, 2102
200586, 2095
17986, 2094
40705, 2094
188983, 2094
283662, 2094
125216, 2090
140164, 2086
268160, 2086
226322, 2084
287921, 2084
109509, 2083
64205, 2081
99448, 2081
157707, 2081
170957, 2081
184725, 2081
194217, 2081
197102, 2081
236385, 2081
241003, 2081
293609, 2081
251217, 2080
264235, 2080
273617, 2080
285830, 2080
15817, 2078
39423, 2078
53641, 2078
64058, 2078
68721, 2078
70464, 2078
165563, 2078
260225, 2078
266548, 2077
56569, 2076
45651, 2075
140446, 2074
254371, 2074
276270, 2074
291022, 2074
223499, 2072
119064, 2070
133127, 2070
256669, 2070
191640, 2062
10508, 2061
266097, 2060
106960, 2059
177530, 2059
272827, 2057
275384, 2057
54020, 2056
74466, 2056
81328, 2056
142556, 2056
160200, 2056
250681, 2056
266185, 2056
279449, 2056
67656, 2055
126516, 2055
238643, 2054
18074, 2052
52233, 2052
226128, 2051
124647, 2050
127217, 2050
187688, 2050
188525, 2050
280684, 2050
165866, 2049
184130, 2049
190101, 2049
209583, 2049
245689, 2046
5574, 2044
15386, 2044
45684, 2044
51052, 2040
63557, 2040
240762, 2040
286417, 2040
86655, 2039
31976, 2036
186427, 2036
249631, 2036
257549, 2036
15841, 2035
253882, 2035
282271, 2035
288690, 2035
252675, 2032
232578, 2030
242542, 2030
244114, 2030
285316, 2030
149238, 2029
196002, 2029
219701, 2029
267601, 2029
132276, 2028
69968, 2027
185958, 2027
269670, 2027
276666, 2027
19864, 2024
62568, 2023
59132, 2015
218213, 2015
126592, 2012
143031, 2012
206938, 2012
89439, 2006
156510, 2006
221380, 2006
131334, 2005
141861, 2005
158094, 2005
169918, 2005
180072, 2005
215401, 2005
224224, 2005
254783, 2005
286037, 2005
86214, 2004
101513, 2004
125033, 2004
254896, 2003
129118, 2002
181548, 2002
34700, 2001
61418, 1999
110836, 1999
258083, 1999
276673, 1999
16298, 1997
137766, 1993
20619, 1986
268077, 1984
131532, 1982
248122, 1982
25033, 1979
79181, 1979
94581, 1979
137506, 1979
149823, 1979
174896, 1978
259213, 1978
2353, 1976
129673, 1976
152639, 1976
34137, 1972
102497, 1972
44489, 1971
93638, 1964
226548, 1964
256196, 1960
287595, 1958
222075, 1955
246334, 1954
284692, 1954
21368, 1953
236549, 1952
144202, 1950
206175, 1950
211963, 1944
195797, 1936
284212, 1936
46231, 1930
107743, 1930
108121, 1930
62608, 1918
142824, 1917
94726, 1913
171692, 1913
122197, 1907
159117, 1907
85695, 1906
170565, 1906
255106, 1906
151452, 1905
2926, 1904
189531, 1902
251467, 1902
52477, 1892
228865, 1892
251517, 1892
287607, 1891
166887, 1884
94763, 1882
122444, 1879
284486, 1877
108616, 1876
90886, 1875
273275, 1873
238485, 1868
229959, 1863
208848, 1859
37851, 1858
47899, 1858
65539, 1858
76030, 1858
78136, 1858
93072, 1858
93905, 1858
181834, 1858
251439, 1858
287270, 1856
22155, 1855
161623, 1855
262872, 1855
285240, 1855
8281, 1854
63413, 1853
88392, 1853
14126, 1852
244990, 1852
249709, 1852
27495, 1850
202978, 1850
279239, 1847
177428, 1845
155128, 1844
65137, 1843
84532, 1842
229704, 1842
62037, 1837
123766, 1837
161207, 1837
214148, 1837
250293, 1837
157109, 1835
196488, 1835
276655, 1835
116071, 1834
67413, 1833
88901, 1833
124408, 1833
145626, 1833
192901, 1833
88642, 1830
133800, 1830
266986, 1827
282526, 1827
49786, 1826
70575, 1826
245014, 1826
13434, 1825
17973, 1825
55179, 1825
63222, 1825
75074, 1825
200634, 1825
240248, 1825
280991, 1825
16834, 1824
68665, 1824
99970, 1824
163364, 1824
232489, 1824
246094, 1824
272021, 1824
50727, 1817
226774, 1814
62897, 1805
145290, 1805
151948, 1805
176582, 1805
2648, 1804
111557, 1804
197650, 1803
30107, 1801
67512, 1801
104664, 1801
217486, 1801
216549, 1799
178520, 1795
206715, 1795
245043, 1793
276179, 1793
281863, 1793
142976, 1790
185006, 1788
250327, 1788
126418, 1784
239594, 1784
94008, 1783
88384, 1782
48958, 1779
254113, 1775
143893, 1774
216036, 1773
204997, 1769
239922, 1769
239836, 1765
251419, 1765
133914, 1764
132633, 1761
103980, 1758
53553, 1754
58058, 1754
65694, 1754
94196, 1754
142600, 1754
252958, 1749
138438, 1744
156234, 1744
261972, 1744
37957, 1739
274850, 1737
111554, 1736
98400, 1735
56009, 1733
249244, 1733
36212, 1732
153264, 1732
205098, 1732
221756, 1732
232580, 1732
239342, 1732
244276, 1732
291136, 1732
16450, 1729
182961, 1729
272757, 1729
289686, 1729
282467, 1725
49851, 1722
168106, 1719
202459, 1719
31051, 1717
57564, 1717
96462, 1714
4580, 1712
24258, 1712
78207, 1712
84332, 1712
282319, 1711
53636, 1709
225275, 1709
66498, 1704
136056, 1704
193096, 1691
271758, 1691
42248, 1685
26882, 1683
189579, 1682
9373, 1679
256733, 1679
185959, 1676
405, 1675
216884, 1675
86601, 1668
155092, 1668
6735, 1663
296418, 1663
42669, 1661
235874, 1660
27961, 1659
194197, 1658
185913, 1656
192360, 1656
267736, 1653
271015, 1653
8022, 1651
8957, 1651
158539, 1648
276630, 1648
194025, 1646
114736, 1645
154815, 1643
160923, 1643
183233, 1643
187527, 1643
202715, 1643
203430, 1643
209397, 1643
222843, 1643
242153, 1643
248885, 1643
250359, 1643
287541, 1643
59401, 1639
180122, 1638
12647, 1635
213689, 1635
1956, 1633
56911, 1632
114756, 1632
236765, 1629
36435, 1627
59486, 1624
97943, 1624
127952, 1624
276309, 1624
295235, 1624
212306, 1623
232294, 1622
230387, 1621
10728, 1620
85657, 1620
143881, 1620
283522, 1620
289104, 1620
164025, 1617
238163, 1617
25822, 1616
255284, 1616
27103, 1615
225510, 1615
295313, 1615
21438, 1613
100062, 1611
79979, 1609
89698, 1609
206285, 1609
207046, 1609
215259, 1609
220390, 1609
241442, 1609
253889, 1609
255249, 1609
260003, 1609
269401, 1609
290216, 1609
253620, 1607
274638, 1607
61805, 1600
94476, 1599
121554, 1599
260455, 1599
294218, 1599
31753, 1598
163888, 1595
215147, 1595
28108, 1594
76868, 1594
141311, 1594
192752, 1594
281116, 1594
19003, 1592
81079, 1592
118875, 1592
189455, 1592
222330, 1592
289403, 1592
13262, 1588
273391, 1588
49174, 1586
48972, 1585
271983, 1580
181227, 1579
36693, 1578
124765, 1577
12023, 1576
12942, 1576
23568, 1576
28964, 1576
32636, 1576
40565, 1576
46128, 1576
59539, 1576
73326, 1576
83973, 1576
137420, 1576
180526, 1576
2413, 1575
284868, 1572
132631, 1571
206746, 1570
279548, 1569
5650, 1568
31103, 1568
53728, 1568
101438, 1568
180065, 1568
262027, 1567
6567, 1565
244190, 1562
43589, 1561
86058, 1559
102017, 1559
107452, 1559
145678, 1559
147225, 1559
149139, 1559
218166, 1559
231924, 1559
251106, 1559
253633, 1559
264233, 1559
273409, 1559
274334, 1559
291689, 1559
292176, 1559
296122, 1559
118485, 1556
133721, 1556
175239, 1556
198070, 1556
204886, 1556
210706, 1556
242203, 1556
243323, 1556
256269, 1556
256408, 1556
102592, 1555
255244, 1555
117424, 1553
37034, 1545
121716, 1545
258700, 1542
237931, 1541
240034, 1541
50981, 1538
77737, 1538
75498, 1535
63080, 1531
193075, 1528
218151, 1527
20498, 1526
143074, 1521
230407, 1520
7210, 1517
143569, 1517
278211, 1516
238827, 1515
38014, 1513
103408, 1513
32981, 1511
31288, 1510
55986, 1510
61630, 1510
66732, 1510
90052, 1510
90299, 1510
102111, 1510
122386, 1510
131820, 1510
149498, 1510
166834, 1510
168906, 1510
181647, 1510
184701, 1510
190217, 1510
211590, 1510
231070, 1510
241286, 1510
262514, 1510
275646, 1510
276745, 1510
60345, 1508
230151, 1508
250941, 1508
268785, 1508
21563, 1506
98713, 1505
285134, 1503
88032, 1501
10065, 1500
54854, 1498
59029, 1498
69470, 1498
144356, 1498
92581, 1497
6904, 1496
133655, 1496
265306, 1495
91831, 1494
145257, 1494
203009, 1494
242139, 1494
143706, 1491
226553, 1491
129965, 1490
253602, 1490
258942, 1490
202173, 1489
225649, 1489
246852, 1489
61712, 1486
151424, 1486
40388, 1483
104406, 1483
142610, 1483
233229, 1483
274405, 1482
237088, 1480
250722, 1480
258040, 1480
272989, 1480
290876, 1480
242122, 1479
174299, 1478
73053, 1476
63761, 1472
283136, 1472
28781, 1468
120442, 1468
253211, 1468
260917, 1468
276090, 1467
109743, 1466
266927, 1466
17563, 1465
78747, 1465
93987, 1465
112410, 1465
41199, 1464
61416, 1464
108775, 1464
146528, 1464
149896, 1464
160219, 1464
231556, 1464
8386, 1462
125044, 1462
187924, 1462
115415, 1461
288930, 1461
41789, 1460
137264, 1459
140394, 1459
259720, 1459
289542, 1459
82493, 1457
106789, 1455
149466, 1455
190472, 1455
285210, 1455
22922, 1454
96083, 1454
102733, 1454
172871, 1453
61438, 1450
287829, 1450
288172, 1450
18215, 1449
98848, 1449
89218, 1448
193520, 1448
205755, 1448
233188, 1448
24818, 1446
213848, 1446
39655, 1445
55355, 1445
80463, 1445
81436, 1445
98570, 1445
110925, 1445
154605, 1445
179553, 1445
219138, 1445
65071, 1444
86040, 1444
125569, 1444
208113, 1444
242795, 1444
255053, 1444
258470, 1444
86748, 1443
121568, 1443
137563, 1443
186878, 1443
196041, 1443
252401, 1443
254766, 1443
259090, 1443
276788, 1443
279872, 1443
279998, 1443
292447, 1443
154852, 1442
186118, 1442
17070, 1441
185942, 1441
333, 1439
254804, 1439
160184, 1437
2115, 1436
21098, 1436
160240, 1436
235745, 1436
67886, 1434
52527, 1433
72483, 1433
125777, 1433
262272, 1433
272681, 1433
290351, 1433
290537, 1433
126670, 1431
133903, 1431
182301, 1431
227129, 1431
261609, 1431
280185, 1431
286074, 1431
158614, 1429
185668, 1429
15321, 1428
32527, 1428
160839, 1428
3845, 1427
47604, 1426
198722, 1426
22594, 1425
178002, 1423
239188, 1423
117217, 1422
205831, 1422
224857, 1422
253681, 1422
267188, 1422
279142, 1422
282520, 1422
284332, 1422
296256, 1422
54657, 1420
70270, 1420
76282, 1420
166782, 1420
238097, 1420
261716, 1419
151740, 1418
8075, 1417
46954, 1417
183030, 1417
255781, 1417
63694, 1416
77637, 1416
79369, 1416
140110, 1416
161468, 1416
216578, 1416
233994, 1416
255925, 1416
283381, 1416
202282, 1415
66382, 1414
111173, 1414
111462, 1414
126474, 1414
130577, 1414
163937, 1414
179727, 1414
212856, 1414
223195, 1414
283800, 1414
29279, 1413
42160, 1413
47521, 1413
69068, 1413
115402, 1413
135705, 1413
223810, 1413
33133, 1412
239212, 1412
21298, 1411
76644, 1411
139414, 1411
167870, 1411
240777, 1411
265769, 1411
98837, 1410
151766, 1410
280148, 1410
105775, 1409
221002, 1409
13671, 1407
88042, 1407
88279, 1407
165759, 1407
71752, 1406
106739, 1406
113974, 1406
178936, 1406
57028, 1405
126740, 1405
157259, 1405
27048, 1404
28484, 1404
37274, 1404
135400, 1404
180487, 1404
208261, 1404
249594, 1404
281692, 1404
22038, 1403
94495, 1403
123857, 1403
143388, 1403
34451, 1401
50365, 1401
74908, 1401
85739, 1401
100640, 1401
148032, 1401
151795, 1401
187456, 1401
288660, 1401
282146, 1400
31649, 1399
119147, 1399
286754, 1399
23797, 1398
107389, 1398
258846, 1398
261516, 1398
292382, 1398
67822, 1397
136316, 1397
137361, 1397
145271, 1397
165320, 1397
172538, 1397
241127, 1397
280888, 1397
282733, 1397
101270, 1396
144788, 1395
227285, 1394
234037, 1394
180631, 1393
186127, 1393
190835, 1393
191692, 1393
198700, 1393
266559, 1393
281897, 1393
43521, 1392
55109, 1392
75835, 1392
235793, 1392
87682, 1390
187903, 1390
221276, 1390
284773, 1390
83315, 1389
183428, 1389
250358, 1389
22791, 1388
65314, 1388
246910, 1388
251859, 1388
278652, 1388
20399, 1387
64735, 1387
71125, 1387
122612, 1387
128296, 1387
143758, 1387
274786, 1387
23731, 1386
46985, 1386
136462, 1386
153970, 1386
170340, 1386
196415, 1386
288185, 1386
30723, 1385
42361, 1385
87224, 1385
98087, 1385
102774, 1385
132484, 1385
212868, 1385
266449, 1385
89944, 1384
149028, 1384
150357, 1384
191362, 1384
194595, 1384
255831, 1384
257561, 1384
279389, 1384
294721, 1384
47572, 1383
107562, 1383
127831, 1383
147855, 1383
152701, 1383
154856, 1383
181036, 1383
182986, 1383
206742, 1383
246449, 1383
275497, 1383
54795, 1382
61002, 1382
106713, 1382
141478, 1382
162366, 1382
170448, 1382
213127, 1382
217303, 1382
233870, 1382
236295, 1382
244840, 1382
252437, 1382
265819, 1382
268334, 1382
280321, 1382
291267, 1382
201125, 1381
248784, 1381
269989, 1381
2540, 1380
3035, 1380
198156, 1380
85826, 1379
149868, 1379
190350, 1379
270676, 1379
228397, 1376
61602, 1375
173720, 1375
68382, 1374
204737, 1374
25473, 1373
128133, 1373
131593, 1373
131693, 1373
135617, 1373
190670, 1373
207725, 1373
226221, 1373
239020, 1373
271331, 1373
25201, 1372
42907, 1372
58457, 1372
77249, 1372
103528, 1372
129908, 1372
157824, 1372
164681, 1372
17828, 1371
18290, 1371
24206, 1371
27927, 1371
32920, 1371
55916, 1371
56862, 1371
60959, 1371
65123, 1371
231333, 1371
250022, 1371
281282, 1371
10645, 1370
35684, 1370
37177, 1370
81493, 1370
138120, 1370
162515, 1370
185947, 1370
263195, 1370
43665, 1369
47080, 1369
65275, 1369
76117, 1369
110790, 1369
123828, 1369
127663, 1369
128626, 1369
131150, 1369
147063, 1369
147831, 1369
182029, 1369
194711, 1369
235907, 1369
238280, 1369
251706, 1369
254851, 1369
265419, 1369
270723, 1369
275382, 1369
26261, 1368
200502, 1368
46451, 1367
48477, 1367
79220, 1367
101244, 1367
157220, 1367
185000, 1367
51569, 1366
62932, 1366
129372, 1366
184250, 1366
19860, 1365
25551, 1365
56378, 1365
73353, 1365
75244, 1365
127337, 1365
185116, 1365
35054, 1364
70055, 1364
84314, 1364
102339, 1364
108346, 1364
109347, 1364
130901, 1364
134724, 1364
142549, 1364
145843, 1364
158235, 1364
174530, 1364
176095, 1364
225799, 1364
260371, 1364
260921, 1364
279747, 1364
292104, 1364
60776, 1363
62128, 1363
63043, 1363
71694, 1363
117674, 1363
193396, 1363
222179, 1363
2918, 1362
26525, 1362
47624, 1362
64886, 1362
82935, 1362
99774, 1362
113184, 1362
131174, 1362
136396, 1362
139224, 1362
225683, 1362
229179, 1362
82316, 1361
97162, 1361
166116, 1361
175229, 1361
277367, 1361
23608, 1360
40870, 1360
49021, 1360
168949, 1360
189887, 1360
69838, 1359
180843, 1359
225748, 1359
8882, 1358
12911, 1358
17639, 1358
22946, 1358
23543, 1358
23831, 1358
37808, 1358
45981, 1358
47922, 1358
110129, 1358
128932, 1358
129597, 1358
133753, 1358
193008, 1358
207274, 1358
209889, 1358
213576, 1358
214287, 1358
234824, 1358
249083, 1358
287155, 1358
293808, 1358
144946, 1356
150444, 1356
286922, 1356
13377, 1355
84844, 1355
207687, 1355
265046, 1355
40875, 1354
70571, 1354
184091, 1354
217421, 1354
227111, 1354
249696, 1354
22240, 1353
24315, 1353
32427, 1353
44057, 1353
72815, 1353
226577, 1353
43279, 1352
53417, 1352
119881, 1352
147484, 1352
167361, 1352
189530, 1352
253330, 1352
277544, 1352
54120, 1351
87165, 1351
96969, 1351
154994, 1351
205915, 1351
22184, 1350
76759, 1350
279898, 1350
288559, 1350
62326, 1349
72272, 1349
78692, 1349
84515, 1349
101018, 1349
132994, 1349
145733, 1349
150674, 1349
168453, 1349
179786, 1349
190190, 1349
193415, 1349
210253, 1349
227158, 1349
243557, 1349
256604, 1349
283668, 1349
287856, 1349
288997, 1349
295615, 1349
9900, 1348
36659, 1348
38059, 1348
41650, 1348
57367, 1348
74333, 1348
84783, 1348
106686, 1348
115735, 1348
163975, 1348
171711, 1348
176814, 1348
182358, 1348
247049, 1348
283292, 1348
244949, 1346
26259, 1345
29327, 1345
203135, 1345
212806, 1345
25235, 1344
56034, 1344
66909, 1344
224060, 1344
57338, 1343
78031, 1343
95844, 1343
96324, 1343
106650, 1343
142499, 1343
152522, 1343
167502, 1343
184661, 1343
229619, 1343
231860, 1343
235634, 1343
28146, 1342
47039, 1342
49244, 1342
261675, 1342
9185, 1341
21545, 1341
24418, 1341
50429, 1341
64744, 1341
98882, 1341
99632, 1341
101096, 1341
205733, 1341
248227, 1341
258093, 1341
6225, 1340
42009, 1340
127024, 1340
136488, 1340
247423, 1340
4040, 1339
34983, 1339
87273, 1339
110763, 1339
168919, 1339
179396, 1339
49035, 1338
196182, 1338
295557, 1338
206189, 1337
281797, 1337
99529, 1336
100413, 1336
165336, 1336
68074, 1335
124725, 1335
261301, 1335
291549, 1335
18912, 1334
22011, 1334
147259, 1334
106924, 1333
114573, 1333
215503, 1333
235146, 1333
240331, 1333
82720, 1331
84142, 1331
237703, 1331
282183, 1331
286635, 1331
291097, 1331
211707, 1329
24939, 1328
47414, 1328
104051, 1328
113728, 1328
123841, 1328
171382, 1328
46563, 1326
67479, 1326
246642, 1326
261773, 1326
48828, 1325
80409, 1325
24731, 1324
97701, 1324
119793, 1324
143441, 1324
156470, 1324
170678, 1324
247870, 1324
256791, 1324
59045, 1323
98596, 1323
164411, 1323
199713, 1323
204503, 1323
216351, 1323
220876, 1323
235361, 1323
247530, 1323
267758, 1323
269125, 1323
277932, 1323
278674, 1323
3899, 1322
32093, 1322
107257, 1322
111336, 1322
117475, 1322
193766, 1322
79009, 1321
121804, 1321
146934, 1321
196535, 1321
217051, 1321
218070, 1321
292395, 1321
163299, 1320
110505, 1319
31795, 1318
71058, 1318
117236, 1318
150290, 1318
156652, 1318
189676, 1318
219291, 1318
231201, 1318
272483, 1318
65385, 1317
100049, 1317
123046, 1317
149669, 1317
265068, 1317
274858, 1317
16991, 1316
32308, 1316
39875, 1316
62380, 1316
78247, 1316
262160, 1316
40489, 1315
63745, 1314
162432, 1314
239491, 1314
41163, 1312
109691, 1312
170654, 1312
194980, 1312
10290, 1310
21221, 1310
46255, 1310
68866, 1310
140325, 1310
179358, 1310
222850, 1310
33116, 1309
152062, 1309
281541, 1309
13228, 1308
48356, 1308
79317, 1308
93726, 1308
154469, 1308
156682, 1308
6848, 1307
43676, 1305
74803, 1305
126388, 1305
178688, 1305
17035, 1303
23532, 1303
82030, 1303
90103, 1303
209430, 1303
217727, 1303
251888, 1303
23929, 1302
220475, 1302
39090, 1301
66042, 1300
179009, 1300
254852, 1300
4455, 1299
5209, 1299
15200, 1299
22323, 1299
31723, 1299
35295, 1299
37926, 1299
56104, 1299
64409, 1299
85555, 1299
86237, 1299
105885, 1299
123691, 1299
171153, 1299
171229, 1299
243782, 1299
277537, 1299
277650, 1299
19649, 1298
124919, 1298
171346, 1298
188944, 1298
86016, 1297
117683, 1297
157865, 1297
286223, 1297
46161, 1296
49072, 1296
75589, 1296
86496, 1296
160746, 1296
167148, 1296
276156, 1296
28514, 1295
55640, 1295
107740, 1295
144659, 1295
230134, 1295
11834, 1294
30435, 1294
47247, 1294
145374, 1294
211074, 1294
292276, 1294
46907, 1293
63749, 1293
100241, 1293
172898, 1293
176879, 1293
217425, 1293
222980, 1293
283128, 1293
13433, 1292
182875, 1292
281545, 1292
897, 1291
88924, 1291
126163, 1291
202496, 1291
255440, 1291
23096, 1290
77767, 1290
110015, 1290
270985, 1290
658, 1289
1516, 1289
11465, 1289
25521, 1289
26522, 1289
27037, 1289
40504, 1289
40662, 1289
45219, 1289
49404, 1289
54685, 1289
55798, 1289
56306, 1289
56332, 1289
62137, 1289
62343, 1289
67315, 1289
75442, 1289
79446, 1289
84371, 1289
85643, 1289
85881, 1289
96252, 1289
97567, 1289
107358, 1289
109339, 1289
115911, 1289
118466, 1289
119287, 1289
126095, 1289
130686, 1289
131114, 1289
138093, 1289
138499, 1289
139701, 1289
140962, 1289
149800, 1289
154047, 1289
156387, 1289
159857, 1289
169745, 1289
177367, 1289
178083, 1289
179080, 1289
187053, 1289
190382, 1289
194063, 1289
195966, 1289
198717, 1289
201854, 1289
203407, 1289
203673, 1289
204148, 1289
208424, 1289
209104, 1289
212911, 1289
213818, 1289
214923, 1289
218737, 1289
226970, 1289
227737, 1289
241862, 1289
243513, 1289
252505, 1289
255294, 1289
257684, 1289
258922, 1289
260929, 1289
261391, 1289
267391, 1289
269966, 1289
274820, 1289
275988, 1289
277784, 1289
278143, 1289
279012, 1289
282567, 1289
80444, 1288
108171, 1288
110756, 1288
215590, 1288
250515, 1288
47429, 1287
57873, 1287
58412, 1287
78518, 1287
104195, 1287
210128, 1287
232164, 1286
262221, 1286
30570, 1285
106160, 1285
197329, 1285
227328, 1285
266430, 1285
272526, 1285
275404, 1285
275561, 1285
123332, 1284
200641, 1284
259595, 1284
31022, 1283
53106, 1283
103621, 1283
111771, 1283
131476, 1283
132804, 1283
164923, 1283
31486, 1281
144331, 1281
290620, 1281
50520, 1280
63851, 1280
95331, 1280
132628, 1280
134648, 1280
269524, 1280
17711, 1279
27358, 1279
87418, 1279
133638, 1279
150249, 1279
156557, 1279
182174, 1279
189435, 1279
196738, 1279
214440, 1279
222839, 1279
251765, 1279
262157, 1279
263170, 1279
18138, 1278
129161, 1278
211909, 1278
218190, 1278
261584, 1278
54882, 1277
57147, 1277
78675, 1277
114794, 1277
129603, 1277
140801, 1277
181835, 1277
266978, 1277
17614, 1276
43511, 1276
65622, 1276
92940, 1276
95055, 1276
98862, 1276
125107, 1276
142287, 1276
157961, 1276
158484, 1276
184285, 1276
187401, 1276
189622, 1276
240886, 1276
254617, 1276
256815, 1276
291387, 1276
216076, 1275
265058, 1275
78902, 1274
89974, 1274
127283, 1274
131407, 1274
166445, 1274
250199, 1274
246005, 1273
15144, 1272
45039, 1272
64574, 1272
126292, 1272
126546, 1272
164617, 1272
278330, 1271
3818, 1270
4210, 1270
19451, 1270
86865, 1270
114256, 1270
263141, 1270
286180, 1270
122199, 1269
148304, 1269
203628, 1269
3347, 1268
25125, 1268
60567, 1268
73590, 1268
86881, 1268
96064, 1268
128280, 1268
283970, 1268
132811, 1267
179214, 1267
181733, 1267
5442, 1266
9211, 1266
210997, 1266
246460, 1266
42729, 1265
77545, 1265
104635, 1265
203133, 1265
69661, 1264
142616, 1264
200519, 1264
244786, 1264
292610, 1264
56955, 1263
130356, 1262
10481, 1261
49215, 1261
38135, 1259
236739, 1259
107986, 1258
168846, 1258
184984, 1258
7617, 1257
95613, 1257
227583, 1257
42182, 1256
63410, 1256
139499, 1256
184448, 1256
225846, 1256
287889, 1256
2257, 1255
28897, 1255
49033, 1255
64084, 1255
149022, 1255
164425, 1255
208642, 1255
214258, 1255
240682, 1255
17332, 1254
121914, 1254
253835, 1254
296420, 1254
46442, 1253
51228, 1253
71242, 1253
85214, 1253
107825, 1253
128271, 1253
133071, 1253
5952, 1251
13189, 1251
101148, 1251
113342, 1251
86540, 1250
212160, 1249
67745, 1248
15673, 1247
62177, 1247
71976, 1246
122509, 1246
123070, 1246
139889, 1246
257052, 1246
263580, 1246
267403, 1246
47840, 1245
58881, 1244
74285, 1244
76571, 1244
82369, 1244
84808, 1244
89603, 1244
94355, 1244
97718, 1244
37018, 1243
41633, 1243
45726, 1243
196967, 1243
253487, 1243
43414, 1242
108819, 1242
130759, 1242
167204, 1242
250513, 1242
274908, 1242
88480, 1241
160576, 1241
283424, 1241
54585, 1240
88075, 1240
252668, 1240
57616, 1239
225905, 1239
8619, 1236
139649, 1235
170335, 1235
19092, 1234
21962, 1234
54602, 1234
92649, 1234
111552, 1234
118727, 1234
33410, 1233
47823, 1233
75100, 1233
122462, 1233
128840, 1233
157105, 1233
218284, 1233
228778, 1233
246430, 1233
41390, 1232
104154, 1232
222020, 1232
197275, 1231
16528, 1230
42839, 1230
52065, 1230
54834, 1230
60317, 1230
75319, 1230
104813, 1230
111121, 1230
146991, 1230
188304, 1230
224822, 1230
77206, 1229
44148, 1228
45331, 1228
107019, 1228
163406, 1227
219724, 1227
228781, 1227
22112, 1225
29888, 1225
55411, 1225
111528, 1225
214420, 1225
37594, 1224
191177, 1224
41036, 1223
65929, 1223
153565, 1223
200862, 1223
262222, 1223
219437, 1222
289088, 1222
3876, 1221
25384, 1221
40684, 1221
45925, 1221
101046, 1221
223747, 1221
278435, 1221
64343, 1220
78003, 1220
251349, 1220
34778, 1219
47464, 1219
117320, 1219
148121, 1219
209067, 1219
236866, 1219
271760, 1219
8449, 1218
23260, 1218
23519, 1218
89895, 1218
63512, 1217
174445, 1217
204126, 1217
5669, 1216
14011, 1216
262369, 1216
71939, 1215
82719, 1215
95460, 1215
128636, 1215
159187, 1215
4518, 1214
23942, 1214
229375, 1214
12676, 1213
17737, 1213
44044, 1213
54780, 1213
86424, 1213
104850, 1213
174005, 1213
210103, 1213
217794, 1213
278147, 1213
280860, 1213
283028, 1213
87171, 1212
246395, 1212
276497, 1212
3915, 1211
52032, 1211
80791, 1211
159103, 1211
231452, 1211
250834, 1211
292940, 1211
7867, 1210
45595, 1210
94100, 1210
169649, 1210
282055, 1210
212470, 1209
13738, 1208
38272, 1208
266340, 1208
64780, 1207
145471, 1207
81409, 1206
118653, 1206
179667, 1206
182909, 1206
240594, 1206
295050, 1206
60326, 1205
136558, 1205
148333, 1205
270502, 1205
227159, 1203
228775, 1203
250410, 1203
253205, 1203
45229, 1202
47801, 1202
69562, 1202
181358, 1202
286905, 1202
242323, 1200
8323, 1199
45353, 1199
10263, 1198
151675, 1198
206480, 1198
237245, 1198
256216, 1198
273273, 1198
292770, 1197
12487, 1196
138792, 1196
165615, 1196
203040, 1196
66616, 1195
92786, 1195
22817, 1193
260182, 1193
283469, 1193
15081, 1192
32706, 1192
41250, 1192
54025, 1192
7441, 1191
12846, 1191
17160, 1191
33683, 1191
40431, 1191
147075, 1191
147137, 1191
162375, 1191
168664, 1191
222900, 1191
238249, 1191
244600, 1191
247469, 1191
250673, 1191
259149, 1191
280371, 1191
281725, 1191
20578, 1190
80316, 1189
199596, 1189
200234, 1189
55076, 1188
166002, 1188
104049, 1187
27161, 1186
160217, 1186
168320, 1186
237502, 1186
257699, 1186
67844, 1185
113688, 1185
122394, 1184
136989, 1183
170102, 1183
20504, 1182
28254, 1182
228971, 1181
54709, 1180
106773, 1180
133153, 1180
172945, 1180
269257, 1180
249072, 1179
251723, 1179
226709, 1178
140268, 1177
192866, 1177
95960, 1176
28041, 1174
72397, 1174
74030, 1174
126296, 1174
205244, 1174
272524, 1174
295923, 1174
165129, 1173
10626, 1171
191558, 1171
293704, 1171
3050, 1168
6511, 1168
13238, 1168
29935, 1168
40232, 1168
40865, 1168
66139, 1168
67655, 1168
219226, 1168
223066, 1168
273067, 1168
27986, 1167
77877, 1167
83883, 1167
29085, 1165
38120, 1165
48449, 1165
58686, 1165
77504, 1165
131567, 1165
140372, 1165
236558, 1165
236964, 1164
1959, 1162
21229, 1162
52442, 1162
74964, 1162
75353, 1162
78607, 1162
86700, 1162
88781, 1162
93290, 1162
105475, 1162
105554, 1162
119613, 1162
148800, 1162
166426, 1162
215678, 1162
229558, 1162
232788, 1162
12510, 1161
91220, 1161
114692, 1161
137945, 1161
280705, 1161
171306, 1160
196608, 1160
288904, 1160
211892, 1159
246451, 1159
21949, 1158
249189, 1158
282125, 1158
25378, 1157
20576, 1155
58629, 1155
13896, 1154
27261, 1154
41327, 1154
57399, 1154
57861, 1154
72471, 1154
117841, 1154
224922, 1154
237262, 1154
287983, 1154
142652, 1153
286940, 1153
3863, 1151
11434, 1151
23857, 1151
43593, 1151
130276, 1151
179805, 1151
203960, 1151
75512, 1150
78201, 1150
94193, 1150
107466, 1150
115285, 1150
165231, 1150
225486, 1150
188811, 1149
271338, 1149
5780, 1148
12729, 1148
64359, 1148
80719, 1148
218181, 1148
53544, 1146
112935, 1145
147962, 1145
153344, 1145
176738, 1145
181147, 1145
23269, 1144
64504, 1144
83475, 1144
92285, 1144
96948, 1144
98428, 1144
152571, 1144
18873, 1143
62322, 1142
210172, 1142
25315, 1141
39096, 1141
81816, 1141
286201, 1141
292612, 1141
85110, 1140
142696, 1140
202066, 1140
224116, 1140
6853, 1138
35367, 1138
101469, 1138
134872, 1137
140229, 1137
275396, 1137
236774, 1136
164479, 1135
1325, 1134
24699, 1134
96989, 1134
101663, 1133
122453, 1133
138593, 1133
182335, 1133
7759, 1132
100456, 1130
261183, 1130
275672, 1130
203071, 1129
208483, 1129
140855, 1128
31088, 1126
35937, 1125
45541, 1125
85497, 1125
245572, 1125
257510, 1125
181829, 1123
155411, 1122
161636, 1122
84486, 1121
97238, 1121
106732, 1119
164809, 1119
181394, 1119
251364, 1119
256551, 1119
280957, 1119
283005, 1119
10872, 1118
23351, 1118
49082, 1118
61480, 1118
95246, 1118
101962, 1118
109665, 1118
112583, 1118
114058, 1118
121240, 1118
154018, 1118
160348, 1118
161840, 1118
172889, 1118
175228, 1118
177029, 1118
178814, 1118
183339, 1118
189497, 1118
251739, 1118
273382, 1118
292217, 1118
88270, 1117
236646, 1117
263917, 1117
20552, 1116
232628, 1114
286450, 1114
61895, 1113
63626, 1113
112532, 1113
22581, 1111
260637, 1111
247365, 1110
166922, 1109
247876, 1108
255670, 1108
78645, 1107
121929, 1106
213961, 1106
40735, 1105
52841, 1104
54462, 1104
60350, 1104
96801, 1104
206593, 1104
224016, 1104
7034, 1103
7676, 1103
24274, 1103
55069, 1103
63228, 1103
64268, 1103
18568, 1102
32849, 1102
187917, 1102
280252, 1102
104073, 1101
181222, 1101
40458, 1100
61015, 1100
121377, 1100
58106, 1099
11831, 1098
21326, 1098
99347, 1098
289474, 1098
169599, 1097
51846, 1096
46394, 1093
219853, 1093
288676, 1093
28137, 1092
49904, 1092
105004, 1092
159415, 1092
292793, 1092
295340, 1091
19266, 1090
55771, 1090
108427, 1090
180459, 1090
230493, 1090
48779, 1089
50380, 1089
247183, 1088
10759, 1087
54761, 1087
92099, 1087
134429, 1087
262592, 1087
282383, 1086
16156, 1085
213273, 1084
120234, 1083
161231, 1083
109606, 1082
13557, 1081
68212, 1081
78786, 1081
93501, 1081
98211, 1081
144266, 1081
164784, 1081
178988, 1081
277715, 1081
289404, 1081
34881, 1080
107527, 1080
7422, 1079
80618, 1079
153527, 1079
28011, 1078
43347, 1078
154501, 1078
208542, 1078
20427, 1077
21346, 1077
114102, 1077
260344, 1077
293023, 1077
149573, 1076
163945, 1076
228120, 1076
272654, 1076
192063, 1075
231504, 1075
569, 1074
159820, 1074
177969, 1074
12433, 1073
137116, 1073
178184, 1073
205401, 1073
241580, 1073
255522, 1073
212549, 1071
220042, 1071
146836, 1070
155358, 1070
187102, 1070
215650, 1070
89791, 1068
98691, 1068
211871, 1068
281, 1067
106445, 1067
212341, 1066
219257, 1066
15082, 1065
40656, 1065
51872, 1065
73820, 1065
109918, 1065
116985, 1065
139590, 1065
174544, 1065
204608, 1065
251514, 1065
77712, 1064
223990, 1064
282974, 1063
196004, 1062
253516, 1059
268738, 1059
46237, 1058
21035, 1057
67382, 1057
118690, 1057
147214, 1057
154818, 1057
194833, 1057
198533, 1057
206968, 1057
256043, 1057
267323, 1057
282379, 1057
289767, 1057
111570, 1056
115699, 1056
27885, 1055
54239, 1055
247493, 1055
39112, 1054
42715, 1054
76252, 1054
128697, 1054
140353, 1054
160695, 1054
181217, 1054
198705, 1054
202285, 1054
243747, 1054
247186, 1054
10874, 1053
12862, 1053
32894, 1053
109938, 1053
152962, 1053
31085, 1052
164300, 1052
235236, 1052
274942, 1052
281521, 1052
283095, 1052
114923, 1051
160430, 1051
232713, 1051
293458, 1051
100994, 1050
142854, 1050
268457, 1050
483, 1049
31584, 1049
229701, 1047
24872, 1046
56430, 1046
58760, 1046
88439, 1046
93974, 1046
95897, 1046
103555, 1046
107726, 1046
115701, 1046
116488, 1046
127923, 1046
131038, 1046
133133, 1046
136509, 1046
138946, 1046
140431, 1046
141539, 1046
167181, 1046
175214, 1046
195320, 1046
203185, 1046
208754, 1046
218075, 1046
219946, 1046
220197, 1046
225982, 1046
243890, 1046
257435, 1046
267986, 1046
268714, 1046
269564, 1046
272944, 1046
275036, 1046
275340, 1046
279659, 1046
282863, 1046
81576, 1045
85602, 1045
103742, 1045
123135, 1045
153347, 1045
158703, 1045
279114, 1044
222217, 1043
242066, 1043
203760, 1042
50490, 1041
72024, 1041
131852, 1041
159263, 1041
294695, 1041
72039, 1040
143795, 1040
174801, 1039
61968, 1038
89590, 1038
108376, 1038
135808, 1038
151941, 1038
161238, 1038
169241, 1038
171367, 1038
196702, 1038
223320, 1038
227813, 1038
256468, 1038
288238, 1038
9508, 1037
126244, 1037
134318, 1037
161236, 1037
190539, 1037
216654, 1037
275171, 1037
43825, 1036
221554, 1036
246485, 1036
111796, 1035
272166, 1035
3236, 1034
115339, 1034
188003, 1034
244628, 1034
256831, 1034
291159, 1034
39351, 1033
141741, 1033
148614, 1033
197703, 1033
212525, 1033
223419, 1033
21071, 1032
87284, 1032
179565, 1032
8225, 1031
123858, 1031
130325, 1031
165353, 1031
207567, 1031
223533, 1031
255795, 1031
275528, 1031
5109, 1030
39311, 1030
80091, 1030
89328, 1030
126669, 1030
174705, 1030
245048, 1030
262167, 1030
10815, 1029
19456, 1029
34297, 1029
39665, 1029
41086, 1029
89000, 1029
110118, 1029
119956, 1029
122077, 1029
122988, 1029
158816, 1029
167200, 1029
173648, 1029
179169, 1029
197838, 1029
250525, 1029
256146, 1029
263666, 1029
26931, 1028
31444, 1028
57150, 1028
61179, 1028
71613, 1028
87526, 1028
88632, 1028
104072, 1028
113889, 1028
115795, 1028
134110, 1028
141306, 1028
150297, 1028
151278, 1028
163563, 1028
176044, 1028
197406, 1028
200165, 1028
217293, 1028
245680, 1028
246405, 1028
255876, 1028
258087, 1028
269186, 1028
276796, 1028
296103, 1028
1592, 1027
71139, 1027
287478, 1027
4797, 1026
117260, 1026
2051, 1024
143161, 1024
41137, 1023
121701, 1023
160848, 1023
162185, 1023
175060, 1023
199169, 1023
237725, 1023
246820, 1023
26851, 1022
47137, 1022
83841, 1022
96384, 1022
103700, 1022
112255, 1022
121083, 1022
162574, 1022
27, 1021
31790, 1021
66433, 1021
79786, 1021
94165, 1021
143376, 1021
175692, 1021
277110, 1021
8054, 1020
15117, 1020
76046, 1020
157764, 1020
163974, 1020
164846, 1020
15195, 1019
33489, 1019
64741, 1019
72352, 1019
83159, 1019
107885, 1019
119788, 1019
132124, 1019
259458, 1019
271018, 1019
291030, 1019
292227, 1019
295750, 1019
3564, 1018
6073, 1018
18269, 1018
29064, 1018
50644, 1018
53375, 1018
86512, 1018
86662, 1018
163848, 1018
175787, 1018
224185, 1018
291721, 1018
25420, 1017
138034, 1017
154482, 1017
154864, 1017
188486, 1017
232073, 1017
233602, 1017
280247, 1017
246911, 1016
14673, 1015
60908, 1015
132139, 1015
144258, 1015
201314, 1015
201351, 1015
73948, 1014
78094, 1014
152595, 1014
195230, 1014
233751, 1014
255583, 1014
5210, 1013
18040, 1013
128326, 1013
142019, 1013
160538, 1013
278195, 1013
39794, 1012
28532, 1011
69295, 1011
73804, 1011
90370, 1011
99177, 1011
110661, 1011
132440, 1011
179220, 1011
208296, 1011
234208, 1011
291360, 1011
141481, 1010
221742, 1010
242951, 1010
4139, 1009
43107, 1009
83203, 1009
91173, 1009
124029, 1009
142603, 1009
166336, 1009
207790, 1009
254378, 1009
258385, 1009
274265, 1009
57612, 1008
94679, 1008
203155, 1008
52318, 1007
101458, 1007
81144, 1006
239351, 1006
271105, 1006
45391, 1005
49846, 1005
8058, 1004
12156, 1004
14649, 1004
140199, 1004
150985, 1004
191333, 1004
215031, 1004
275832, 1004
278157, 1004
20782, 1003
101734, 1003
107050, 1003
120205, 1003
135590, 1003
169204, 1003
173268, 1003
203767, 1003
225614, 1003
40010, 1002
55170, 1002
81071, 1002
108030, 1002
120846, 1002
214718, 1002
225074, 1002
235156, 1002
268086, 1002
284924, 1002
25804, 1001
45941, 1001
46047, 1001
178050, 1001
178096, 1001
191311, 1001
222166, 1001
274204, 1001
293212, 1001
44908, 1000
87566, 1000
154443, 1000
158847, 1000
172032, 1000
