56187, 63012
59350, 63012
74520, 63012
80323, 63012
80969, 63012
81874, 63012
91856, 63012
92417, 63012
100631, 63012
115666, 63012
152848, 63012
286937, 63012
129462, 62780
101405, 62035
74831, 61274
140100, 61164
77238, 60454
235950, 60454
58794, 60453
61556, 60453
61902, 60453
64184, 60453
77458, 60453
78058, 60453
83964, 60453
85778, 60453
87648, 60453
103807, 60453
135404, 60453
153626, 60453
41648, 59138
92943, 59138
107496, 59138
120810, 59138
223790, 59138
226042, 59138
37360, 59128
46764, 59128
59914, 59128
66420, 59128
67009, 59128
82867, 59128
90595, 59128
108682, 59128
128209, 59128
107563, 58894
180860, 56843
73046, 56625
82331, 56625
84396, 56625
94432, 56625
100496, 56625
101215, 56625
112626, 56625
115921, 56625
140667, 56625
163596, 56625
167408, 56625
258467, 56625
267726, 56625
33731, 56329
46891, 56329
55045, 56329
71728, 56329
78425, 56329
48793, 55484
53992, 55484
63757, 55484
70927, 55484
76335, 55484
77152, 55484
80184, 55484
80478, 55484
88610, 55484
91871, 55484
93538, 55484
95228, 55484
95760, 55484
101226, 55484
101291, 55484
108966, 55484
109709, 55484
114350, 55484
115516, 55484
118260, 55484
128542, 55484
129712, 55484
134390, 55484
135174, 55484
139676, 55484
140210, 55484
140259, 55484
142825, 55484
145928, 55484
149605, 55484
149612, 55484
152112, 55484
153023, 55484
158821, 55484
158975, 55484
167739, 55484
168425, 55484
175517, 55484
179949, 55484
191881, 55484
193549, 55484
214253, 55484
214603, 55484
245779, 55484
292615, 55484
28161, 55108
20235, 54779
29564, 54779
32678, 54779
45515, 54779
59603, 54779
68378, 54779
79906, 54779
87554, 54779
88633, 54779
143486, 54779
123100, 53965
22648, 53574
37590, 53465
74374, 53237
86342, 53237
104331, 53237
118263, 53237
130918, 53237
151909, 53237
178924, 53237
188929, 53237
208510, 53237
220494, 53237
243795, 53237
253558, 53237
86188, 52897
92317, 52897
108584, 52897
116415, 52897
122945, 52897
136963, 52897
137487, 52897
171917, 52897
172377, 52897
179401, 52897
215114, 52897
41389, 52442
58933, 52442
62346, 52442
78443, 52442
82923, 52442
91299, 52442
93114, 52442
94564, 52442
96287, 52442
106048, 52442
108498, 52442
110798, 52442
114190, 52442
115329, 52442
117402, 52442
121623, 52442
123894, 52442
124890, 52442
127804, 52442
130663, 52442
131378, 52442
133384, 52442
137003, 52442
137234, 52442
137753, 52442
141681, 52442
143017, 52442
144061, 52442
147081, 52442
148138, 52442
151164, 52442
153975, 52442
154331, 52442
154821, 52442
156732, 52442
159533, 52442
160857, 52442
164797, 52442
166785, 52442
167857, 52442
168998, 52442
169961, 52442
170432, 52442
173845, 52442
174605, 52442
178183, 52442
178695, 52442
179440, 52442
182789, 52442
183936, 52442
184278, 52442
186310, 52442
186377, 52442
188618, 52442
190827, 52442
197872, 52442
205265, 52442
205442, 52442
207277, 52442
212277, 52442
213575, 52442
217979, 52442
219063, 52442
219067, 52442
221885, 52442
235180, 52442
236120, 52442
242433, 52442
245782, 52442
250258, 52442
252225, 52442
252862, 52442
253392, 52442
257418, 52442
270659, 52442
279442, 52442
280428, 52442
282181, 52442
285771, 52442
288883, 52442
289685, 52442
293636, 52442
294875, 52442
52627, 51568
53926, 51568
105570, 51568
182023, 51568
193022, 51568
199860, 51568
295905, 51568
54536, 50311
63179, 50311
107521, 50311
115409, 50311
117933, 50311
124513, 50311
129367, 50311
129746, 50311
131097, 50311
134986, 50311
137786, 50311
147671, 50311
147850, 50311
149507, 50311
153866, 50311
157844, 50311
165271, 50311
166394, 50311
169231, 50311
169377, 50311
171411, 50311
173854, 50311
174767, 50311
180338, 50311
183551, 50311
185356, 50311
185905, 50311
191667, 50311
193281, 50311
196064, 50311
196270, 50311
198754, 50311
199991, 50311
205742, 50311
209252, 50311
210778, 50311
210894, 50311
216210, 50311
222922, 50311
223379, 50311
225209, 50311
225283, 50311
225402, 50311
225473, 50311
231027, 50311
231889, 50311
234610, 50311
239110, 50311
240389, 50311
240749, 50311
241516, 50311
243311, 50311
244342, 50311
246060, 50311
247377, 50311
249302, 50311
251580, 50311
254057, 50311
258809, 50311
259849, 50311
261222, 50311
262010, 50311
263414, 50311
264546, 50311
271673, 50311
273954, 50311
282151, 50311
291445, 50311
294279, 50311
296592, 50311
97308, 49608
102773, 49608
1780, 49509
35444, 49509
58680, 49509
84859, 49509
92158, 49509
109747, 49509
112762, 49509
121946, 49509
123520, 49509
124812, 49509
128744, 49509
134613, 49509
134866, 49509
145615, 49509
146430, 49509
149440, 49509
149691, 49509
156097, 49509
159569, 49509
167085, 49509
167111, 49509
168397, 49509
172108, 49509
172869, 49509
176463, 49509
180658, 49509
181190, 49509
181528, 49509
185273, 49509
186544, 49509
187081, 49509
189717, 49509
195731, 49509
196623, 49509
197386, 49509
200897, 49509
201696, 49509
203706, 49509
203784, 49509
205145, 49509
207988, 49509
208831, 49509
208876, 49509
211791, 49509
212709, 49509
223842, 49509
226375, 49509
226437, 49509
226625, 49509
226864, 49509
228922, 49509
230084, 49509
230844, 49509
232632, 49509
238785, 49509
238823, 49509
239362, 49509
242602, 49509
246961, 49509
247335, 49509
251047, 49509
256186, 49509
258427, 49509
264854, 49509
265530, 49509
266414, 49509
268249, 49509
269060, 49509
270034, 49509
271816, 49509
276295, 49509
277926, 49509
282517, 49509
285309, 49509
291947, 49509
38000, 46448
94205, 46448
98406, 46448
13796, 44949
66251, 44949
108555, 44949
113906, 44949
145606, 44949
149890, 44949
157285, 44949
178369, 44949
186935, 44949
200535, 44949
202655, 44949
223816, 44949
230767, 44949
231481, 44949
231852, 44949
264720, 44949
272678, 44949
285415, 44949
293330, 44949
234321, 43529
7838, 43129
65379, 43129
79691, 43129
109936, 43129
145313, 43129
115336, 41394
158062, 41394
167069, 41394
175730, 41394
208601, 41394
216923, 41394
261593, 41394
283099, 41394
94676, 40096
120292, 40096
185131, 40096
90939, 40036
95234, 40036
99466, 40036
128694, 40036
144980, 40036
161905, 40036
165603, 40036
186231, 40036
250741, 40036
291408, 40036
13120, 40028
63216, 40028
87918, 40028
111034, 40028
128134, 40028
150866, 40028
160123, 40028
165299, 40028
167013, 40028
174084, 40028
209254, 40028
211275, 40028
212616, 40028
216358, 40028
228326, 40028
228516, 40028
233918, 40028
239261, 40028
246503, 40028
247044, 40028
261061, 40028
263424, 40028
264887, 40028
271521, 40028
291339, 40028
84502, 39177
95954, 39177
140328, 39177
242230, 39177
245954, 39177
9609, 36922
45824, 36922
48662, 36922
53135, 36922
82058, 36922
83477, 36922
88445, 36922
94734, 36922
100629, 36922
103671, 36922
111935, 36922
115320, 36922
116613, 36922
118355, 36922
127575, 36922
148466, 36922
150743, 36922
155484, 36922
172324, 36922
173022, 36922
176630, 36922
179526, 36922
182774, 36922
182943, 36922
185451, 36922
189429, 36922
195051, 36922
200307, 36922
200597, 36922
202809, 36922
206985, 36922
211146, 36922
222223, 36922
222489, 36922
224379, 36922
225930, 36922
241782, 36922
244302, 36922
252066, 36922
255402, 36922
262204, 36922
271742, 36922
271874, 36922
272974, 36922
273462, 36922
285375, 36922
294269, 36922
295167, 36922
295361, 36922
260471, 36093
14989, 32573
48811, 32573
62740, 32573
63426, 32573
82597, 32573
84434, 32573
87800, 32573
89811, 32573
98779, 32573
103643, 32573
111944, 32573
114243, 32573
129009, 32573
137039, 32573
149051, 32573
151406, 32573
152298, 32573
155344, 32573
159042, 32573
161973, 32573
163302, 32573
165411, 32573
168421, 32573
171446, 32573
175495, 32573
177027, 32573
182438, 32573
183923, 32573
186196, 32573
186844, 32573
187235, 32573
188027, 32573
192894, 32573
198794, 32573
201070, 32573
201933, 32573
204964, 32573
211282, 32573
211468, 32573
219193, 32573
227833, 32573
242201, 32573
247051, 32573
252798, 32573
253548, 32573
253579, 32573
277083, 32573
277986, 32573
280000, 32573
287948, 32573
289369, 32573
292837, 32573
293465, 32573
131898, 29124
82875, 28780
187126, 28780
197717, 28780
203613, 28780
242297, 28780
268674, 28780
273808, 28780
138924, 28398
151110, 28398
191579, 28398
195422, 28398
285873, 28398
209817, 27852
239221, 27852
276101, 27852
272480, 27597
81988, 27115
161849, 27115
165894, 27115
168376, 27115
261612, 27115
262857, 27115
193710, 25672
77144, 24436
167327, 24436
178014, 24436
267697, 24436
290862, 24436
8215, 24149
18404, 24149
78296, 24149
104121, 24149
120812, 24149
134218, 24149
143801, 24149
151138, 24149
161669, 24149
165109, 24149
186057, 24149
208303, 24149
223781, 24149
241713, 24149
244241, 24149
249613, 24149
253391, 24149
262168, 24149
270801, 24149
270980, 24149
279536, 24149
282368, 24149
282465, 24149
285449, 24149
285547, 24149
288144, 24149
293803, 24149
294572, 24149
105558, 23205
115071, 23205
142162, 23205
148552, 23205
199746, 23205
206240, 23205
213658, 23205
266130, 23205
267275, 23205
274816, 23205
291461, 23205
90221, 23125
185578, 22116
66615, 21561
79254, 21139
83884, 21139
12168, 20343
19139, 20343
58046, 20343
136021, 20343
142473, 20343
155988, 20343
218262, 20343
226203, 20343
237909, 20343
274957, 20343
278290, 20343
289676, 20343
290473, 20343
205357, 20332
93878, 20105
122906, 20105
144842, 20105
153858, 20105
166187, 20105
169274, 20105
204631, 20105
210101, 20105
219723, 20105
244919, 20105
256957, 20105
260998, 20105
279790, 20105
291019, 20105
222669, 19992
228421, 19992
237359, 19992
241657, 19992
251711, 19992
275389, 19992
58332, 19958
112041, 19958
149684, 19958
30155, 19633
118351, 18526
158140, 18526
235735, 18526
279127, 18526
167087, 18356
195446, 18356
56345, 18229
57673, 18229
77603, 18229
137503, 18229
123441, 17984
142068, 17984
166147, 17984
191856, 17984
202330, 17984
210341, 17984
196585, 17599
64707, 17558
87324, 17558
117233, 17558
163987, 17558
67249, 17113
83379, 17058
98398, 17058
139158, 17058
154127, 17058
9190, 16633
94830, 16633
226909, 16537
4211, 16481
86198, 16481
110975, 16481
122682, 16481
158196, 16481
198775, 16481
209977, 16481
214376, 16481
217256, 16481
220998, 16481
245121, 16481
251148, 16481
257333, 16481
281448, 16481
282122, 16481
292899, 16481
1205, 16276
234778, 16276
296076, 16134
5329, 16035
64627, 16035
159989, 16035
168573, 16035
133574, 15831
145648, 15831
170532, 15831
199533, 15831
207469, 15831
214765, 15831
224308, 15831
268689, 15831
47591, 15747
2407, 15588
6898, 15588
93225, 15588
156966, 15588
211265, 15588
214269, 15588
230863, 15588
237873, 15588
257364, 15588
285193, 15588
294431, 15588
212308, 15542
154585, 15536
112580, 15150
164633, 15150
269012, 15150
69504, 15078
179664, 15016
190894, 15016
57576, 14829
88855, 14829
152973, 14829
170841, 14829
174022, 14829
184709, 14829
202164, 14829
207522, 14829
216089, 14829
225762, 14829
234465, 14829
283324, 14829
292706, 14829
125896, 14825
129059, 14825
137008, 14825
182193, 14825
249458, 14825
287836, 14825
288079, 14825
73902, 14784
207093, 14576
248995, 14576
286487, 14576
70561, 14524
76131, 14424
152276, 14424
287334, 14424
244316, 14252
257284, 14252
286901, 13991
90454, 13974
93697, 13974
94085, 13974
120521, 13974
130039, 13974
140291, 13974
171765, 13974
182779, 13974
195636, 13974
196248, 13974
207236, 13974
215697, 13974
216417, 13974
228221, 13974
231983, 13974
237415, 13974
260086, 13974
261457, 13974
263700, 13974
264709, 13974
267598, 13974
269663, 13974
270330, 13974
272993, 13974
274632, 13974
276238, 13974
278744, 13974
280372, 13974
291617, 13974
260740, 13794
99328, 13572
111058, 13531
233211, 13531
173193, 13451
173321, 13451
187156, 13451
190286, 13451
193000, 13451
200485, 13451
215478, 13451
235625, 13451
252387, 13451
293348, 13451
60274, 13277
78398, 13277
84898, 13277
86394, 13277
93963, 13277
189683, 13277
173, 12954
110770, 12928
119902, 12928
127291, 12928
132543, 12928
135087, 12928
144463, 12928
155989, 12928
160365, 12928
167677, 12928
187305, 12928
196771, 12928
201964, 12928
211237, 12928
211720, 12928
220512, 12928
231009, 12928
236511, 12928
243074, 12928
245005, 12928
252656, 12928
266181, 12928
268326, 12928
270259, 12928
272350, 12928
282690, 12928
282703, 12928
283932, 12928
287396, 12928
177382, 12923
154746, 12882
203708, 12829
256516, 12828
120159, 12682
196923, 12682
236365, 12682
250672, 12682
262898, 12682
109529, 12646
101907, 12642
182552, 12642
216077, 12642
224572, 12642
242660, 12642
23957, 12594
8004, 12570
113892, 12396
115381, 12396
170692, 12396
181799, 12396
182539, 12396
192339, 12396
231954, 12396
245004, 12396
294459, 12396
295504, 12396
181545, 12145
281611, 12138
103021, 12135
72077, 12126
115799, 12126
126922, 12126
142094, 12126
243811, 12126
51546, 12071
99357, 12071
189306, 12071
206074, 12071
280978, 12071
157673, 12051
249427, 11836
12198, 11753
52172, 11610
72022, 11610
74552, 11610
81314, 11610
107753, 11610
200604, 11610
233665, 11610
246164, 11610
296327, 11610
88853, 11583
53841, 11307
73901, 11284
76322, 11284
80936, 11284
95833, 11284
99635, 11284
106574, 11284
110467, 11284
114155, 11284
116763, 11284
117905, 11284
119906, 11284
121180, 11284
125636, 11284
129892, 11284
132592, 11284
137894, 11284
141559, 11284
142463, 11284
142524, 11284
149530, 11284
156615, 11284
159107, 11284
168986, 11284
180799, 11284
183009, 11284
183313, 11284
185331, 11284
189415, 11284
196614, 11284
199810, 11284
202368, 11284
206846, 11284
208496, 11284
209730, 11284
213373, 11284
215063, 11284
218549, 11284
224303, 11284
225576, 11284
227999, 11284
232507, 11284
246848, 11284
247415, 11284
253863, 11284
267287, 11284
269650, 11284
278627, 11284
286282, 11284
292343, 11284
294185, 11284
295480, 11284
295595, 11284
1839, 11241
126870, 10893
294247, 10843
88503, 10841
171541, 10714
47964, 10376
278156, 10225
203464, 9889
1082, 9789
118988, 9469
247556, 9469
130871, 9249
238362, 9249
260918, 9249
205287, 8607
92275, 2969
132285, 2969
247422, 2969
16737, 2954
18773, 2954
39172, 2954
45700, 2954
49155, 2954
51909, 2954
120084, 2954
122259, 2954
122370, 2954
129686, 2954
132861, 2954
164856, 2954
197301, 2954
199146, 2954
238516, 2954
242732, 2954
247318, 2954
262747, 2954
269475, 2954
285125, 2954
292861, 2954
296487, 2954
7003, 2914
35947, 2914
82254, 2914
96010, 2914
121003, 2914
125139, 2914
196276, 2914
222761, 2898
248085, 2898
290399, 2898
127122, 2897
196096, 2897
135689, 2896
104408, 2895
18280, 2888
125256, 2888
211461, 2888
83676, 2875
88701, 2875
92064, 2875
97499, 2875
207745, 2875
219802, 2875
233130, 2875
251158, 2875
263278, 2875
288254, 2875
260100, 2872
7768, 2870
31421, 2870
37599, 2870
58722, 2870
72126, 2870
76962, 2870
80640, 2870
85980, 2870
92582, 2870
103802, 2870
115843, 2870
119247, 2870
134295, 2870
139553, 2870
140827, 2870
142689, 2870
144807, 2870
148645, 2870
152535, 2870
163996, 2870
171182, 2870
177772, 2870
181231, 2870
190048, 2870
206801, 2870
220794, 2870
223711, 2870
224615, 2870
224986, 2870
229767, 2870
230402, 2870
232069, 2870
232683, 2870
233690, 2870
234607, 2870
240274, 2870
242937, 2870
243993, 2870
254672, 2870
266281, 2870
269658, 2870
269896, 2870
272150, 2870
277561, 2870
279939, 2870
280225, 2870
234381, 2868
2886, 2867
8779, 2867
11390, 2867
17042, 2867
36005, 2867
57814, 2867
75838, 2867
99566, 2867
105207, 2867
118552, 2867
122486, 2867
139297, 2867
195091, 2867
196506, 2867
198038, 2867
199325, 2867
219209, 2867
236423, 2867
241673, 2867
244556, 2867
250925, 2867
256847, 2867
260639, 2867
269987, 2867
270882, 2867
274676, 2867
275342, 2867
282844, 2867
293846, 2867
16704, 2866
90497, 2852
115888, 2852
135430, 2852
146254, 2852
161498, 2852
164283, 2852
182532, 2852
211615, 2852
213673, 2852
216865, 2852
227702, 2852
239678, 2852
255170, 2852
258551, 2852
273920, 2852
275141, 2852
275158, 2852
276793, 2852
288563, 2852
42295, 2849
117891, 2849
121088, 2849
131934, 2849
143511, 2849
148247, 2849
153936, 2849
187713, 2849
219406, 2849
238948, 2849
47432, 2845
133909, 2845
241981, 2845
138987, 2840
218507, 2840
5000, 2835
167611, 2835
90068, 2833
146201, 2833
154973, 2833
214151, 2833
230583, 2833
236377, 2833
242472, 2833
245691, 2833
256367, 2833
283167, 2833
284977, 2833
290800, 2833
292068, 2833
31389, 2829
92696, 2829
115906, 2829
146567, 2829
201437, 2829
103849, 2817
115705, 2817
32901, 2803
36310, 2778
60584, 2778
81019, 2778
83621, 2778
90876, 2778
98359, 2778
98891, 2778
112013, 2778
150892, 2778
166536, 2778
188710, 2778
124439, 2777
231660, 2776
11806, 2774
64236, 2774
159306, 2774
56874, 2771
45337, 2765
46468, 2765
141437, 2765
180767, 2765
245227, 2765
258425, 2765
284782, 2765
289601, 2765
114744, 2763
148981, 2763
168744, 2763
179085, 2763
182286, 2763
185611, 2763
288843, 2763
170008, 2762
285113, 2761
130810, 2755
14705, 2745
76567, 2743
109367, 2743
125821, 2743
145708, 2743
148221, 2743
171623, 2743
183878, 2743
186209, 2743
189669, 2743
192027, 2743
235713, 2743
266807, 2743
274805, 2743
279643, 2743
290025, 2743
128631, 2742
132848, 2742
153916, 2742
174113, 2742
206104, 2742
210985, 2742
221317, 2742
227430, 2742
228602, 2742
238355, 2742
238698, 2742
244920, 2742
252941, 2742
256438, 2742
257727, 2742
270577, 2742
281393, 2742
282007, 2742
285224, 2742
290678, 2742
291376, 2742
293806, 2742
294184, 2742
206568, 2741
13134, 2738
68758, 2738
81035, 2738
160044, 2738
185547, 2738
231585, 2738
9295, 2737
9869, 2737
22305, 2736
24993, 2736
30096, 2736
57521, 2736
72639, 2736
84755, 2736
87630, 2736
88535, 2736
91349, 2736
99165, 2736
105962, 2736
117555, 2736
121162, 2736
130590, 2736
134838, 2736
135317, 2736
148895, 2736
162019, 2736
165163, 2736
179891, 2736
206860, 2736
221562, 2736
237118, 2736
275722, 2736
129485, 2728
29314, 2717
163766, 2717
223959, 2717
95905, 2710
141290, 2710
157686, 2710
164084, 2710
170241, 2710
178560, 2710
183305, 2710
206070, 2710
219874, 2710
241770, 2710
111011, 2706
155706, 2706
238306, 2706
7039, 2705
165196, 2705
213653, 2705
15659, 2695
41079, 2695
151015, 2695
12437, 2691
20866, 2691
32320, 2691
38099, 2691
72435, 2691
74734, 2691
78653, 2691
81429, 2691
84668, 2691
92818, 2691
100957, 2691
105218, 2691
107099, 2691
125170, 2691
129167, 2691
133213, 2691
135335, 2691
142851, 2691
146590, 2691
148429, 2691
152746, 2691
170282, 2691
177469, 2691
178852, 2691
189295, 2691
195562, 2691
198959, 2691
202417, 2691
229410, 2691
237136, 2691
237144, 2691
241844, 2691
244192, 2691
262374, 2691
266718, 2691
278441, 2691
280439, 2691
284849, 2691
295329, 2691
284054, 2689
117643, 2679
136618, 2679
185900, 2669
276802, 2669
49822, 2667
172149, 2667
175081, 2667
231047, 2667
264894, 2667
276409, 2667
29002, 2666
107974, 2666
183667, 2666
277608, 2666
294422, 2666
28001, 2663
79810, 2663
267521, 2663
289014, 2663
69394, 2659
104122, 2659
14082, 2653
53441, 2653
14748, 2647
124763, 2647
77669, 2638
23671, 2632
44950, 2632
116881, 2632
133474, 2632
176994, 2632
137552, 2629
49047, 2623
166149, 2615
146911, 2611
289832, 2611
73958, 2609
99181, 2609
199260, 2609
206284, 2609
279925, 2609
31975, 2603
37676, 2603
39227, 2603
76689, 2603
79245, 2603
126323, 2603
179795, 2603
189997, 2603
209687, 2603
244171, 2603
248066, 2603
272178, 2603
68859, 2602
121221, 2601
189184, 2601
199173, 2601
287776, 2568
198416, 2564
198508, 2564
261986, 2564
102475, 2540
143035, 2540
187049, 2540
56241, 2538
10732, 2531
11009, 2520
11050, 2520
11971, 2520
13963, 2520
18946, 2520
20000, 2520
30609, 2520
69994, 2520
85732, 2520
87807, 2520
126315, 2520
241470, 2520
278366, 2520
295319, 2520
23265, 2517
78990, 2517
91285, 2517
289681, 2517
19584, 2515
75226, 2512
60622, 2511
98626, 2511
226497, 2511
51783, 2509
117980, 2500
182659, 2500
204873, 2500
244617, 2500
281488, 2500
282076, 2500
253417, 2497
69840, 2491
11143, 2478
90717, 2469
104353, 2463
123539, 2463
80678, 2461
168835, 2461
283586, 2461
65720, 2458
261646, 2458
43522, 2454
104474, 2442
149754, 2437
51351, 2436
283894, 2436
251420, 2435
109879, 2433
229191, 2433
232344, 2433
257614, 2433
25442, 2431
35217, 2431
222498, 2431
266458, 2431
150146, 2413
173460, 2413
9470, 2412
99278, 2412
184885, 2412
252193, 2412
64905, 2406
112440, 2406
229328, 2406
257443, 2406
42136, 2403
74171, 2403
231026, 2403
268516, 2403
92754, 2402
122834, 2402
224465, 2402
274664, 2402
97853, 2396
291654, 2396
230047, 2387
38393, 2386
197057, 2386
115597, 2380
193020, 2378
199854, 2372
183411, 2367
236359, 2367
232115, 2363
273572, 2363
293523, 2363
144244, 2361
180772, 2354
213267, 2350
102523, 2344
268520, 2344
4704, 2335
106730, 2330
204223, 2329
238231, 2328
252153, 2328
266505, 2328
96919, 2319
29503, 2317
165761, 2317
195432, 2317
21845, 2309
101138, 2309
143232, 2304
106493, 2303
32537, 2302
227104, 2302
244567, 2301
232387, 2299
178286, 2294
73249, 2293
50789, 2292
54682, 2292
55727, 2292
56852, 2292
57957, 2292
58044, 2292
66381, 2292
68921, 2292
77926, 2292
80745, 2292
82153, 2292
88120, 2292
102179, 2292
113229, 2292
118271, 2292
119891, 2292
124632, 2292
125130, 2292
132427, 2292
144541, 2292
192983, 2292
206790, 2292
266857, 2292
276365, 2292
284089, 2292
95597, 2291
149484, 2284
86331, 2277
104303, 2277
155502, 2277
225663, 2277
248833, 2277
281112, 2277
137196, 2272
44916, 2270
230642, 2269
93699, 2268
223855, 2268
279515, 2268
232051, 2266
254067, 2266
204262, 2263
138021, 2262
7714, 2259
88784, 2259
158834, 2259
287073, 2259
12002, 2255
24687, 2255
39445, 2255
147016, 2253
234972, 2253
179884, 2252
210604, 2252
253852, 2252
253909, 2252
295745, 2252
221043, 2248
214862, 2242
228787, 2242
258487, 2242
72865, 2237
83506, 2237
95721, 2237
110246, 2236
112739, 2236
268361, 2236
172372, 2234
288577, 2234
17903, 2224
29083, 2224
56216, 2224
57672, 2224
81812, 2224
89660, 2224
94980, 2224
109373, 2224
120015, 2224
155764, 2224
170210, 2224
184067, 2224
205853, 2224
229489, 2224
235557, 2224
225020, 2223
293108, 2223
236810, 2219
287993, 2215
226043, 2214
247100, 2214
70236, 2206
188829, 2206
63316, 2203
197267, 2200
222146, 2197
53383, 2189
77174, 2189
83393, 2189
176607, 2189
178979, 2189
199544, 2189
201386, 2189
215213, 2189
249683, 2189
169954, 2177
193151, 2177
194923, 2173
135412, 2170
142410, 2170
103552, 2168
177896, 2168
282899, 2168
287404, 2168
20109, 2163
216834, 2151
26215, 2150
102606, 2144
191414, 2144
9991, 2143
36967, 2141
71462, 2141
85995, 2141
93362, 2141
95083, 2141
97511, 2141
97549, 2141
105865, 2141
119174, 2141
128706, 2141
145462, 2141
163184, 2141
188058, 2141
205242, 2141
209769, 2141
211575, 2141
212748, 2141
239961, 2141
280036, 2141
162119, 2137
44689, 2135
202898, 2135
117435, 2133
120906, 2133
262084, 2133
270083, 2133
202700, 2129
225464, 2129
268318, 2129
260048, 2127
236785, 2122
279014, 2122
295009, 2122
160947, 2121
171052, 2119
229972, 2110
254718, 2110
181888, 2109
89802, 2108
108349, 2108
82703, 2106
288960, 2106
38248, 2105
230017, 2105
122222, 2100
155854, 2100
185208, 2100
216783, 2094
184827, 2092
214431, 2092
242264, 2092
245852, 2092
254866, 2092
261878, 2092
121478, 2091
143533, 2091
274616, 2091
127836, 2090
264407, 2090
80896, 2089
208193, 2087
246510, 2087
84846, 2083
122307, 2081
275422, 2079
70352, 2072
191168, 2072
78066, 2070
109278, 2070
110289, 2069
145457, 2069
218249, 2069
279734, 2069
11248, 2068
28549, 2068
46821, 2068
166141, 2068
167927, 2068
183556, 2068
244353, 2068
132038, 2067
256788, 2065
269829, 2065
50018, 2064
148285, 2064
188822, 2064
238606, 2064
288146, 2064
132991, 2059
285999, 2059
28633, 2058
90229, 2058
134355, 2058
191658, 2058
194288, 2058
235931, 2058
282555, 2058
82625, 2057
257645, 2057
291982, 2057
131691, 2056
269188, 2056
108488, 2048
254448, 2048
276086, 2048
153129, 2047
177954, 2047
193199, 2047
205635, 2047
215666, 2047
294760, 2047
158335, 2041
245263, 2041
122435, 2038
242285, 2038
41826, 2036
69016, 2036
85841, 2036
260103, 2027
244260, 2026
244832, 2026
31842, 2024
138819, 2024
155962, 2024
250117, 2024
19433, 2023
31576, 2021
211858, 2021
165111, 2018
220872, 2018
173574, 2017
224856, 2017
175675, 2013
265418, 2012
123390, 2011
150851, 2011
255195, 2011
113223, 2010
131417, 2010
94621, 2009
220587, 2009
227867, 2005
45089, 2004
57419, 2004
103511, 2004
132623, 2004
157894, 2004
274637, 2004
121100, 2002
203176, 2002
34326, 2001
48721, 2001
114584, 2001
267993, 2001
154126, 1999
222001, 1999
167395, 1998
232644, 1998
258559, 1998
294605, 1998
61116, 1995
232462, 1995
253857, 1995
177721, 1992
214848, 1992
241204, 1992
5880, 1989
9588, 1989
48204, 1989
80671, 1989
92910, 1989
113509, 1989
122392, 1989
179904, 1989
188538, 1989
201253, 1989
210917, 1989
249065, 1989
161666, 1988
128211, 1987
149069, 1987
191288, 1987
221439, 1987
280212, 1987
116871, 1985
37132, 1981
101887, 1981
102848, 1981
111811, 1981
165027, 1981
172562, 1981
234138, 1981
293931, 1981
176597, 1980
245858, 1979
258357, 1978
28049, 1976
259884, 1975
284974, 1975
104791, 1972
265310, 1972
233170, 1971
179435, 1965
193989, 1965
156986, 1962
202895, 1962
218637, 1962
196341, 1961
29691, 1958
33599, 1958
138170, 1957
120070, 1956
182047, 1956
86483, 1955
154028, 1955
125922, 1954
174158, 1954
74538, 1952
131474, 1952
270845, 1952
287619, 1952
247054, 1951
271887, 1951
98599, 1950
102319, 1950
112761, 1950
119379, 1950
135477, 1950
162068, 1950
191776, 1950
192523, 1950
223809, 1950
246965, 1950
28404, 1949
43256, 1949
68144, 1949
133044, 1949
179363, 1949
212356, 1949
249032, 1949
276865, 1949
132868, 1945
183311, 1942
196033, 1942
71772, 1941
104487, 1941
146206, 1941
172933, 1941
197915, 1941
291378, 1941
253335, 1940
210374, 1939
34283, 1938
173403, 1936
84470, 1930
68958, 1929
140825, 1929
163927, 1928
275461, 1928
82865, 1924
259734, 1923
271869, 1912
73571, 1911
102541, 1911
111289, 1911
148206, 1911
245419, 1911
8649, 1910
13511, 1910
63166, 1908
94630, 1908
120189, 1908
136375, 1908
153886, 1908
193981, 1908
263411, 1908
272371, 1908
131250, 1907
131857, 1907
21739, 1904
16373, 1903
166287, 1903
179525, 1903
71778, 1901
268043, 1897
208523, 1896
95871, 1894
201348, 1894
59319, 1893
97441, 1893
248352, 1893
279781, 1891
45257, 1884
50328, 1884
26638, 1883
41478, 1883
53197, 1883
107582, 1883
130633, 1883
133381, 1883
143817, 1883
148425, 1883
151046, 1883
216591, 1883
251623, 1883
10532, 1880
153171, 1880
178529, 1880
30661, 1876
6675, 1874
283632, 1870
132839, 1868
151342, 1868
172196, 1866
177434, 1864
56689, 1863
148208, 1863
180416, 1861
72579, 1854
161802, 1852
141434, 1848
96972, 1844
182287, 1844
239237, 1842
236838, 1838
271629, 1838
34480, 1837
48874, 1836
113280, 1836
113834, 1836
158018, 1836
287880, 1836
95790, 1834
124127, 1834
213213, 1834
244023, 1834
269880, 1834
277585, 1834
33003, 1830
79576, 1830
87810, 1830
96070, 1830
101837, 1830
121490, 1830
144163, 1830
209721, 1830
225355, 1830
239983, 1830
111917, 1829
229509, 1829
231639, 1829
274598, 1829
98775, 1826
32429, 1823
37271, 1823
62699, 1823
62831, 1823
66668, 1823
69637, 1823
134806, 1823
145657, 1823
174270, 1823
204739, 1823
26233, 1821
110620, 1821
118750, 1821
119849, 1821
135488, 1821
225365, 1821
282669, 1821
294341, 1821
21118, 1820
44434, 1820
60972, 1820
83607, 1820
86218, 1820
171086, 1820
177229, 1820
188063, 1820
207245, 1820
225656, 1820
227627, 1820
227983, 1820
29865, 1817
66917, 1817
106770, 1817
154800, 1817
177383, 1817
83759, 1816
94490, 1816
98233, 1816
104748, 1816
123283, 1816
140932, 1816
153351, 1816
156090, 1816
178576, 1816
210635, 1816
227360, 1816
287549, 1816
107031, 1810
112311, 1810
153130, 1810
154763, 1810
182235, 1810
224028, 1810
214121, 1809
20515, 1808
78789, 1807
183264, 1800
70683, 1794
93610, 1794
119157, 1794
168021, 1794
161184, 1793
99073, 1787
46504, 1782
43106, 1781
265222, 1781
296336, 1781
260897, 1780
149449, 1772
159627, 1771
139307, 1769
88537, 1768
223349, 1768
89646, 1765
131077, 1765
162216, 1765
35104, 1762
46222, 1762
51500, 1762
86305, 1762
91829, 1762
91934, 1762
98058, 1762
179811, 1762
186211, 1762
194199, 1762
219633, 1762
232765, 1762
271798, 1762
289001, 1762
120878, 1760
235228, 1760
23326, 1759
43538, 1759
50234, 1759
74981, 1759
87094, 1759
139471, 1759
149545, 1759
161269, 1759
162415, 1759
193182, 1759
201139, 1759
225095, 1759
228645, 1759
257069, 1759
275537, 1759
284828, 1759
291127, 1759
293749, 1759
114938, 1753
169859, 1753
244988, 1753
101848, 1751
34872, 1750
51912, 1750
107415, 1750
110529, 1750
122699, 1750
125594, 1750
146083, 1750
146839, 1750
169741, 1750
174273, 1750
176975, 1750
186274, 1750
191389, 1750
199061, 1750
257028, 1750
294110, 1749
3408, 1748
6016, 1748
55455, 1748
91027, 1748
109093, 1748
110567, 1748
119524, 1748
30750, 1744
77195, 1744
156864, 1744
187751, 1744
112779, 1742
45430, 1741
60325, 1741
77963, 1741
92622, 1741
132347, 1741
174421, 1741
177994, 1741
184566, 1741
200135, 1741
206527, 1741
220303, 1741
226525, 1741
234143, 1741
247562, 1741
282584, 1741
288561, 1741
15474, 1738
25218, 1733
168834, 1733
194587, 1733
286395, 1733
94815, 1732
137739, 1732
151482, 1732
164877, 1732
269560, 1732
81820, 1730
96569, 1730
115303, 1730
52177, 1725
109735, 1725
113371, 1725
160425, 1725
161293, 1725
181230, 1725
207388, 1725
247529, 1725
252869, 1725
263435, 1725
41911, 1721
63103, 1721
84338, 1721
116477, 1721
212423, 1721
215931, 1721
236075, 1721
240803, 1721
252550, 1721
262676, 1721
291079, 1721
35986, 1719
47477, 1719
49652, 1719
103538, 1719
125344, 1719
142898, 1719
204945, 1719
208096, 1719
33640, 1718
38696, 1718
74963, 1718
78025, 1718
94886, 1718
100663, 1718
103319, 1718
169945, 1718
195963, 1718
115112, 1716
137303, 1716
161344, 1716
177139, 1716
210596, 1716
176263, 1712
229099, 1710
68082, 1709
69900, 1709
101525, 1709
148428, 1709
237525, 1709
123091, 1707
151698, 1707
209550, 1707
227777, 1707
114746, 1705
46392, 1703
59707, 1703
65009, 1703
72577, 1703
90434, 1703
144935, 1703
266174, 1703
5372, 1702
10049, 1701
60366, 1699
103129, 1699
153268, 1699
191985, 1699
232649, 1699
237860, 1699
270673, 1699
135555, 1697
207970, 1697
135932, 1696
51659, 1695
227177, 1690
251436, 1690
284812, 1690
64094, 1689
92679, 1689
195658, 1689
43721, 1687
50913, 1687
63457, 1687
113534, 1687
163171, 1687
180757, 1687
186393, 1687
210057, 1687
214726, 1687
227550, 1687
235006, 1687
236286, 1687
239912, 1687
242570, 1687
252741, 1687
256963, 1687
265635, 1687
17347, 1685
58621, 1685
80442, 1685
97313, 1685
108696, 1685
117630, 1685
119743, 1685
172105, 1685
172940, 1685
181750, 1685
197193, 1685
214531, 1685
221032, 1685
223356, 1685
231230, 1685
257326, 1685
264496, 1685
181123, 1684
225814, 1681
244035, 1681
287704, 1681
41369, 1677
46103, 1677
95069, 1677
95851, 1677
99942, 1677
101194, 1677
114094, 1677
129994, 1677
245415, 1677
250160, 1677
285796, 1677
281780, 1676
91427, 1668
195547, 1666
223116, 1666
266464, 1666
268578, 1666
49624, 1661
97726, 1658
250243, 1658
14676, 1657
264402, 1654
88455, 1652
166317, 1652
279371, 1652
291363, 1652
39526, 1648
41934, 1648
66730, 1648
106874, 1648
188371, 1648
48394, 1645
64742, 1645
70685, 1645
85353, 1645
109718, 1645
200417, 1645
23700, 1643
75354, 1643
151335, 1643
155895, 1643
208268, 1643
212248, 1643
266706, 1643
276763, 1643
291775, 1643
292398, 1643
20888, 1641
64854, 1641
171363, 1641
173828, 1641
231104, 1638
202028, 1632
16127, 1629
100670, 1629
135354, 1629
171932, 1629
209055, 1629
228094, 1629
230674, 1629
259208, 1629
263124, 1629
264097, 1629
276161, 1629
104913, 1627
176744, 1627
235364, 1627
285994, 1627
134743, 1621
232426, 1621
80646, 1617
112686, 1617
242038, 1617
32976, 1616
34112, 1616
36576, 1616
57660, 1616
62348, 1616
92189, 1616
100763, 1616
101703, 1616
208415, 1616
260189, 1616
262967, 1616
293037, 1616
294643, 1616
9493, 1615
41323, 1615
63023, 1615
91127, 1615
190668, 1615
219687, 1615
267417, 1615
138815, 1613
142237, 1613
182337, 1613
199128, 1613
229676, 1613
290405, 1613
86319, 1612
93085, 1611
277666, 1611
59447, 1608
85920, 1608
86797, 1608
90240, 1608
105810, 1608
107368, 1608
131143, 1608
164135, 1608
180341, 1608
295440, 1608
79198, 1607
80570, 1605
185140, 1605
240949, 1605
47894, 1602
92558, 1602
127202, 1602
133766, 1602
158139, 1602
212660, 1602
244234, 1602
39133, 1599
190765, 1598
206250, 1598
243167, 1598
273144, 1598
39355, 1596
42691, 1596
191674, 1596
209255, 1596
285142, 1596
160998, 1594
181717, 1594
188730, 1594
225449, 1594
241674, 1594
103645, 1593
232870, 1593
5633, 1592
50485, 1591
60886, 1591
68855, 1591
108950, 1591
113164, 1591
143418, 1591
272887, 1591
48288, 1590
66836, 1590
71603, 1590
109397, 1590
140414, 1590
147828, 1590
157692, 1590
162036, 1590
194619, 1590
144393, 1589
43545, 1588
64634, 1588
85655, 1588
86247, 1588
106669, 1588
145785, 1588
167247, 1588
191229, 1588
204282, 1588
205595, 1588
211187, 1588
28846, 1586
14314, 1582
38814, 1582
114574, 1582
87523, 1580
123936, 1580
162148, 1580
239410, 1579
216904, 1578
285936, 1578
148160, 1576
169403, 1576
211417, 1576
235947, 1576
65560, 1571
159801, 1571
250037, 1571
281934, 1571
122306, 1568
159808, 1568
163175, 1568
280489, 1568
35301, 1567
203666, 1567
86810, 1563
292322, 1563
127419, 1559
160718, 1559
81662, 1556
35642, 1555
204266, 1555
205082, 1555
232851, 1554
219636, 1551
287872, 1551
171396, 1549
217088, 1549
275486, 1549
83899, 1540
127199, 1538
196943, 1535
64001, 1534
43165, 1533
118349, 1533
219691, 1533
248095, 1531
228175, 1530
294636, 1530
5143, 1529
16759, 1529
73908, 1529
24916, 1528
34815, 1528
81108, 1526
145219, 1526
40471, 1525
40786, 1525
61051, 1525
71024, 1525
73924, 1525
77905, 1525
97489, 1525
105145, 1525
107208, 1525
116339, 1525
165835, 1525
172732, 1525
177398, 1525
202206, 1525
222049, 1525
244554, 1525
247819, 1525
255447, 1525
260047, 1525
263015, 1525
269008, 1525
278832, 1525
283488, 1525
73835, 1524
114211, 1524
217890, 1523
27844, 1522
40640, 1522
41015, 1522
48494, 1522
50385, 1522
51866, 1522
58417, 1522
70906, 1522
143660, 1522
154012, 1522
203158, 1522
159396, 1521
48621, 1520
275149, 1520
189612, 1519
43537, 1518
37430, 1516
128658, 1516
129119, 1516
268976, 1516
205835, 1513
182636, 1511
122030, 1509
172129, 1509
187979, 1509
214874, 1509
218215, 1509
223201, 1509
235499, 1509
239527, 1509
242798, 1509
290759, 1509
291743, 1509
106201, 1508
171859, 1508
184327, 1508
194677, 1508
242462, 1508
251337, 1508
253065, 1508
273582, 1508
281918, 1508
296569, 1508
50540, 1505
95457, 1505
43526, 1504
58337, 1504
120597, 1504
120948, 1504
155315, 1504
167505, 1504
206923, 1504
214787, 1504
39307, 1503
76908, 1503
261653, 1503
287915, 1502
37407, 1498
42804, 1498
69833, 1498
123287, 1498
145013, 1498
246786, 1496
113640, 1495
162326, 1495
228458, 1495
48516, 1492
20081, 1491
101511, 1487
114623, 1487
123809, 1487
124633, 1487
129786, 1487
235230, 1487
92945, 1486
157594, 1486
247856, 1486
134899, 1485
227970, 1484
218297, 1479
34164, 1475
36499, 1472
167056, 1472
248355, 1472
260848, 1472
261010, 1472
114432, 1469
167371, 1469
185111, 1469
198599, 1469
222559, 1469
20122, 1467
138380, 1467
190118, 1465
227604, 1464
66009, 1461
67767, 1461
135806, 1461
206119, 1461
258252, 1461
14426, 1459
36563, 1459
93628, 1459
93859, 1459
109816, 1459
134752, 1459
145508, 1459
158248, 1459
247791, 1459
254288, 1459
134232, 1458
283517, 1458
158610, 1456
140223, 1455
31524, 1452
92757, 1452
193461, 1452
11117, 1451
77770, 1451
92801, 1449
257919, 1449
7856, 1448
112166, 1447
209685, 1445
238288, 1445
273806, 1445
289522, 1445
13515, 1443
41523, 1443
43816, 1443
57898, 1443
74593, 1443
80244, 1443
88256, 1443
91904, 1443
126185, 1443
143547, 1443
160196, 1443
126781, 1442
195127, 1442
48757, 1438
90391, 1438
130366, 1438
190879, 1438
197823, 1438
242899, 1438
251581, 1438
295208, 1438
21686, 1435
87597, 1435
119371, 1435
123620, 1435
178465, 1435
251225, 1435
292650, 1435
85228, 1434
129622, 1434
152750, 1434
176448, 1434
197060, 1434
218746, 1434
265236, 1434
260983, 1433
21921, 1430
146079, 1430
48141, 1429
102702, 1429
216602, 1429
225218, 1429
2867, 1427
220981, 1427
255694, 1427
103586, 1426
78918, 1424
115583, 1423
116745, 1423
236938, 1423
183857, 1422
234094, 1422
54255, 1420
76610, 1420
166500, 1420
242672, 1420
248471, 1419
30548, 1418
68679, 1418
27559, 1417
120127, 1417
160292, 1417
212344, 1417
216216, 1417
129246, 1416
138281, 1416
288875, 1416
16945, 1415
62362, 1411
127803, 1411
146101, 1411
258626, 1411
82410, 1409
90412, 1409
189992, 1409
282247, 1409
83914, 1408
144911, 1408
170590, 1408
64112, 1407
173081, 1407
24770, 1406
42165, 1406
69939, 1406
82765, 1406
121700, 1406
194704, 1406
207182, 1406
70295, 1400
93271, 1400
262150, 1400
265060, 1400
197566, 1398
272606, 1398
206743, 1397
273826, 1395
13907, 1391
130243, 1391
245236, 1390
251561, 1390
27713, 1383
121528, 1382
123379, 1379
48522, 1377
56274, 1377
134707, 1377
146898, 1377
169209, 1377
232525, 1377
290518, 1377
194670, 1374
251984, 1374
109736, 1370
128518, 1370
153236, 1370
211895, 1370
98552, 1369
54289, 1366
141955, 1366
142214, 1366
282829, 1366
148058, 1363
212635, 1363
110612, 1362
144539, 1362
142758, 1360
251250, 1360
266422, 1360
45238, 1355
253562, 1352
34163, 1351
119360, 1351
243226, 1345
93458, 1344
289777, 1344
198767, 1342
262827, 1342
55888, 1341
79047, 1341
111547, 1341
169630, 1341
235119, 1341
42962, 1337
140960, 1337
230473, 1337
266836, 1336
191257, 1335
56053, 1334
65161, 1334
113382, 1334
117472, 1334
118316, 1334
121932, 1334
156476, 1334
231930, 1334
271027, 1334
79142, 1333
166529, 1333
185297, 1333
255976, 1333
263368, 1333
87141, 1331
224555, 1330
227907, 1330
238683, 1330
259214, 1330
120316, 1329
282709, 1329
74316, 1325
146080, 1325
171946, 1325
261143, 1325
181069, 1324
240932, 1323
68355, 1322
62523, 1321
136953, 1321
207608, 1321
216412, 1321
287794, 1321
70626, 1320
95854, 1320
111932, 1320
113761, 1320
114006, 1320
119560, 1320
140301, 1320
140933, 1320
164730, 1320
168993, 1320
205206, 1320
207449, 1320
226940, 1320
269770, 1320
282585, 1320
34632, 1319
170822, 1317
241151, 1316
67985, 1315
106239, 1315
277758, 1315
145317, 1311
178757, 1311
209023, 1311
221387, 1311
262509, 1311
58532, 1308
91269, 1307
112077, 1307
158572, 1307
75774, 1306
225181, 1306
14029, 1305
42143, 1305
59797, 1304
86100, 1304
31319, 1303
216735, 1303
4882, 1302
179912, 1302
249912, 1301
169167, 1297
189060, 1296
264352, 1296
34219, 1295
135371, 1295
219041, 1295
128921, 1293
79180, 1292
82962, 1292
226898, 1292
273094, 1292
289379, 1292
4905, 1291
14102, 1291
21480, 1291
76289, 1291
121442, 1291
208135, 1291
235307, 1291
26063, 1290
65328, 1290
91076, 1290
129834, 1290
151286, 1290
151389, 1290
194483, 1290
235032, 1290
290057, 1290
292417, 1289
51816, 1288
94086, 1288
134802, 1288
199753, 1288
290904, 1287
129509, 1286
236960, 1286
286035, 1286
72381, 1285
87335, 1285
174061, 1285
209120, 1285
267851, 1285
268968, 1285
273665, 1285
281224, 1285
281774, 1285
285235, 1285
285311, 1285
42631, 1284
60659, 1284
68791, 1284
169294, 1284
220177, 1284
294441, 1284
235645, 1283
84418, 1282
235136, 1282
89501, 1279
137165, 1278
175897, 1278
245704, 1278
58260, 1276
210355, 1275
54875, 1272
75310, 1272
144360, 1269
144700, 1269
221744, 1269
273251, 1269
291764, 1269
55220, 1267
112952, 1267
133668, 1267
174969, 1267
182890, 1267
270073, 1267
161727, 1266
188670, 1264
50200, 1262
95388, 1262
99368, 1262
152177, 1262
199101, 1262
38597, 1261
59805, 1261
61683, 1261
61861, 1261
7600, 1260
120137, 1260
222213, 1260
271223, 1260
29929, 1259
85846, 1259
167153, 1257
53171, 1256
134465, 1256
194745, 1256
61107, 1255
138777, 1255
189834, 1255
83323, 1248
88656, 1247
121699, 1247
133803, 1247
209767, 1247
213491, 1247
255715, 1247
276355, 1247
153190, 1244
178123, 1244
26400, 1242
261175, 1242
79001, 1241
123012, 1241
129366, 1241
130856, 1241
236137, 1241
38670, 1240
72631, 1240
105322, 1240
131432, 1240
211492, 1240
248203, 1240
42791, 1239
91016, 1239
139166, 1239
142985, 1239
145291, 1239
248907, 1239
250923, 1239
265571, 1239
11449, 1238
68022, 1238
80089, 1238
111862, 1238
112284, 1238
139366, 1238
182613, 1238
183432, 1238
190739, 1238
192086, 1238
204865, 1238
217025, 1238
224026, 1238
224290, 1238
231450, 1238
237625, 1238
246801, 1238
256241, 1238
263212, 1238
266366, 1238
267401, 1238
272244, 1238
114881, 1237
231052, 1233
21384, 1232
24932, 1232
27078, 1232
42528, 1232
53327, 1232
65393, 1232
69967, 1232
75184, 1232
95287, 1232
108029, 1232
108422, 1232
117311, 1232
119620, 1232
121084, 1232
137661, 1232
173430, 1232
174885, 1232
182376, 1232
186625, 1232
216862, 1232
219377, 1232
264299, 1232
8050, 1231
28191, 1231
45555, 1231
49017, 1231
75131, 1231
118044, 1231
269352, 1231
281638, 1231
286258, 1231
288356, 1231
114538, 1230
174913, 1230
222132, 1230
282613, 1230
35421, 1229
92279, 1229
231568, 1229
105132, 1228
118502, 1227
218686, 1227
232863, 1227
254275, 1227
115622, 1226
253665, 1226
280205, 1226
30830, 1224
52457, 1224
79984, 1224
100265, 1224
110845, 1224
97694, 1223
60784, 1222
120129, 1222
138855, 1222
154805, 1222
191620, 1222
223154, 1222
223548, 1222
290977, 1222
251732, 1221
56077, 1219
176162, 1219
230074, 1217
291134, 1217
296268, 1217
186449, 1216
199915, 1216
98949, 1215
9136, 1213
36969, 1213
116440, 1213
128641, 1213
171469, 1213
198294, 1213
155417, 1210
186642, 1210
106409, 1209
109240, 1209
114774, 1209
118572, 1209
130082, 1209
261031, 1209
89128, 1208
17836, 1207
34839, 1207
86449, 1207
117121, 1207
119799, 1207
137233, 1207
154828, 1207
163647, 1207
169221, 1207
183492, 1207
202985, 1207
206258, 1207
208851, 1207
239736, 1207
254904, 1207
258189, 1207
268781, 1207
100150, 1206
191083, 1206
271238, 1206
64961, 1205
272653, 1205
41095, 1204
98571, 1204
142990, 1204
212979, 1204
249672, 1204
179914, 1203
189420, 1203
214835, 1203
216318, 1203
232581, 1203
233881, 1203
268038, 1203
284910, 1203
294291, 1202
82744, 1197
144952, 1197
244365, 1197
279308, 1197
199558, 1196
137217, 1195
170368, 1195
200099, 1195
210664, 1195
288157, 1195
41700, 1194
46366, 1194
128279, 1194
152684, 1194
167266, 1194
169180, 1194
217274, 1194
271174, 1194
293577, 1194
293722, 1194
294512, 1194
294900, 1194
296483, 1194
99046, 1187
106129, 1187
109185, 1187
136003, 1187
277727, 1187
68515, 1185
75141, 1185
94004, 1185
129110, 1185
155786, 1185
188296, 1185
224455, 1185
278646, 1185
281299, 1185
284463, 1185
289678, 1185
289812, 1185
53291, 1184
72233, 1184
93856, 1184
106261, 1184
110779, 1184
126965, 1184
20835, 1182
78408, 1182
97392, 1182
172431, 1182
157857, 1179
79521, 1177
193828, 1177
255989, 1177
261276, 1177
64868, 1175
119691, 1175
39852, 1173
103251, 1173
104651, 1173
147936, 1173
62623, 1172
40974, 1171
123992, 1170
131618, 1170
175657, 1170
272423, 1170
202111, 1169
113290, 1168
170572, 1168
187808, 1168
260166, 1168
148934, 1167
16754, 1166
25512, 1165
107849, 1165
218009, 1165
281193, 1165
249923, 1164
291735, 1164
128646, 1163
129488, 1163
131103, 1163
168105, 1163
174353, 1163
183100, 1163
199308, 1163
206333, 1163
261218, 1163
280155, 1163
286263, 1163
289236, 1163
30797, 1162
179903, 1162
94460, 1161
98733, 1161
196151, 1161
216568, 1161
266766, 1161
144888, 1159
69457, 1157
83938, 1157
104473, 1157
107634, 1155
108156, 1155
115166, 1155
179946, 1155
194613, 1155
221068, 1155
249180, 1155
249893, 1155
251251, 1155
262477, 1155
276021, 1155
283796, 1155
287994, 1155
292119, 1155
141019, 1154
56749, 1152
4896, 1151
155027, 1151
189930, 1149
49803, 1145
53708, 1145
78038, 1145
183957, 1145
256756, 1145
274693, 1145
167523, 1144
158757, 1142
72420, 1140
44946, 1139
48850, 1139
123626, 1139
199170, 1138
251718, 1138
28674, 1137
62315, 1137
70747, 1137
78075, 1137
91935, 1137
156521, 1137
209610, 1137
287374, 1136
28253, 1135
72140, 1135
109399, 1135
134828, 1135
161481, 1135
233827, 1135
257657, 1135
279295, 1135
288640, 1135
125480, 1134
199977, 1134
224683, 1134
236519, 1134
83127, 1133
273747, 1132
128687, 1130
277172, 1128
65618, 1126
74626, 1126
98865, 1126
286796, 1124
187719, 1123
201224, 1123
221351, 1123
274880, 1123
279914, 1123
50826, 1122
54664, 1122
85454, 1120
219872, 1120
267030, 1120
110114, 1119
165257, 1119
23231, 1118
71452, 1118
97963, 1118
98559, 1118
127120, 1118
275202, 1118
4688, 1115
11990, 1115
52613, 1115
58397, 1115
61394, 1115
62690, 1115
69321, 1115
75659, 1115
193548, 1115
203925, 1115
207760, 1115
245794, 1115
259785, 1115
267183, 1115
278537, 1115
281806, 1115
62800, 1114
130481, 1114
179859, 1114
261835, 1114
104350, 1113
281693, 1113
268609, 1112
65138, 1111
144071, 1111
267446, 1109
273835, 1109
16625, 1108
133327, 1108
168941, 1108
197182, 1108
200378, 1108
236313, 1108
253758, 1108
259167, 1108
273941, 1108
275636, 1108
283059, 1108
294741, 1108
187103, 1107
197862, 1107
237107, 1107
89510, 1106
114868, 1106
157998, 1106
161367, 1106
192270, 1106
192837, 1106
219622, 1106
239407, 1106
289744, 1106
94542, 1105
115781, 1105
223357, 1105
23921, 1104
226331, 1103
263901, 1103
282105, 1103
48900, 1102
117554, 1102
142957, 1102
150287, 1102
175263, 1102
185649, 1102
186482, 1102
192465, 1102
219943, 1102
244612, 1102
250451, 1102
271431, 1102
278786, 1102
282086, 1102
53270, 1099
121057, 1099
68980, 1096
92047, 1096
168405, 1096
200448, 1096
255916, 1096
260563, 1096
263737, 1096
276619, 1096
287269, 1096
290647, 1096
107461, 1095
91116, 1093
50850, 1092
162485, 1092
207971, 1092
16205, 1090
244102, 1090
244804, 1089
267994, 1089
147771, 1088
34410, 1086
57999, 1086
125807, 1086
126829, 1086
142264, 1086
153405, 1086
169652, 1086
193783, 1086
196823, 1086
199654, 1086
199772, 1086
209298, 1086
227948, 1086
238159, 1086
268451, 1086
270174, 1086
288377, 1086
295350, 1086
207506, 1085
60945, 1083
142729, 1083
153456, 1083
170099, 1083
179153, 1083
190871, 1083
207235, 1081
10103, 1079
99937, 1079
108308, 1079
117729, 1079
143898, 1079
147534, 1079
208235, 1079
213953, 1079
259747, 1079
103505, 1078
183354, 1078
202850, 1078
243737, 1078
261353, 1078
128304, 1076
178041, 1076
186674, 1076
211797, 1076
274073, 1076
126127, 1075
204077, 1075
218132, 1075
227273, 1075
248582, 1075
264665, 1075
266322, 1075
267631, 1075
274428, 1075
294192, 1075
295584, 1075
120195, 1074
60005, 1073
20517, 1072
119840, 1071
91739, 1069
97841, 1068
219021, 1068
290921, 1068
225820, 1067
179861, 1066
16968, 1064
61396, 1064
178751, 1064
68598, 1062
146992, 1062
293193, 1061
45548, 1058
97378, 1058
122279, 1058
277828, 1058
79096, 1057
164915, 1056
280266, 1056
286896, 1056
290472, 1056
284580, 1054
56896, 1049
280006, 1049
181778, 1048
147507, 1047
113741, 1045
146770, 1045
205900, 1045
221369, 1045
255877, 1045
261138, 1045
273493, 1045
48892, 1044
267106, 1044
272024, 1044
31665, 1043
80834, 1043
87578, 1043
165230, 1043
175962, 1042
71274, 1041
76514, 1041
247505, 1040
47006, 1039
94420, 1039
177795, 1039
183622, 1039
196481, 1039
198847, 1039
223504, 1039
257512, 1039
261504, 1039
263171, 1039
269836, 1039
282219, 1039
294959, 1039
29687, 1038
149319, 1038
245074, 1038
58853, 1037
89512, 1037
153846, 1035
209245, 1035
61659, 1034
111001, 1034
217891, 1034
224024, 1034
231501, 1034
246424, 1034
246914, 1034
270386, 1034
281062, 1034
281189, 1034
82070, 1033
172941, 1033
186713, 1033
198298, 1033
225407, 1033
233706, 1033
288067, 1033
244644, 1032
90035, 1030
174483, 1030
251944, 1030
268797, 1030
5673, 1029
41144, 1029
148060, 1029
158164, 1029
162137, 1029
226396, 1029
246968, 1029
271699, 1029
278217, 1029
185453, 1028
279415, 1028
8697, 1027
9539, 1027
183495, 1027
189678, 1027
197713, 1027
239613, 1027
202979, 1026
249184, 1026
257215, 1026
186894, 1025
187005, 1025
221716, 1025
254983, 1025
15583, 1024
189767, 1023
200097, 1023
208873, 1023
240592, 1023
242604, 1023
250690, 1023
290385, 1023
294847, 1023
79978, 1022
211125, 1022
256681, 1022
15779, 1021
30094, 1021
59611, 1021
67227, 1021
114560, 1021
118850, 1021
129652, 1021
171391, 1021
165547, 1020
254685, 1019
96152, 1017
167506, 1017
182963, 1017
243436, 1017
282765, 1017
296132, 1017
25159, 1016
195602, 1016
101597, 1015
103022, 1015
130596, 1015
255828, 1015
266017, 1014
39241, 1013
54318, 1013
84075, 1013
105243, 1013
41335, 1009
206612, 1009
231621, 1009
243640, 1009
124087, 1006
18396, 1005
22449, 1005
185133, 1005
245370, 1005
11416, 1004
19758, 1004
58877, 1004
110367, 1004
158178, 1004
198954, 1003
213494, 1003
234716, 1003
244322, 1003
265334, 1003
269543, 1003
276247, 1003
156051, 1002
7601, 1001
181204, 1000
