170878, 44722
171939, 44722
127714, 44656
141791, 44656
141987, 44656
157672, 44656
159931, 44656
162799, 44656
163702, 44656
175588, 44656
179207, 44656
181059, 44656
185539, 44656
186460, 44656
186753, 44656
187470, 44656
188377, 44656
189324, 44656
190165, 44656
191748, 44656
192888, 44656
194425, 44656
194447, 44656
195170, 44656
198970, 44656
199605, 44656
199994, 44656
202078, 44656
202974, 44656
204550, 44656
204654, 44656
205268, 44656
205524, 44656
206273, 44656
206389, 44656
207035, 44656
212133, 44656
212554, 44656
216617, 44656
217706, 44656
219598, 44656
220021, 44656
220310, 44656
220989, 44656
226147, 44656
227783, 44656
229329, 44656
229544, 44656
232391, 44656
232429, 44656
234030, 44656
234305, 44656
234559, 44656
237398, 44656
237417, 44656
237648, 44656
238568, 44656
240024, 44656
240701, 44656
241275, 44656
243051, 44656
244859, 44656
246799, 44656
247303, 44656
247770, 44656
247805, 44656
249705, 44656
250283, 44656
251099, 44656
251146, 44656
253715, 44656
253952, 44656
254857, 44656
255988, 44656
257673, 44656
262108, 44656
263920, 44656
265258, 44656
266315, 44656
266349, 44656
273486, 44656
277103, 44656
277339, 44656
279487, 44656
279524, 44656
281194, 44656
281495, 44656
282376, 44656
283646, 44656
284056, 44656
285993, 44656
286249, 44656
286716, 44656
286884, 44656
287298, 44656
288497, 44656
290773, 44656
292146, 44656
294451, 44656
295506, 44656
87046, 43787
94076, 43787
95381, 43787
99956, 43787
103414, 43787
105084, 43787
108353, 43787
108844, 43787
111434, 43787
111663, 43787
112252, 43787
112275, 43787
113833, 43787
115261, 43787
116851, 43787
118696, 43787
118755, 43787
121202, 43787
123589, 43787
124600, 43787
127633, 43787
127955, 43787
128390, 43787
129010, 43787
130843, 43787
133208, 43787
133453, 43787
136603, 43787
141952, 43787
151257, 43787
153590, 43787
162615, 43787
176397, 43787
106903, 43595
112129, 43595
115280, 43595
122059, 43595
115615, 38921
186468, 28317
237444, 26078
157513, 7176
179281, 7166
208894, 7166
256563, 7163
289954, 7151
90096, 7124
128173, 7124
129796, 7124
145282, 7124
149575, 7124
150230, 7124
153158, 7124
155367, 7124
166280, 7124
174972, 7124
177844, 7124
181968, 7124
185574, 7124
188544, 7124
197854, 7124
201121, 7124
201126, 7124
201651, 7124
209953, 7124
219910, 7124
228450, 7124
256994, 7124
260567, 7124
267218, 7124
268598, 7124
279172, 7124
281677, 7124
284884, 7124
78359, 7123
168802, 7123
245394, 7107
210372, 7096
273161, 7096
248194, 7033
56390, 7030
134814, 6999
36392, 6990
49401, 6990
110172, 6990
139349, 6990
216444, 6990
228344, 6990
289666, 6990
170095, 6988
179862, 6977
129170, 6968
238691, 6968
251168, 6968
275915, 6968
277865, 6968
286248, 6968
287123, 6968
287952, 6968
215836, 6956
272140, 6956
260235, 6941
50249, 6933
68456, 6933
271393, 6923
221976, 6919
276376, 6919
296280, 6919
23350, 6895
86226, 6895
207476, 6895
230372, 6860
261534, 6860
179061, 6853
181914, 6853
231110, 6853
239307, 6853
256416, 6853
262248, 6853
269969, 6853
294012, 6853
53671, 6843
78623, 6787
185997, 6787
259289, 6787
234148, 6727
149783, 6703
170460, 6703
217947, 6703
169067, 6694
172381, 6694
149964, 6678
196368, 6652
235005, 6594
87739, 6590
186991, 6561
191996, 6561
225090, 6561
255911, 6561
273328, 6561
64083, 6548
111895, 6520
111406, 6475
116670, 6475
143267, 6475
150852, 6475
212492, 6475
172071, 6474
215017, 6474
72897, 6468
95279, 6468
111322, 6468
169617, 6468
177964, 6468
215799, 6468
221373, 6468
251615, 6468
281339, 6468
104879, 6464
275346, 6464
289811, 6464
151519, 6415
197565, 6415
294008, 6415
110232, 6395
256759, 6385
185735, 6283
208900, 6272
111288, 6257
158650, 6242
174496, 6242
259985, 6242
115646, 6233
288273, 6233
183909, 6221
197767, 6219
60046, 6209
80899, 6209
134932, 6209
148053, 6209
157740, 6209
206046, 6209
41661, 6199
122330, 6199
149286, 6199
154792, 6199
218431, 6199
267621, 6199
290341, 6199
101718, 6198
124423, 6198
120755, 6177
191148, 6177
215271, 6177
277119, 6177
129178, 6171
142943, 6171
222572, 6171
294430, 6159
106180, 6146
196847, 6146
200149, 6146
222680, 6146
261983, 6146
267574, 6146
274080, 6146
90413, 6141
283041, 6141
293141, 6141
238250, 6111
296325, 6111
106356, 6088
204855, 6088
264525, 6085
246418, 6065
240244, 6061
113097, 6055
115200, 6055
199733, 6055
237639, 6055
246360, 6055
294337, 6055
95818, 6050
161958, 6050
197808, 6050
212179, 6050
231684, 6050
249729, 6050
296262, 6050
165370, 6049
260101, 6049
212714, 6027
72257, 6025
88187, 6025
176411, 6025
201615, 6025
220216, 6025
224111, 6025
251083, 6025
258530, 6025
290126, 6025
290378, 6025
90442, 5997
190925, 5997
171865, 5996
184825, 5990
221078, 5981
161007, 5978
202785, 5978
206954, 5978
256413, 5978
38527, 5969
55570, 5969
56609, 5969
58177, 5969
65764, 5969
86677, 5969
103232, 5969
107095, 5969
108379, 5969
128404, 5969
151851, 5969
157641, 5969
196549, 5969
178324, 5968
269047, 5968
291758, 5968
22325, 5957
48320, 5957
58152, 5957
69274, 5957
89782, 5957
97612, 5957
109101, 5957
117387, 5957
134487, 5957
142423, 5957
151947, 5957
158026, 5957
161867, 5957
164583, 5957
166584, 5957
168687, 5957
208253, 5957
229428, 5957
232327, 5957
277256, 5957
281913, 5957
283144, 5957
96898, 5914
197304, 5914
198930, 5914
202231, 5914
260485, 5914
264862, 5914
89764, 5903
102023, 5903
107399, 5903
195662, 5903
230833, 5903
241195, 5903
247399, 5903
199317, 5894
233630, 5886
223872, 5877
127088, 5848
176636, 5848
103654, 5847
131222, 5847
134170, 5847
140098, 5847
140604, 5847
147462, 5847
179107, 5847
205060, 5847
214156, 5847
222879, 5847
224897, 5847
229925, 5847
255936, 5847
262939, 5847
266954, 5847
267962, 5847
290323, 5847
96150, 5822
261354, 5822
295826, 5821
175506, 5816
205433, 5816
207729, 5816
220108, 5815
295941, 5803
18860, 5802
38535, 5802
130297, 5800
210601, 5800
264438, 5800
271809, 5800
289755, 5800
96558, 5799
117191, 5799
119696, 5799
133550, 5799
175786, 5799
294783, 5799
35342, 5778
51319, 5778
72540, 5778
117921, 5778
174723, 5778
75821, 5768
89075, 5768
94453, 5768
96750, 5768
130456, 5768
211813, 5768
240401, 5768
269035, 5768
95165, 5762
132360, 5762
44499, 5759
210297, 5759
284807, 5759
288163, 5759
110456, 5748
110868, 5748
113660, 5748
116894, 5748
117296, 5748
143133, 5748
153658, 5748
244639, 5748
258261, 5748
269831, 5748
293451, 5748
150907, 5738
220356, 5730
96776, 5725
159663, 5725
194266, 5725
284465, 5725
290688, 5725
265014, 5717
265344, 5717
223900, 5694
79913, 5692
99414, 5692
205678, 5688
9659, 5676
14624, 5676
14787, 5676
22652, 5676
105172, 5671
112246, 5671
191031, 5671
195048, 5671
203072, 5671
216169, 5671
236858, 5671
245143, 5671
294752, 5671
21608, 5657
43573, 5657
54377, 5657
65643, 5657
67052, 5657
67401, 5657
78379, 5657
85068, 5657
88385, 5657
91920, 5657
96109, 5657
119303, 5657
120449, 5657
127316, 5657
140166, 5657
143634, 5657
174629, 5657
175041, 5657
178472, 5657
181417, 5657
220031, 5657
224592, 5657
232551, 5657
237748, 5657
243466, 5657
253996, 5657
255562, 5657
261231, 5657
265876, 5657
268413, 5657
273696, 5657
276678, 5657
278437, 5657
283810, 5657
293784, 5657
295871, 5657
225543, 5653
170712, 5648
221093, 5645
13661, 5642
30062, 5642
49266, 5642
73162, 5642
153843, 5641
67461, 5634
164585, 5634
139808, 5633
223079, 5632
234675, 5632
285680, 5630
244656, 5628
253109, 5628
111487, 5619
145110, 5619
227773, 5619
245148, 5619
236474, 5605
122481, 5599
196689, 5599
248562, 5599
272236, 5599
287678, 5599
88923, 5591
215435, 5591
272148, 5591
84143, 5583
148395, 5577
150956, 5577
214275, 5576
61182, 5574
166237, 5565
224315, 5565
176268, 5564
172013, 5556
112268, 5554
118109, 5547
157761, 5547
261677, 5547
217032, 5537
232878, 5537
261608, 5537
266242, 5537
241354, 5515
254367, 5515
99575, 5511
123022, 5511
154583, 5511
233983, 5511
284031, 5511
176705, 5504
178524, 5504
255097, 5504
262629, 5494
219707, 5476
92074, 5464
191905, 5456
260496, 5453
277383, 5426
276524, 5418
137009, 5416
137666, 5416
151013, 5416
268592, 5416
1774, 5414
66008, 5414
40736, 5412
44939, 5412
54350, 5412
66065, 5412
67087, 5412
100581, 5412
103498, 5412
110533, 5412
117968, 5412
123430, 5412
140957, 5412
145712, 5412
148921, 5412
160551, 5412
160943, 5412
177332, 5412
192691, 5412
198477, 5412
258917, 5412
267959, 5412
233369, 5409
79915, 5403
188644, 5403
247816, 5392
249454, 5392
290628, 5392
261083, 5389
130537, 5387
175298, 5387
181379, 5387
258067, 5387
23044, 5376
127589, 5376
142439, 5376
143759, 5376
171953, 5376
176199, 5376
200070, 5376
173355, 5374
279422, 5362
283451, 5362
164531, 5333
282652, 5333
211278, 5316
240758, 5282
64117, 5279
126754, 5272
196295, 5272
252440, 5272
285866, 5272
294256, 5272
220761, 5264
234406, 5264
106124, 5259
237859, 5259
279811, 5259
223418, 5250
231071, 5250
195612, 5245
265214, 5242
259634, 5239
94660, 5238
150219, 5238
192127, 5238
207179, 5238
210051, 5238
267628, 5238
271172, 5238
122809, 5235
132396, 5235
197840, 5235
220412, 5235
231876, 5235
90914, 5232
183817, 5232
187354, 5232
211104, 5232
282222, 5232
122020, 5231
127056, 5231
141711, 5231
64476, 5230
72993, 5230
177018, 5230
178291, 5230
183239, 5230
201670, 5230
225634, 5230
236011, 5230
268637, 5230
141566, 5228
122263, 5226
11903, 5219
12065, 5219
84255, 5219
83771, 5218
84117, 5218
115042, 5218
139339, 5218
218063, 5218
237094, 5218
237782, 5218
251624, 5218
255673, 5218
279944, 5218
283023, 5218
237220, 5217
245624, 5215
69931, 5207
137702, 5207
198614, 5202
59254, 5200
69632, 5200
120061, 5200
160617, 5200
130441, 5196
143153, 5196
183307, 5196
193046, 5196
236449, 5196
241392, 5196
258782, 5196
280660, 5196
121783, 5195
157484, 5195
150156, 5194
180418, 5194
181692, 5194
184557, 5194
209612, 5194
210272, 5194
222313, 5194
281892, 5194
296628, 5194
166324, 5192
201839, 5192
82114, 5180
214619, 5180
217387, 5180
242576, 5180
159626, 5178
105409, 5177
113485, 5177
140981, 5177
150206, 5177
207174, 5177
209865, 5177
213011, 5177
238071, 5177
238527, 5177
246275, 5177
248432, 5177
258306, 5177
259732, 5177
271049, 5177
290360, 5177
66688, 5172
114371, 5172
129384, 5172
257294, 5172
281756, 5169
278237, 5166
101531, 5142
206056, 5142
212397, 5142
253230, 5142
256214, 5142
259722, 5142
282596, 5142
290831, 5142
147512, 5137
153016, 5137
172102, 5133
163940, 5128
152144, 5122
153167, 5122
174692, 5122
200716, 5122
230091, 5122
237923, 5122
248483, 5122
273936, 5122
267321, 5105
122698, 5103
135200, 5103
141650, 5103
148524, 5103
152544, 5103
206007, 5103
249959, 5103
255465, 5103
261804, 5103
269277, 5103
17157, 5102
117638, 5102
135750, 5102
152410, 5102
174683, 5102
181667, 5102
183811, 5101
229377, 5101
285707, 5101
62589, 5100
65541, 5100
79856, 5100
92182, 5100
160440, 5100
201586, 5100
236648, 5100
265354, 5100
268022, 5100
199114, 5099
138755, 5098
139248, 5098
142469, 5098
151336, 5098
151609, 5098
196892, 5098
240575, 5098
253260, 5098
278151, 5098
289139, 5098
295575, 5098
172543, 5091
242534, 5091
222482, 5085
285322, 5085
285878, 5085
63411, 5078
106397, 5078
140181, 5078
153589, 5078
160709, 5078
174548, 5078
206728, 5078
208843, 5078
215366, 5078
218146, 5078
219361, 5078
228295, 5078
228540, 5078
236574, 5078
260698, 5078
271476, 5078
284411, 5078
284722, 5078
53769, 5077
154587, 5077
159031, 5077
226081, 5077
234754, 5077
251942, 5077
292113, 5077
284429, 5074
192724, 5066
255455, 5064
178754, 5063
45793, 5062
49251, 5062
105853, 5062
113367, 5062
133885, 5062
156893, 5062
183620, 5062
196997, 5062
197348, 5062
212110, 5062
217758, 5062
223246, 5062
235764, 5062
255019, 5062
270649, 5062
287051, 5062
290860, 5062
291790, 5062
87574, 5060
127423, 5060
186683, 5060
238043, 5060
267141, 5060
268107, 5060
273319, 5060
286801, 5060
293058, 5060
295881, 5060
106355, 5052
117599, 5052
241846, 5052
288912, 5052
76170, 5050
97899, 5050
144894, 5050
156853, 5050
166688, 5050
206884, 5050
208693, 5050
216366, 5050
233292, 5050
233935, 5050
236817, 5050
247407, 5050
13016, 5044
229960, 5044
231177, 5044
240941, 5044
288113, 5044
75001, 5034
125867, 5034
138760, 5034
202675, 5034
229518, 5034
234715, 5034
238266, 5034
266475, 5034
276130, 5034
282120, 5034
17695, 5029
128524, 5029
176519, 5029
224823, 5029
200699, 5028
291550, 5028
137551, 5021
195766, 5021
93434, 5019
100641, 5019
108303, 5019
131000, 5019
132081, 5019
142624, 5019
156363, 5019
165240, 5019
174522, 5019
176960, 5019
206717, 5019
207118, 5019
213056, 5019
256103, 5019
174021, 5014
231913, 5014
86644, 5013
90612, 5013
183390, 5013
188347, 5013
196714, 5013
229117, 5013
76032, 5009
81933, 5009
130950, 5009
162685, 5009
180903, 5009
190529, 5009
192058, 5009
194120, 5009
218738, 5009
218756, 5009
226000, 5009
226536, 5009
228280, 5009
239564, 5009
257231, 5009
267233, 5009
84320, 5006
115155, 5006
153526, 5006
165158, 5006
219981, 5006
69530, 5005
107831, 5005
138790, 5005
160988, 5005
163121, 5005
216646, 5005
263965, 5005
275765, 5005
292723, 5005
223822, 5002
31971, 5000
52141, 5000
93336, 5000
187019, 5000
142871, 4996
143589, 4996
206765, 4996
214784, 4996
218117, 4996
239155, 4996
184734, 4995
192020, 4995
192259, 4995
269330, 4995
288840, 4995
86138, 4991
139067, 4991
143101, 4991
156596, 4991
160466, 4991
164426, 4991
214963, 4991
217097, 4991
225453, 4991
242290, 4991
253225, 4991
259162, 4991
269158, 4991
269251, 4991
274320, 4991
286768, 4991
289633, 4991
290374, 4991
47111, 4981
283770, 4981
112879, 4980
269994, 4980
66540, 4974
119138, 4974
138796, 4974
142348, 4974
148085, 4974
153817, 4974
170519, 4974
247361, 4974
254284, 4974
276027, 4974
285426, 4974
151043, 4972
190662, 4972
271086, 4972
76731, 4969
180783, 4969
63118, 4966
103655, 4966
113843, 4966
136393, 4966
144500, 4966
190034, 4966
216185, 4966
259989, 4966
262994, 4966
269476, 4966
290084, 4966
58418, 4951
170883, 4951
197526, 4951
245089, 4951
266996, 4951
261941, 4950
30190, 4949
184253, 4949
232636, 4949
252662, 4949
125994, 4945
155300, 4945
227744, 4945
280140, 4945
288987, 4945
93297, 4937
262295, 4937
36195, 4935
38660, 4935
118055, 4935
195089, 4932
174549, 4929
205352, 4929
47531, 4928
111589, 4928
138329, 4928
147218, 4928
152640, 4928
156876, 4928
190680, 4928
215818, 4928
231910, 4928
280636, 4928
288674, 4928
92670, 4920
119928, 4920
161425, 4920
169627, 4920
172541, 4920
194776, 4920
201578, 4920
211446, 4920
224557, 4920
225996, 4920
231824, 4920
233938, 4920
244819, 4920
244941, 4920
250091, 4920
282670, 4920
289887, 4920
89241, 4915
147012, 4915
152104, 4915
164031, 4915
289699, 4915
70996, 4905
87016, 4905
108874, 4905
118378, 4905
130373, 4905
132015, 4905
157945, 4905
170638, 4905
200408, 4905
213182, 4905
254951, 4905
259744, 4905
279103, 4905
282399, 4905
289551, 4902
215933, 4892
258314, 4892
62504, 4887
68652, 4887
90468, 4887
125925, 4887
194854, 4887
203447, 4887
213354, 4887
223993, 4887
230908, 4887
240697, 4887
250740, 4887
262104, 4887
296550, 4887
142376, 4885
151306, 4885
231409, 4885
246063, 4885
248961, 4885
250655, 4885
267142, 4885
268819, 4885
287435, 4885
292295, 4885
153620, 4884
286520, 4884
288284, 4884
292330, 4884
296111, 4884
172499, 4882
75881, 4879
177661, 4879
247670, 4879
171962, 4877
271588, 4877
293277, 4877
241955, 4872
77946, 4869
138396, 4869
142392, 4869
191269, 4869
217296, 4869
248968, 4869
164508, 4866
112038, 4865
138413, 4865
142109, 4865
142842, 4865
190436, 4865
222668, 4865
224785, 4865
237069, 4865
241067, 4865
242997, 4865
275192, 4865
284885, 4865
174238, 4863
290549, 4863
102616, 4860
197884, 4860
202662, 4860
164740, 4859
177490, 4859
184329, 4859
189339, 4859
282516, 4859
42494, 4858
193904, 4858
237358, 4853
70816, 4847
176614, 4847
22835, 4846
52770, 4846
59719, 4846
63869, 4846
75612, 4846
82831, 4846
92594, 4846
98815, 4846
133062, 4846
133481, 4846
137447, 4846
154301, 4846
188437, 4846
205391, 4846
134473, 4844
143362, 4844
239879, 4844
175484, 4837
180034, 4837
180700, 4837
196293, 4837
213523, 4837
213568, 4837
271260, 4837
285056, 4837
156475, 4835
227707, 4835
288788, 4834
121866, 4828
127124, 4828
130283, 4828
147616, 4828
157446, 4828
162552, 4828
180603, 4828
196529, 4828
223179, 4828
245403, 4828
277893, 4828
39962, 4826
4991, 4823
64375, 4820
12450, 4818
230424, 4818
177098, 4817
183327, 4817
195253, 4817
209299, 4817
291956, 4817
97320, 4812
160062, 4811
186647, 4811
157677, 4804
236612, 4804
285687, 4800
77331, 4798
256593, 4798
274455, 4798
288819, 4798
25164, 4796
81065, 4796
82404, 4796
83635, 4796
84423, 4796
118225, 4796
126197, 4796
126645, 4796
133662, 4796
160622, 4796
164522, 4796
167381, 4796
188434, 4796
208259, 4796
228074, 4796
245811, 4796
184406, 4794
125202, 4793
128385, 4793
139033, 4793
145461, 4793
154433, 4793
165590, 4793
168455, 4793
219224, 4793
252094, 4793
255541, 4793
270480, 4793
284521, 4793
291026, 4793
292059, 4793
83107, 4792
131846, 4792
272450, 4792
179985, 4791
235052, 4791
141597, 4788
172241, 4788
254264, 4788
80636, 4785
219583, 4781
223103, 4781
289584, 4781
123208, 4780
143012, 4780
50361, 4776
147256, 4776
210144, 4776
239883, 4776
36291, 4773
97199, 4773
142698, 4773
146962, 4773
185125, 4773
200672, 4773
228486, 4773
244232, 4773
282341, 4773
44862, 4772
64725, 4772
83086, 4772
89434, 4772
112772, 4772
117171, 4772
133029, 4772
138368, 4772
147657, 4772
152770, 4772
157096, 4772
172790, 4772
195982, 4772
227438, 4772
248662, 4772
253734, 4772
286402, 4772
292732, 4772
123439, 4768
105937, 4765
130194, 4763
137379, 4763
257185, 4763
279369, 4763
81270, 4760
244923, 4759
38575, 4754
62696, 4754
103756, 4752
131369, 4752
227580, 4752
284287, 4752
70017, 4749
76583, 4749
94735, 4749
106214, 4749
119252, 4749
138948, 4749
146027, 4749
146453, 4749
158794, 4749
159458, 4749
171192, 4749
186065, 4749
186076, 4749
214469, 4749
220725, 4749
221030, 4749
230306, 4749
232103, 4749
240738, 4749
241813, 4749
242446, 4749
243127, 4749
248585, 4749
249418, 4749
255154, 4749
261399, 4749
264296, 4749
267437, 4749
268448, 4749
269194, 4749
270197, 4749
273421, 4749
275683, 4749
100733, 4748
109195, 4748
151056, 4748
178385, 4748
248123, 4748
179091, 4747
190622, 4747
218512, 4747
238904, 4747
256843, 4747
263787, 4747
267294, 4747
287408, 4747
292067, 4747
108395, 4739
198594, 4739
266793, 4739
246374, 4736
95864, 4733
219672, 4733
268436, 4733
188911, 4731
252756, 4728
97584, 4726
198457, 4726
226825, 4726
264346, 4726
116754, 4719
151820, 4719
155285, 4719
167385, 4719
186416, 4719
195913, 4719
214761, 4719
262894, 4719
180648, 4717
59738, 4712
195709, 4712
200263, 4712
210028, 4712
240929, 4712
272169, 4712
278469, 4712
212752, 4707
215070, 4707
238341, 4707
268851, 4707
112488, 4705
164310, 4705
239975, 4705
260081, 4705
261895, 4705
295561, 4705
100472, 4701
101827, 4701
102914, 4701
141007, 4701
151267, 4701
156717, 4701
208971, 4701
223135, 4701
225384, 4701
226363, 4701
260597, 4701
267949, 4701
207439, 4700
252857, 4700
265608, 4700
70849, 4691
214941, 4691
51604, 4690
81241, 4690
124101, 4690
131608, 4690
138737, 4690
145332, 4690
154526, 4690
159944, 4690
166494, 4690
203473, 4690
203656, 4690
205184, 4690
206193, 4690
230887, 4690
237142, 4690
243423, 4690
292711, 4690
209386, 4687
211232, 4687
105483, 4685
173518, 4685
183597, 4685
231484, 4685
238869, 4683
267879, 4681
94390, 4679
256673, 4679
146626, 4678
163453, 4678
177980, 4678
180207, 4678
185333, 4678
199871, 4678
227984, 4678
231164, 4678
253396, 4678
156469, 4677
267682, 4677
128548, 4673
217871, 4673
170722, 4670
201385, 4670
145574, 4663
160589, 4663
162692, 4663
185779, 4663
242632, 4663
248728, 4663
254880, 4663
258906, 4663
284126, 4663
293822, 4663
102794, 4658
198990, 4658
202986, 4658
208952, 4658
219241, 4658
264837, 4655
110442, 4648
129165, 4648
146021, 4648
158274, 4648
198977, 4648
209659, 4648
213172, 4648
270231, 4648
155080, 4644
283626, 4644
286320, 4644
287831, 4644
84284, 4642
151068, 4642
166602, 4642
170086, 4642
185778, 4642
190647, 4642
210468, 4642
213606, 4642
217132, 4642
218388, 4642
237560, 4642
258484, 4642
258807, 4642
273439, 4642
289434, 4642
291335, 4642
140736, 4635
174963, 4633
289815, 4632
228100, 4628
184459, 4623
80720, 4617
258173, 4617
275648, 4617
84121, 4616
145140, 4616
171222, 4616
174134, 4616
184648, 4616
91301, 4612
93649, 4612
183672, 4612
143208, 4611
223952, 4611
232770, 4611
176804, 4610
266155, 4610
276755, 4610
120353, 4609
108214, 4608
68383, 4604
67912, 4602
130770, 4601
157434, 4601
208947, 4601
240435, 4601
246014, 4601
112709, 4598
122641, 4598
128579, 4598
133857, 4598
150923, 4598
159971, 4598
166881, 4598
173051, 4598
179486, 4598
185090, 4598
221416, 4598
259728, 4598
65330, 4597
133974, 4596
149334, 4596
274055, 4596
78934, 4595
152798, 4595
261022, 4595
282598, 4595
287354, 4595
140306, 4594
149719, 4594
219158, 4594
37821, 4593
153490, 4593
159244, 4593
282627, 4593
135276, 4592
146635, 4587
182821, 4587
219245, 4587
263766, 4587
54749, 4585
63178, 4585
134910, 4585
183568, 4585
210048, 4585
102579, 4582
130791, 4581
16934, 4580
28893, 4580
66409, 4580
82466, 4580
88156, 4580
96683, 4580
115254, 4580
125377, 4580
135882, 4580
142293, 4580
150657, 4580
187378, 4580
188669, 4580
210184, 4580
213052, 4580
246787, 4580
286070, 4580
160369, 4579
186298, 4579
210794, 4579
81264, 4576
86388, 4572
102442, 4572
160152, 4572
171247, 4572
183410, 4572
192272, 4572
252343, 4572
255739, 4572
275869, 4572
159923, 4571
211063, 4571
260737, 4571
283569, 4571
56130, 4569
67734, 4569
147473, 4569
162295, 4569
202707, 4569
208664, 4569
218801, 4569
230070, 4569
239367, 4569
252057, 4569
254352, 4569
265270, 4569
267324, 4569
273250, 4569
287814, 4568
295060, 4567
28699, 4565
272924, 4565
276555, 4565
91839, 4564
134312, 4564
149070, 4560
149181, 4560
240325, 4560
277032, 4560
62987, 4557
243378, 4557
166211, 4556
95561, 4553
108453, 4553
117780, 4553
145434, 4553
185039, 4553
185876, 4553
187415, 4553
187509, 4553
194905, 4553
231210, 4553
237193, 4553
253585, 4553
256066, 4553
264759, 4553
283216, 4553
290434, 4553
295966, 4553
10915, 4551
274114, 4551
61613, 4549
147309, 4549
213467, 4549
253181, 4549
77385, 4547
128236, 4547
145721, 4547
69434, 4544
194301, 4543
229217, 4543
17059, 4542
126790, 4542
170844, 4542
172385, 4542
270402, 4542
183598, 4541
66376, 4539
110524, 4533
176167, 4533
144828, 4531
231777, 4527
79347, 4524
29427, 4522
34, 4520
188792, 4520
263061, 4520
119302, 4516
122564, 4514
86224, 4512
100554, 4512
129031, 4512
189024, 4512
259515, 4512
261371, 4512
51964, 4509
104138, 4506
153149, 4506
154780, 4506
274000, 4506
128062, 4504
153151, 4504
207606, 4504
270535, 4504
264663, 4503
66155, 4502
104489, 4502
135282, 4502
212319, 4502
203234, 4501
177586, 4495
238276, 4495
225933, 4492
255918, 4489
158841, 4488
109421, 4486
205867, 4486
68977, 4485
162061, 4482
190759, 4482
286473, 4481
170299, 4479
104324, 4478
122371, 4478
144119, 4478
260326, 4478
248707, 4472
162549, 4467
190015, 4467
205993, 4467
11532, 4465
215719, 4465
222459, 4465
112330, 4461
170788, 4461
26438, 4459
129274, 4459
154289, 4459
160967, 4459
204047, 4459
205712, 4459
254130, 4459
273866, 4459
283385, 4459
126941, 4458
236664, 4458
199036, 4456
223279, 4456
224890, 4456
184729, 4452
221842, 4452
247133, 4452
202008, 4450
213557, 4446
136432, 4444
185348, 4442
244120, 4442
82964, 4441
259870, 4441
111504, 4440
33519, 4438
80918, 4438
94106, 4438
108665, 4438
115629, 4438
122601, 4438
130152, 4438
132513, 4438
139078, 4438
141216, 4438
144143, 4438
161442, 4438
168509, 4438
188121, 4438
216543, 4438
226727, 4438
233472, 4438
246044, 4438
258648, 4438
259242, 4438
68241, 4435
120735, 4435
36270, 4434
228441, 4434
231012, 4434
66032, 4433
101426, 4433
127756, 4433
139629, 4433
156599, 4433
168128, 4433
172894, 4433
190125, 4433
203348, 4433
209403, 4433
209731, 4433
222703, 4433
233106, 4433
233824, 4433
247313, 4433
253504, 4433
267989, 4433
274354, 4433
290139, 4433
290889, 4433
238640, 4432
53149, 4425
132532, 4425
252079, 4425
295338, 4425
136879, 4423
288515, 4423
210092, 4418
277936, 4418
179079, 4416
183310, 4416
195883, 4416
221652, 4416
262088, 4416
107128, 4415
107511, 4415
139318, 4415
230573, 4415
294061, 4415
141554, 4414
272216, 4414
239772, 4410
134544, 4408
243932, 4408
278478, 4408
204099, 4405
229980, 4405
188133, 4398
265889, 4398
150544, 4395
224475, 4395
286641, 4391
222714, 4389
288914, 4389
56060, 4383
80352, 4383
84009, 4383
119736, 4383
122131, 4383
125737, 4383
141057, 4383
169626, 4383
174269, 4383
191877, 4383
192918, 4383
194484, 4383
216379, 4383
217023, 4383
234850, 4383
250429, 4383
250658, 4383
284793, 4383
192456, 4381
243742, 4381
172299, 4379
142684, 4378
163600, 4375
163860, 4375
201098, 4375
219611, 4375
265253, 4375
68052, 4374
211618, 4370
253476, 4369
258732, 4369
294049, 4369
263577, 4366
219732, 4364
290183, 4364
91196, 4361
116040, 4361
138579, 4355
263465, 4355
63029, 4352
183194, 4352
114479, 4351
210814, 4349
238621, 4349
262625, 4349
117719, 4348
126271, 4348
132318, 4348
157681, 4348
160761, 4348
163593, 4348
170803, 4348
187044, 4348
187838, 4348
203131, 4348
216292, 4348
225479, 4348
228684, 4348
230980, 4348
237980, 4348
245885, 4348
259809, 4348
263011, 4348
268495, 4348
273412, 4348
274372, 4348
290180, 4348
291367, 4348
296202, 4348
272800, 4347
156135, 4344
278546, 4344
290427, 4340
197805, 4333
224170, 4333
288800, 4333
65134, 4332
139358, 4332
156361, 4328
178619, 4328
293532, 4328
104441, 4326
113928, 4326
256323, 4323
32117, 4321
145010, 4321
235774, 4321
87547, 4320
156655, 4320
181438, 4320
193739, 4320
203796, 4320
257217, 4320
266914, 4320
69502, 4317
91272, 4317
109326, 4317
120535, 4317
131818, 4317
137018, 4317
152164, 4317
155365, 4317
195289, 4317
197062, 4317
198361, 4317
204732, 4317
250574, 4317
162158, 4311
173977, 4311
119735, 4297
270193, 4297
134540, 4294
178259, 4293
248374, 4291
283909, 4291
292000, 4282
98238, 4280
284166, 4279
91021, 4273
213508, 4273
223863, 4273
294757, 4272
216492, 4268
119412, 4265
277964, 4265
294428, 4265
43400, 4254
62677, 4254
70189, 4254
104548, 4254
166355, 4254
245350, 4254
89855, 4253
102980, 4253
105897, 4253
111451, 4253
118555, 4253
119116, 4253
126978, 4253
145541, 4253
151785, 4253
158499, 4253
160398, 4253
161529, 4253
161845, 4253
164261, 4253
167733, 4253
186782, 4253
209140, 4253
83670, 4252
96763, 4252
109840, 4252
152309, 4252
185681, 4252
155492, 4251
176235, 4251
223346, 4251
66944, 4248
93648, 4247
166843, 4247
237150, 4240
47682, 4235
60517, 4235
139070, 4231
243010, 4231
263362, 4231
161863, 4226
42164, 4224
58474, 4222
203500, 4222
274600, 4222
52626, 4216
192149, 4216
281921, 4215
161664, 4214
141438, 4210
175346, 4210
196080, 4210
226846, 4210
247412, 4210
248474, 4210
276263, 4209
28957, 4208
215415, 4207
230048, 4207
62220, 4206
71806, 4206
117366, 4206
196114, 4206
216691, 4206
254770, 4206
255018, 4206
156513, 4205
205532, 4205
220148, 4205
250789, 4205
68796, 4204
146342, 4204
156563, 4204
110833, 4203
122901, 4203
146750, 4203
267696, 4203
276216, 4203
296024, 4203
83252, 4200
179536, 4200
215275, 4200
136762, 4196
51697, 4186
136114, 4186
214117, 4186
111124, 4185
63264, 4184
120890, 4184
32509, 4176
227820, 4176
112087, 4175
150168, 4175
158685, 4175
197197, 4175
238178, 4175
261287, 4175
295617, 4175
177042, 4173
198875, 4168
204993, 4168
239755, 4168
246680, 4168
280403, 4168
25024, 4165
92964, 4159
208016, 4144
290284, 4135
69223, 4130
160723, 4127
193358, 4127
202309, 4127
283243, 4127
179941, 4125
78253, 4124
97990, 4124
130435, 4124
146957, 4124
166817, 4124
170497, 4124
182225, 4124
182424, 4124
203936, 4124
207650, 4124
209284, 4124
212267, 4124
216685, 4124
230818, 4124
242635, 4124
252009, 4124
255431, 4124
264593, 4124
285304, 4124
285438, 4124
134191, 4122
159323, 4122
291504, 4121
135310, 4120
66860, 4113
147997, 4113
179872, 4113
209352, 4111
228305, 4111
287411, 4111
275329, 4102
58920, 4096
77225, 4096
100723, 4096
160987, 4096
210150, 4096
217145, 4096
250329, 4096
289420, 4093
111088, 4092
237180, 4092
290244, 4092
270426, 4090
6213, 4087
135666, 4085
176557, 4083
129302, 4079
224239, 4074
250810, 4074
253454, 4074
134901, 4066
139825, 4065
231136, 4065
281489, 4063
52258, 4060
80951, 4060
82762, 4060
88025, 4060
91756, 4060
99593, 4060
109361, 4060
116778, 4060
117834, 4060
146736, 4060
148223, 4060
164058, 4060
174137, 4060
193330, 4060
194303, 4060
206091, 4060
212241, 4060
187024, 4059
262076, 4059
108850, 4057
280387, 4057
268817, 4056
143592, 4055
210834, 4048
104448, 4046
112345, 4046
126146, 4046
132531, 4046
133642, 4046
134006, 4046
137696, 4046
150215, 4046
159315, 4046
159469, 4046
160289, 4046
163196, 4046
179936, 4046
181816, 4046
199525, 4046
200602, 4046
204746, 4046
217849, 4046
223519, 4046
225637, 4046
244375, 4046
252883, 4046
255796, 4046
258958, 4046
272497, 4046
276839, 4046
282337, 4046
287453, 4046
288237, 4046
289863, 4046
295056, 4046
214186, 4040
292189, 4040
255205, 4036
33425, 4030
168999, 4030
115361, 4022
124131, 4022
136124, 4016
139992, 4016
54636, 4015
83672, 4015
181939, 4012
280240, 4009
30780, 4002
81074, 4002
246368, 4002
128734, 4000
175341, 4000
207253, 4000
64396, 3999
283781, 3999
221129, 3994
231290, 3994
71718, 3991
96501, 3991
172096, 3991
231739, 3991
36535, 3989
134093, 3989
153028, 3989
181760, 3989
185266, 3989
163349, 3983
101914, 3979
104782, 3979
174580, 3977
252693, 3977
91255, 3975
127967, 3970
158430, 3970
257410, 3970
257474, 3970
268197, 3970
233495, 3968
219430, 3965
262356, 3965
279568, 3965
212602, 3962
241679, 3961
259706, 3961
93735, 3958
112851, 3958
171698, 3958
174973, 3958
218088, 3958
76536, 3957
128906, 3956
270373, 3956
166117, 3955
194048, 3955
215644, 3955
219370, 3954
112579, 3950
184277, 3938
236764, 3938
266147, 3937
130235, 3928
85621, 3918
118738, 3918
130083, 3918
133455, 3918
188430, 3918
239640, 3918
259507, 3918
191179, 3917
273196, 3916
26885, 3915
62906, 3915
73965, 3915
163390, 3915
208091, 3915
182691, 3906
112300, 3905
216416, 3904
234989, 3904
87577, 3902
184306, 3901
214107, 3900
255446, 3900
67199, 3897
109304, 3897
151578, 3897
179817, 3895
221820, 3895
213498, 3892
111773, 3891
246100, 3889
273772, 3887
115574, 3885
98285, 3884
147359, 3884
205120, 3884
130233, 3882
250016, 3882
262616, 3882
197518, 3881
149159, 3876
179821, 3876
181743, 3876
104965, 3875
115757, 3875
228056, 3872
119582, 3868
15280, 3864
190054, 3864
181244, 3863
101445, 3860
165874, 3860
145199, 3857
130814, 3856
132883, 3856
172662, 3856
247192, 3856
78429, 3855
200901, 3853
68902, 3850
68907, 3850
74483, 3850
78904, 3850
94885, 3850
109865, 3850
111615, 3850
121271, 3850
143048, 3850
179595, 3850
192838, 3850
220946, 3850
146643, 3849
198004, 3849
250099, 3849
253026, 3849
176455, 3844
289455, 3844
164942, 3843
59443, 3842
121799, 3842
230413, 3842
227061, 3839
276023, 3839
293889, 3839
46110, 3837
168111, 3837
205670, 3837
104249, 3835
107083, 3835
257155, 3835
120643, 3833
166682, 3831
235554, 3828
270831, 3828
76068, 3823
111285, 3823
137848, 3823
145182, 3823
157010, 3823
189297, 3823
204629, 3823
206420, 3823
241265, 3823
242560, 3823
250751, 3820
254103, 3819
49850, 3814
36198, 3812
154410, 3812
15759, 3808
182189, 3807
158461, 3803
210618, 3803
246177, 3803
255295, 3803
33956, 3801
118125, 3795
204738, 3795
238070, 3795
241223, 3795
252578, 3795
39398, 3794
123090, 3794
71745, 3788
14746, 3787
214251, 3787
78204, 3783
223220, 3783
232814, 3783
278190, 3781
62294, 3777
201524, 3777
76214, 3775
282701, 3775
34508, 3773
50417, 3773
63211, 3773
66283, 3773
76140, 3773
194311, 3773
214159, 3773
132582, 3772
223651, 3771
268192, 3770
102231, 3768
136575, 3768
94019, 3765
119493, 3765
131293, 3765
144123, 3764
227260, 3763
285978, 3763
22166, 3762
146646, 3762
169375, 3761
87987, 3760
115403, 3760
180637, 3752
41365, 3750
64291, 3750
68523, 3750
78118, 3750
189977, 3750
194746, 3750
256824, 3750
257554, 3747
58640, 3746
160678, 3746
172085, 3746
246308, 3746
271792, 3746
83268, 3745
24746, 3740
258095, 3740
77786, 3737
275492, 3734
110629, 3733
121743, 3733
168947, 3733
14827, 3730
17748, 3730
19697, 3730
24665, 3730
29122, 3730
34215, 3730
42888, 3730
49527, 3730
172629, 3730
213519, 3730
284087, 3730
293884, 3730
22899, 3729
88583, 3729
118360, 3729
133301, 3729
171075, 3729
174275, 3729
192874, 3729
239418, 3729
251085, 3729
254868, 3729
288294, 3729
58241, 3722
22294, 3720
85443, 3720
195560, 3720
221198, 3720
178650, 3719
256474, 3719
156007, 3718
259039, 3718
29866, 3716
49513, 3716
69391, 3716
81829, 3716
127224, 3716
88637, 3715
126729, 3715
140747, 3715
183787, 3711
251933, 3711
106049, 3709
95399, 3704
248943, 3704
251478, 3704
44691, 3703
6110, 3701
39488, 3701
51400, 3701
91845, 3701
106340, 3701
132781, 3701
200489, 3698
143605, 3697
78263, 3696
251880, 3693
265628, 3693
93286, 3692
220910, 3690
241181, 3690
283780, 3690
87123, 3688
266883, 3688
165550, 3685
194381, 3684
29749, 3683
58118, 3683
129047, 3683
137842, 3683
154120, 3683
169988, 3683
203007, 3683
236908, 3683
237579, 3683
242068, 3683
290585, 3683
131807, 3679
147452, 3675
29777, 3672
32820, 3672
123906, 3672
165578, 3672
181776, 3672
234894, 3672
121901, 3664
226914, 3657
261868, 3657
76184, 3656
134303, 3655
68438, 3654
119355, 3654
148670, 3654
181713, 3654
205768, 3654
294853, 3654
151025, 3653
138915, 3652
143911, 3651
125180, 3650
179001, 3650
187578, 3645
53612, 3643
102324, 3643
222397, 3639
34837, 3634
63835, 3634
74709, 3634
79537, 3634
115639, 3634
126633, 3634
135129, 3634
155210, 3634
167827, 3634
185121, 3634
277379, 3634
288935, 3634
41927, 3631
138931, 3631
275352, 3631
162961, 3630
62079, 3628
35151, 3627
79000, 3627
96262, 3627
259974, 3624
158663, 3623
62260, 3622
37588, 3616
221717, 3616
91189, 3614
64020, 3609
144349, 3608
134113, 3607
37701, 3606
126671, 3604
182760, 3604
198968, 3604
201700, 3604
60256, 3602
138002, 3602
111259, 3599
83352, 3594
111569, 3594
254556, 3592
82086, 3586
203037, 3583
246669, 3580
259468, 3578
119052, 3577
164607, 3577
249391, 3577
289073, 3577
106164, 3573
136754, 3572
125382, 3566
10249, 3565
69345, 3559
232271, 3559
232538, 3558
15669, 3557
129568, 3557
162971, 3557
170038, 3557
172337, 3557
191377, 3557
201858, 3557
210418, 3557
252810, 3557
265870, 3557
282204, 3557
290058, 3557
200398, 3554
151411, 3552
153922, 3552
230360, 3552
161331, 3551
48708, 3546
96074, 3546
209373, 3546
214956, 3542
21417, 3540
143404, 3539
241892, 3534
67743, 3532
244297, 3530
123914, 3529
152109, 3529
293962, 3529
92387, 3526
226058, 3523
125347, 3522
196568, 3522
281652, 3522
282601, 3521
52133, 3517
71965, 3517
12212, 3514
91853, 3513
271421, 3512
224494, 3508
45916, 3505
5051, 3504
13802, 3504
43452, 3504
280033, 3504
133599, 3503
177799, 3503
249540, 3503
101381, 3499
225681, 3498
115258, 3495
222013, 3495
262001, 3495
271670, 3494
49973, 3492
74519, 3492
168420, 3492
121252, 3490
149796, 3490
205414, 3490
278501, 3490
83236, 3489
126256, 3483
31935, 3481
194802, 3474
15158, 3472
18065, 3472
79736, 3472
97470, 3472
149187, 3471
78972, 3469
114025, 3469
183756, 3469
209213, 3469
75416, 3466
190988, 3466
214747, 3466
250097, 3466
269921, 3466
116766, 3462
168049, 3461
136337, 3451
107744, 3450
208813, 3450
264122, 3448
58699, 3438
66386, 3433
206837, 3432
88452, 3431
238101, 3431
262085, 3431
75658, 3430
77945, 3430
147800, 3425
252666, 3421
285834, 3421
204120, 3418
51635, 3415
142064, 3407
282893, 3407
251437, 3403
287452, 3403
274075, 3402
279102, 3402
260956, 3398
61585, 3397
142770, 3397
102906, 3396
107255, 3392
13209, 3389
8671, 3387
138516, 3387
141175, 3387
258956, 3387
263958, 3387
289354, 3387
245900, 3380
111641, 3379
24727, 3378
209909, 3375
284531, 3374
129203, 3364
292809, 3360
83882, 3359
141475, 3359
147589, 3358
17003, 3356
21503, 3356
96744, 3356
153058, 3356
246455, 3356
12853, 3355
229115, 3354
155091, 3352
273500, 3352
34391, 3351
160534, 3351
289040, 3350
293088, 3350
130482, 3348
167840, 3347
224908, 3347
159064, 3338
179705, 3338
164032, 3337
171693, 3331
176658, 3330
262127, 3330
60114, 3326
109435, 3326
17646, 3325
42537, 3322
442, 3319
80649, 3319
113684, 3319
251176, 3319
272544, 3319
127758, 3317
100057, 3309
179938, 3308
46362, 3306
81854, 3306
107987, 3299
260305, 3298
266036, 3298
279292, 3298
277331, 3296
284254, 3290
123618, 3284
164042, 3284
233764, 3284
217819, 3280
228290, 3280
240453, 3280
200169, 3278
296444, 3271
193589, 3266
100983, 3263
274775, 3260
123629, 3258
152163, 3258
159298, 3258
244086, 3258
248040, 3258
266109, 3258
111794, 3255
262105, 3254
188717, 3249
220313, 3241
232527, 3240
76109, 3238
211592, 3238
282422, 3235
83524, 3227
112914, 3225
162447, 3225
154518, 3224
229671, 3224
272857, 3224
103922, 3220
41596, 3219
170539, 3219
233693, 3219
245948, 3219
275617, 3219
174762, 3218
226921, 3217
274117, 3214
261837, 3210
109751, 3208
164160, 3202
274610, 3202
233883, 3201
72957, 3185
113993, 3185
191573, 3185
272937, 3185
280859, 3185
286173, 3185
57730, 3171
124387, 3171
168558, 3171
275771, 3171
273344, 3166
80209, 3164
146813, 3161
144429, 3151
46643, 3143
50155, 3143
51221, 3143
73763, 3143
137634, 3143
52719, 3138
89614, 3138
109973, 3138
119431, 3138
251919, 3138
264468, 3138
293887, 3138
10005, 3135
64041, 3135
296429, 3133
31532, 3117
148894, 3117
161350, 3116
186191, 3116
201488, 3116
33006, 3110
64560, 3103
182599, 3098
84036, 3092
49096, 3087
185129, 3087
43751, 3083
223260, 3082
267524, 3082
217777, 3081
229464, 3081
273122, 3079
241214, 3078
252446, 3078
131533, 3077
258945, 3074
112481, 3070
231023, 3067
49721, 3059
270281, 3058
32417, 3055
62019, 3053
168586, 3049
78755, 3044
206598, 3044
275920, 3044
106718, 3040
122101, 3040
161528, 3040
198403, 3040
198946, 3040
223646, 3040
240896, 3040
242703, 3040
264390, 3040
279161, 3040
283771, 3040
166893, 3026
200245, 3026
247139, 3026
273659, 3026
285186, 3026
105277, 3025
257613, 3025
3134, 3024
180044, 3024
222460, 3024
269195, 3022
79756, 3021
194938, 3020
225861, 3020
261709, 3020
119837, 3014
289982, 3014
24867, 3008
136429, 3006
260693, 3000
226040, 2999
263795, 2997
45755, 2995
87992, 2995
10454, 2994
105844, 2994
153987, 2990
173863, 2990
28569, 2988
257428, 2986
46824, 2985
153222, 2985
148065, 2982
54997, 2977
277839, 2977
104806, 2976
264683, 2976
236638, 2975
8741, 2971
153430, 2971
7836, 2970
94945, 2961
99459, 2954
113191, 2954
227195, 2954
66365, 2953
19190, 2951
101788, 2951
217720, 2951
21379, 2948
278899, 2948
105187, 2947
199259, 2947
23353, 2946
8308, 2944
263189, 2943
129156, 2941
161220, 2939
22849, 2937
182805, 2937
103967, 2936
241612, 2936
41463, 2932
130773, 2932
294990, 2932
296266, 2932
54696, 2929
176584, 2929
198965, 2929
7494, 2924
33609, 2923
97424, 2923
153642, 2923
114259, 2919
139389, 2919
115945, 2916
242722, 2915
156348, 2914
254412, 2913
286723, 2913
87955, 2911
192576, 2911
231086, 2907
211395, 2903
246544, 2900
11841, 2899
21807, 2899
16123, 2897
186229, 2896
280382, 2896
53581, 2895
233604, 2895
22884, 2894
277166, 2894
90605, 2893
58790, 2892
167476, 2892
239344, 2888
263010, 2887
122709, 2885
25226, 2877
12253, 2876
9237, 2873
102663, 2873
40112, 2859
111084, 2857
245094, 2857
281430, 2852
130719, 2850
107005, 2843
268602, 2842
63486, 2835
92409, 2833
173655, 2833
197632, 2829
170816, 2822
141537, 2819
293702, 2818
49421, 2817
75587, 2817
205245, 2817
208316, 2817
231885, 2817
40545, 2815
81716, 2815
116367, 2815
144366, 2815
250431, 2815
281490, 2815
157368, 2814
251974, 2813
80725, 2812
191359, 2812
112817, 2811
213368, 2811
131332, 2810
214986, 2810
256689, 2810
79044, 2804
31283, 2798
36852, 2798
191610, 2798
230672, 2798
278979, 2798
120527, 2796
294435, 2793
229579, 2790
165987, 2788
225974, 2788
79765, 2786
139531, 2786
190302, 2786
256105, 2786
97989, 2784
127839, 2784
133990, 2784
141404, 2784
146515, 2784
147779, 2784
219876, 2784
210560, 2783
270790, 2783
93886, 2778
129467, 2777
228475, 2777
154436, 2776
179278, 2776
194464, 2776
104873, 2775
263058, 2775
57738, 2774
93828, 2774
104149, 2774
124703, 2774
151019, 2774
160421, 2774
184338, 2774
194402, 2774
289153, 2771
186852, 2766
241036, 2763
163770, 2758
176829, 2758
103036, 2752
125086, 2752
155515, 2752
14911, 2751
98549, 2751
245526, 2751
276620, 2751
97328, 2748
207755, 2748
234413, 2747
75823, 2740
197241, 2740
280807, 2740
89571, 2737
133989, 2737
147618, 2737
71790, 2730
113698, 2726
116012, 2726
67292, 2725
252258, 2723
271780, 2721
291590, 2721
293177, 2718
25571, 2717
36679, 2717
40547, 2717
46666, 2717
58649, 2717
59484, 2717
61430, 2717
62606, 2717
64183, 2717
66333, 2717
92199, 2717
95774, 2717
99322, 2717
106896, 2717
108271, 2717
119654, 2717
121667, 2717
134546, 2717
140062, 2717
146271, 2717
149008, 2717
201023, 2717
211644, 2717
246970, 2717
115068, 2714
19234, 2710
84464, 2710
132228, 2709
139665, 2709
49460, 2703
70212, 2703
71061, 2703
119428, 2703
121495, 2703
122103, 2703
150017, 2703
152364, 2703
160286, 2703
239217, 2703
104868, 2701
136192, 2701
193478, 2701
256991, 2701
205395, 2693
219654, 2691
82002, 2687
220456, 2686
60590, 2682
61214, 2682
80898, 2682
99894, 2682
117096, 2682
124601, 2682
152831, 2682
164364, 2682
165933, 2682
178810, 2682
12832, 2681
30739, 2681
70568, 2681
93746, 2681
100652, 2681
104263, 2681
151003, 2681
190607, 2681
203944, 2681
209085, 2681
210967, 2681
215123, 2681
282625, 2681
294054, 2681
219906, 2675
274198, 2675
23242, 2671
100475, 2671
267928, 2671
284952, 2671
8478, 2669
93910, 2669
51406, 2662
92771, 2662
277094, 2662
206961, 2660
270274, 2660
3228, 2658
39884, 2658
51019, 2658
88932, 2658
121412, 2658
123580, 2658
147200, 2658
154785, 2658
185610, 2658
186290, 2658
198230, 2658
212619, 2658
223706, 2658
229923, 2658
234905, 2658
238763, 2658
241717, 2658
246912, 2658
256078, 2658
277983, 2658
292249, 2658
155970, 2655
63164, 2653
124163, 2651
245049, 2650
143771, 2648
45506, 2647
152077, 2647
32634, 2643
38003, 2643
41522, 2643
42029, 2643
58835, 2643
60832, 2643
64216, 2643
76310, 2643
76949, 2643
77132, 2643
82229, 2643
87529, 2643
122155, 2643
125196, 2643
125696, 2643
163133, 2643
238928, 2643
282112, 2643
86878, 2642
35244, 2639
67595, 2638
4857, 2633
172273, 2633
174993, 2633
217398, 2633
25852, 2628
46869, 2625
167185, 2623
220820, 2623
243904, 2623
93317, 2622
157304, 2619
96894, 2612
40205, 2608
139813, 2607
191531, 2607
203643, 2607
30231, 2605
118665, 2605
82924, 2604
130851, 2603
275432, 2603
282931, 2603
22331, 2599
145692, 2599
156442, 2599
224169, 2599
287245, 2599
288091, 2599
138078, 2598
164328, 2598
691, 2596
40451, 2596
79169, 2596
86583, 2596
98580, 2596
99759, 2596
103119, 2596
103214, 2596
127431, 2596
135568, 2596
147611, 2596
154604, 2596
156286, 2596
159742, 2596
161303, 2596
162290, 2596
178070, 2596
180730, 2596
209573, 2596
211397, 2596
247188, 2596
275101, 2596
275975, 2596
283298, 2596
288389, 2596
288989, 2596
289981, 2595
126299, 2589
102049, 2583
19705, 2580
47520, 2580
158159, 2580
5737, 2576
4444, 2565
132826, 2565
72967, 2563
98910, 2563
47508, 2562
222255, 2559
251327, 2559
204371, 2558
30842, 2553
242551, 2550
133207, 2549
78427, 2547
193516, 2544
209968, 2538
28971, 2534
90503, 2534
70600, 2529
8933, 2523
14876, 2523
15663, 2523
177208, 2523
295798, 2510
89890, 2506
10840, 2505
22595, 2503
76917, 2498
125009, 2498
181998, 2498
56088, 2494
61147, 2494
166393, 2494
3754, 2488
30282, 2481
49420, 2480
24820, 2476
289382, 2475
92971, 2473
150545, 2473
55177, 2472
190031, 2471
225534, 2470
107048, 2462
28010, 2457
73453, 2452
211012, 2452
259907, 2452
10980, 2450
262500, 2446
109998, 2442
15557, 2441
264469, 2441
265077, 2439
49002, 2437
182311, 2437
227518, 2437
129168, 2434
296299, 2431
188492, 2427
223331, 2427
242016, 2427
257467, 2427
258777, 2427
261945, 2427
282349, 2427
88814, 2426
135395, 2425
146852, 2422
1809, 2418
926, 2417
240412, 2417
135168, 2413
19415, 2409
114267, 2409
65070, 2406
101838, 2402
205049, 2401
190464, 2395
24075, 2393
168011, 2393
217021, 2387
252908, 2387
288884, 2387
295156, 2387
11391, 2386
100461, 2386
221929, 2386
213031, 2385
276815, 2380
137405, 2377
230912, 2375
249047, 2375
129391, 2373
254910, 2373
95940, 2371
181189, 2371
108209, 2370
205860, 2370
270909, 2369
7525, 2366
47107, 2366
251387, 2366
5373, 2365
65236, 2365
17701, 2364
76284, 2364
135306, 2364
266260, 2364
275507, 2364
33214, 2363
56270, 2363
108699, 2363
136785, 2363
138284, 2363
145380, 2363
149269, 2363
160107, 2363
168563, 2363
169581, 2363
178540, 2363
181519, 2363
188352, 2363
189150, 2363
190036, 2363
194106, 2363
197903, 2363
200330, 2363
208993, 2363
210870, 2363
213768, 2363
214015, 2363
214422, 2363
215554, 2363
234284, 2363
240290, 2363
248409, 2363
253404, 2363
253656, 2363
257194, 2363
258892, 2363
263459, 2363
264867, 2363
277557, 2363
278055, 2363
283741, 2363
285645, 2363
292126, 2363
292375, 2363
294886, 2363
294977, 2363
46064, 2362
98145, 2362
176378, 2358
137711, 2355
174691, 2351
184935, 2351
30354, 2350
143365, 2350
147993, 2350
245372, 2350
267216, 2350
270134, 2347
3609, 2346
284690, 2335
150539, 2334
195026, 2334
59951, 2332
4919, 2331
216738, 2326
250548, 2326
78174, 2319
85527, 2319
138155, 2319
245331, 2319
258939, 2319
290297, 2319
87369, 2318
123861, 2318
252083, 2318
286923, 2318
139306, 2315
251206, 2309
167529, 2308
178429, 2308
88608, 2302
89286, 2302
291930, 2300
126724, 2298
234535, 2289
88357, 2287
208310, 2287
254814, 2287
47236, 2285
110212, 2285
118821, 2285
212128, 2284
85200, 2283
112906, 2283
159672, 2283
61127, 2276
262009, 2274
280622, 2274
35370, 2268
59557, 2268
123181, 2268
141305, 2268
162139, 2268
174965, 2268
193872, 2268
200886, 2268
223795, 2268
241793, 2268
265184, 2268
192547, 2264
246797, 2264
14843, 2263
61577, 2263
74340, 2262
243823, 2262
30872, 2261
274042, 2261
74904, 2260
73298, 2258
184473, 2258
87562, 2257
14485, 2255
196564, 2254
134281, 2251
2265, 2246
98326, 2244
179368, 2242
102034, 2241
109334, 2241
161082, 2241
188221, 2241
202181, 2241
211427, 2241
254071, 2241
269594, 2239
31152, 2238
103288, 2235
190452, 2233
208840, 2233
222315, 2230
11062, 2226
38733, 2226
167456, 2226
205997, 2226
226670, 2226
238222, 2226
244377, 2226
276318, 2226
76229, 2225
146793, 2225
6543, 2223
24909, 2220
57905, 2220
237280, 2217
120013, 2216
217164, 2216
226796, 2216
291579, 2216
22976, 2214
95461, 2213
104901, 2213
262384, 2209
139515, 2202
134452, 2199
251300, 2198
28452, 2197
63025, 2197
191185, 2197
247762, 2194
87792, 2192
11914, 2186
135849, 2186
267839, 2173
207537, 2172
260011, 2172
26477, 2169
217856, 2169
80261, 2168
98984, 2168
259641, 2168
16086, 2166
23642, 2162
132908, 2162
9386, 2161
177393, 2157
186870, 2157
212057, 2157
258726, 2157
217774, 2156
136174, 2155
103310, 2154
236233, 2152
262233, 2152
86806, 2151
108953, 2151
200074, 2149
46472, 2148
93402, 2148
119221, 2148
186344, 2148
204791, 2148
216608, 2148
217118, 2148
252216, 2148
253695, 2148
256729, 2148
260703, 2148
271853, 2148
288985, 2148
262508, 2145
136655, 2143
11267, 2140
26476, 2140
244741, 2140
62261, 2139
257877, 2136
146393, 2133
223315, 2133
249954, 2127
98686, 2126
138690, 2126
116824, 2123
11481, 2121
14304, 2118
24217, 2116
41920, 2113
52955, 2113
75097, 2113
96106, 2113
111038, 2113
147228, 2113
180354, 2113
229336, 2113
252221, 2113
258785, 2113
264896, 2113
288726, 2113
186064, 2110
147065, 2107
43922, 2102
227912, 2099
275445, 2097
83697, 2096
51215, 2095
102098, 2095
111388, 2095
147813, 2095
163469, 2095
164182, 2095
174235, 2095
184442, 2095
262257, 2095
266598, 2095
271180, 2095
277292, 2095
17566, 2094
246442, 2092
271620, 2089
57903, 2087
120615, 2087
26533, 2079
34900, 2079
53377, 2079
99004, 2079
195886, 2079
222673, 2079
94020, 2078
234496, 2075
63336, 2072
151224, 2069
185368, 2069
294860, 2069
65163, 2065
124377, 2063
97134, 2061
208320, 2060
254927, 2060
249824, 2059
156612, 2058
12768, 2055
180476, 2054
251960, 2054
167023, 2049
195362, 2049
151314, 2047
76767, 2046
106522, 2046
216253, 2046
261106, 2046
274092, 2046
240775, 2045
249360, 2045
252353, 2045
19113, 2043
140016, 2043
159383, 2043
233527, 2043
274062, 2043
293310, 2043
293525, 2043
18395, 2039
155864, 2039
208722, 2039
282561, 2039
288318, 2038
180056, 2031
29761, 2028
32565, 2028
128464, 2028
148873, 2028
164760, 2028
179187, 2028
203814, 2028
228814, 2028
229256, 2028
232280, 2028
252682, 2028
285197, 2028
293186, 2028
130203, 2027
51637, 2026
4828, 2025
62921, 2025
262373, 2025
150786, 2019
236314, 2019
273663, 2019
134880, 2018
31403, 2015
47723, 2015
50499, 2013
255587, 2012
259190, 2012
274168, 2012
85170, 2011
131262, 2011
185049, 2011
31767, 2006
189465, 2006
199078, 2006
226052, 2006
243537, 2006
291223, 2006
22029, 2005
131284, 2005
269129, 2005
95993, 1996
147950, 1996
156734, 1996
99758, 1994
180990, 1994
131752, 1993
90563, 1991
168755, 1991
213684, 1991
214329, 1991
236118, 1991
276880, 1991
293435, 1991
234229, 1989
201209, 1987
249309, 1987
112428, 1980
129647, 1980
119785, 1979
294723, 1968
193223, 1967
249488, 1964
105077, 1959
126992, 1959
26978, 1958
60332, 1958
157059, 1958
81128, 1953
97201, 1953
121321, 1953
124071, 1953
131316, 1953
163862, 1953
189682, 1953
199494, 1953
209915, 1953
230119, 1953
230258, 1953
232359, 1953
276783, 1953
277830, 1953
117003, 1949
187824, 1949
174798, 1948
255203, 1948
102964, 1947
28219, 1946
53339, 1946
66083, 1946
69108, 1946
72318, 1946
95313, 1946
100522, 1946
104539, 1946
107706, 1946
140055, 1946
164991, 1946
171002, 1946
194027, 1946
195885, 1946
199751, 1946
202636, 1946
206929, 1946
215091, 1946
244209, 1946
244637, 1946
289191, 1946
105064, 1944
245365, 1939
293289, 1938
222840, 1935
278916, 1935
44298, 1934
98809, 1934
108419, 1934
151464, 1934
229670, 1934
196708, 1931
262550, 1931
279592, 1931
289184, 1931
116304, 1929
168700, 1929
137982, 1926
176110, 1926
195160, 1926
255163, 1926
228584, 1925
84711, 1917
216501, 1917
233029, 1917
240419, 1917
61789, 1912
3240, 1911
127007, 1910
238345, 1910
285684, 1909
58674, 1908
107806, 1908
208719, 1905
41499, 1902
234065, 1902
29481, 1900
233914, 1900
294557, 1900
75618, 1899
107925, 1899
214659, 1896
13924, 1889
118782, 1889
175491, 1889
211513, 1889
263642, 1889
47554, 1883
205812, 1883
286078, 1883
26409, 1882
103597, 1882
155918, 1882
158259, 1882
171362, 1882
198522, 1882
204431, 1882
219175, 1882
223970, 1882
230838, 1882
269904, 1882
35338, 1879
45563, 1879
162262, 1879
199050, 1879
213517, 1879
264833, 1879
280316, 1879
171003, 1878
89498, 1876
137383, 1876
167769, 1876
190801, 1876
206604, 1876
118960, 1875
165692, 1875
270925, 1875
107387, 1868
258873, 1868
89683, 1861
95577, 1861
100092, 1861
213231, 1861
110676, 1858
155260, 1857
258670, 1856
48653, 1850
104690, 1850
148102, 1850
192582, 1850
252176, 1850
7854, 1846
270440, 1846
29951, 1844
58981, 1844
90045, 1844
107413, 1844
110215, 1844
122134, 1844
130999, 1844
203254, 1844
207528, 1844
230029, 1844
270256, 1844
280396, 1844
285788, 1844
15903, 1843
247465, 1842
245395, 1841
165537, 1837
82725, 1835
290908, 1833
224706, 1831
74858, 1830
136339, 1829
39625, 1827
255068, 1827
129973, 1824
186454, 1824
198227, 1824
279579, 1824
157187, 1823
176961, 1823
20121, 1822
45875, 1822
59181, 1822
61177, 1822
97818, 1822
183534, 1822
103616, 1816
169281, 1816
180708, 1816
209197, 1816
214017, 1816
227496, 1816
253218, 1816
272223, 1816
278928, 1816
140516, 1815
8958, 1814
224781, 1814
263790, 1814
136297, 1812
90020, 1811
121023, 1811
131679, 1811
169158, 1811
177580, 1811
250492, 1811
258502, 1811
285597, 1811
286868, 1811
2943, 1810
77064, 1808
257191, 1808
180894, 1801
199370, 1800
105635, 1799
121015, 1798
242425, 1794
31034, 1791
71295, 1791
290372, 1791
51046, 1788
101898, 1788
15999, 1787
54728, 1787
69957, 1787
140118, 1785
228976, 1784
284721, 1780
290253, 1780
150119, 1778
270541, 1776
135438, 1775
209764, 1775
51127, 1773
141199, 1772
196051, 1772
269198, 1772
285959, 1772
21852, 1771
47755, 1770
180453, 1769
68097, 1766
133557, 1766
204759, 1766
126382, 1765
116990, 1763
196385, 1761
151320, 1760
67522, 1755
68080, 1755
26321, 1754
39401, 1754
43681, 1753
50692, 1753
36715, 1750
63592, 1750
90990, 1750
80485, 1749
274784, 1748
144214, 1745
244603, 1745
197927, 1744
135850, 1742
285160, 1741
18549, 1739
59889, 1739
72938, 1739
79078, 1737
80606, 1737
149910, 1737
95523, 1736
291489, 1735
135487, 1733
252335, 1733
41914, 1730
147190, 1730
20194, 1728
52572, 1728
80438, 1728
80917, 1728
200083, 1728
225910, 1728
267731, 1728
271361, 1728
289178, 1728
97421, 1723
133504, 1723
152562, 1723
235173, 1722
104912, 1719
197638, 1719
249877, 1718
267187, 1717
241071, 1713
4625, 1710
118608, 1710
211017, 1709
258859, 1709
49778, 1707
57404, 1707
192142, 1707
266426, 1707
289754, 1707
275051, 1706
55948, 1703
123089, 1702
177117, 1701
198958, 1701
237513, 1701
229643, 1700
209337, 1699
221467, 1699
238685, 1699
65200, 1698
293668, 1697
22708, 1694
74394, 1694
156402, 1694
155630, 1692
25281, 1690
182589, 1689
124653, 1685
155192, 1684
214392, 1684
246036, 1684
120014, 1682
132570, 1682
162407, 1682
203042, 1682
14067, 1678
48578, 1678
74708, 1678
82083, 1678
168822, 1678
52918, 1677
266863, 1676
266746, 1675
51955, 1674
138591, 1674
198934, 1674
201732, 1674
24738, 1673
118621, 1673
140114, 1673
191175, 1673
194233, 1673
221962, 1673
53464, 1671
176868, 1671
179804, 1671
17231, 1669
224121, 1668
179128, 1665
243082, 1665
14343, 1664
26945, 1664
230510, 1664
268290, 1664
287055, 1663
140588, 1660
219542, 1660
10617, 1658
203701, 1655
286593, 1654
162836, 1652
51348, 1648
218260, 1648
13750, 1646
123956, 1646
157608, 1645
46277, 1644
86976, 1644
289056, 1644
37296, 1642
50501, 1642
89989, 1642
180155, 1642
190110, 1642
228603, 1642
233382, 1642
66393, 1640
217474, 1639
268771, 1639
262706, 1638
168553, 1636
249568, 1636
105712, 1635
235812, 1635
8790, 1634
4074, 1629
152772, 1629
232834, 1629
276213, 1629
24078, 1627
36860, 1627
14348, 1626
52464, 1626
94381, 1626
113793, 1626
176103, 1626
192103, 1625
279800, 1625
6682, 1624
24574, 1624
205035, 1623
169539, 1621
26030, 1620
156511, 1620
85724, 1619
287413, 1619
216686, 1618
180607, 1616
285755, 1616
153244, 1614
271149, 1611
291674, 1611
60017, 1610
76729, 1610
110792, 1610
146147, 1610
269943, 1610
110830, 1609
22117, 1604
169148, 1604
222192, 1604
295907, 1604
69546, 1603
30270, 1602
127022, 1601
6307, 1600
167469, 1599
236942, 1599
168338, 1598
186670, 1596
79851, 1594
206546, 1594
65110, 1593
174310, 1593
186165, 1593
200010, 1593
121046, 1592
149585, 1592
202009, 1592
2371, 1590
121851, 1588
232265, 1588
7380, 1587
85240, 1586
118465, 1586
118524, 1586
123424, 1586
128656, 1583
78421, 1582
282494, 1582
82691, 1581
228026, 1581
279125, 1580
42556, 1579
163960, 1573
184394, 1573
227013, 1573
24815, 1572
32579, 1569
73406, 1569
137412, 1569
138675, 1569
185561, 1569
220729, 1569
274836, 1569
113437, 1568
111216, 1567
155514, 1566
289469, 1565
144358, 1564
157299, 1562
15436, 1560
73903, 1560
103002, 1560
134459, 1560
152013, 1560
160942, 1560
172264, 1560
183872, 1560
229766, 1560
249221, 1560
295077, 1560
254651, 1556
34604, 1555
81633, 1555
108126, 1555
119043, 1555
130200, 1555
132184, 1555
194480, 1555
198498, 1555
205834, 1555
233086, 1555
252164, 1555
281301, 1555
287060, 1555
296308, 1555
130275, 1553
290282, 1553
37791, 1552
87945, 1552
285954, 1552
233509, 1551
262234, 1550
97291, 1549
6051, 1548
53350, 1548
99194, 1548
198622, 1548
206726, 1548
284112, 1548
295921, 1548
40136, 1546
248024, 1546
33242, 1544
35487, 1544
145318, 1544
233639, 1544
247866, 1544
156608, 1543
26213, 1542
33866, 1542
66976, 1542
80291, 1542
85453, 1542
141752, 1542
142634, 1542
156202, 1542
189768, 1542
291093, 1540
256855, 1539
60838, 1538
63809, 1538
121182, 1536
69129, 1534
153106, 1534
155728, 1534
205542, 1534
292291, 1532
112085, 1531
239973, 1531
61590, 1530
230289, 1530
16449, 1527
193796, 1527
296033, 1527
19272, 1524
174764, 1524
218023, 1523
289349, 1523
135227, 1522
275629, 1522
276955, 1522
198536, 1520
287640, 1520
251422, 1519
8899, 1518
15613, 1518
32330, 1518
37462, 1518
40550, 1518
50237, 1518
51426, 1518
60448, 1518
77036, 1518
85166, 1518
94981, 1518
106691, 1518
133525, 1518
147942, 1518
148456, 1518
151731, 1518
159271, 1518
161174, 1518
180847, 1518
185698, 1518
187814, 1518
220565, 1518
240984, 1518
245770, 1518
278843, 1518
232778, 1517
90874, 1515
94823, 1515
195535, 1514
19752, 1513
52005, 1513
124776, 1513
108870, 1511
53411, 1507
246111, 1507
100089, 1506
1207, 1505
30371, 1505
32373, 1505
47796, 1505
65164, 1505
84100, 1505
85298, 1505
88428, 1505
92211, 1505
101625, 1505
117766, 1505
132348, 1505
147815, 1505
176160, 1505
228464, 1505
243934, 1505
257399, 1505
265596, 1505
294276, 1505
141176, 1503
161430, 1503
210509, 1503
219365, 1503
244477, 1503
260131, 1503
51750, 1502
146886, 1500
244799, 1500
244119, 1498
219324, 1497
239832, 1497
272830, 1497
23822, 1496
59074, 1496
159552, 1496
61238, 1493
190667, 1493
215639, 1493
233371, 1493
86888, 1490
124720, 1490
116188, 1489
290791, 1489
110208, 1488
36296, 1487
39404, 1487
86330, 1487
102270, 1487
167082, 1487
224039, 1487
256464, 1487
23932, 1486
37558, 1486
38588, 1486
43061, 1486
54701, 1486
54753, 1486
74983, 1486
75861, 1486
85171, 1486
90363, 1486
97739, 1486
110634, 1486
111050, 1486
119888, 1486
132950, 1486
138543, 1486
139312, 1486
149852, 1486
160915, 1486
165155, 1486
173152, 1486
173795, 1486
186225, 1486
205913, 1486
212524, 1486
215551, 1486
221964, 1486
239047, 1486
272269, 1486
295536, 1486
34930, 1485
45144, 1485
147830, 1485
149166, 1485
204058, 1485
227388, 1485
110108, 1484
179746, 1484
92830, 1483
108309, 1483
138940, 1483
163368, 1483
161400, 1481
212970, 1481
97743, 1480
124882, 1480
179686, 1480
94231, 1479
16423, 1478
23148, 1478
28316, 1478
28669, 1478
41956, 1478
57144, 1478
157780, 1478
110636, 1477
117745, 1477
133657, 1477
137330, 1477
219018, 1477
134852, 1476
106714, 1475
187238, 1475
280810, 1475
136773, 1474
155244, 1474
229241, 1473
163701, 1471
230157, 1471
99215, 1470
115491, 1470
130314, 1470
290909, 1470
82478, 1468
142159, 1468
241611, 1468
170563, 1467
241993, 1467
268167, 1467
295470, 1466
49415, 1464
68885, 1463
123743, 1463
277879, 1462
32872, 1461
101049, 1461
145325, 1461
171417, 1461
282108, 1461
100001, 1460
206004, 1460
154987, 1459
67559, 1457
106717, 1457
114136, 1457
145514, 1457
139835, 1456
17129, 1454
169497, 1454
51859, 1453
62899, 1453
74403, 1453
74786, 1453
99582, 1453
100791, 1453
102721, 1453
102871, 1453
110117, 1453
111408, 1453
113144, 1453
115238, 1453
119590, 1453
120493, 1453
121732, 1453
122119, 1453
130396, 1453
137449, 1453
141798, 1453
167812, 1453
171408, 1453
173732, 1453
175987, 1453
205197, 1453
251491, 1453
228587, 1451
118953, 1449
209630, 1449
30519, 1448
96177, 1448
180908, 1448
185864, 1448
75111, 1447
138888, 1447
193221, 1447
16530, 1446
31498, 1446
33152, 1446
38289, 1446
42151, 1446
78269, 1446
84162, 1446
88667, 1446
109148, 1446
109234, 1446
120579, 1446
150812, 1446
152952, 1446
165222, 1446
173267, 1446
178462, 1446
187076, 1446
191370, 1446
232361, 1446
245145, 1446
263301, 1446
269263, 1446
61715, 1445
161999, 1445
255101, 1445
66458, 1443
67245, 1443
71293, 1443
75937, 1443
76948, 1443
133205, 1443
135133, 1443
138353, 1443
215621, 1443
262679, 1443
5881, 1442
82761, 1437
189468, 1437
42969, 1436
144616, 1436
177735, 1436
295719, 1436
8805, 1434
22601, 1434
29662, 1434
46430, 1434
97605, 1434
104295, 1434
134490, 1434
167255, 1434
252811, 1434
266354, 1434
278340, 1432
289843, 1432
228696, 1430
95219, 1429
146538, 1427
188797, 1427
258054, 1427
68468, 1425
18009, 1422
122228, 1422
140173, 1422
27846, 1421
222218, 1421
286271, 1421
290852, 1421
12304, 1420
85554, 1420
117452, 1419
143245, 1419
24052, 1418
42513, 1418
182062, 1418
245933, 1418
27212, 1417
101037, 1417
36978, 1415
41410, 1415
46337, 1415
55158, 1415
89257, 1415
91001, 1415
98033, 1415
103792, 1415
104807, 1415
108973, 1415
146647, 1415
149190, 1415
150068, 1415
154650, 1415
162128, 1415
205359, 1415
215269, 1415
217611, 1415
35767, 1414
64866, 1414
73511, 1414
139512, 1414
148453, 1414
153071, 1414
153552, 1414
174565, 1414
180093, 1414
192601, 1414
215380, 1414
219756, 1414
249630, 1414
256635, 1414
257889, 1414
260459, 1414
265177, 1414
266930, 1414
279913, 1414
203038, 1413
145418, 1412
218264, 1412
8471, 1411
13270, 1411
40905, 1411
59199, 1411
79825, 1411
92577, 1411
121491, 1411
130164, 1411
182160, 1411
192851, 1411
194516, 1411
251190, 1411
264389, 1411
253628, 1409
287322, 1409
69828, 1407
132641, 1407
172902, 1407
62321, 1406
85338, 1406
110874, 1406
277281, 1406
33063, 1405
84640, 1405
128965, 1405
200187, 1405
210251, 1405
14021, 1403
66949, 1403
105168, 1403
112758, 1403
117761, 1403
139350, 1403
140964, 1403
163654, 1403
186891, 1403
203061, 1403
208516, 1403
234840, 1403
261663, 1403
273209, 1403
292620, 1403
72025, 1402
111835, 1402
155034, 1402
72425, 1401
205914, 1401
13277, 1400
17001, 1400
26634, 1400
36171, 1400
38012, 1400
49737, 1400
54635, 1400
57118, 1400
58383, 1400
60920, 1400
64784, 1400
65415, 1400
69301, 1400
70586, 1400
74479, 1400
76134, 1400
80722, 1400
89147, 1400
99362, 1400
117760, 1400
119514, 1400
121776, 1400
150980, 1400
155427, 1400
168781, 1400
178522, 1400
192155, 1400
192562, 1400
202174, 1400
204792, 1400
220466, 1400
223240, 1400
228332, 1400
229130, 1400
229754, 1400
258112, 1400
279625, 1400
288276, 1400
139409, 1399
152032, 1399
246920, 1398
18766, 1394
189502, 1394
12014, 1393
104738, 1393
86472, 1392
99882, 1392
206563, 1392
248732, 1391
34098, 1390
38556, 1390
44963, 1390
47088, 1390
47766, 1390
48635, 1390
53496, 1390
55649, 1390
59587, 1390
61044, 1390
68166, 1390
75546, 1390
81958, 1390
96357, 1390
96747, 1390
99060, 1390
109327, 1390
110935, 1390
111698, 1390
116326, 1390
127478, 1390
133708, 1390
137080, 1390
155083, 1390
155620, 1390
162558, 1390
218056, 1390
276076, 1390
142909, 1388
25525, 1386
117458, 1386
122572, 1386
162649, 1386
7762, 1385
11303, 1385
21001, 1385
32997, 1385
44738, 1385
47269, 1385
51763, 1385
98916, 1385
107114, 1385
109723, 1385
117793, 1385
118395, 1385
127213, 1385
128189, 1385
135655, 1385
136693, 1385
139221, 1385
146650, 1385
154803, 1385
165801, 1385
168149, 1385
169022, 1385
175590, 1385
191443, 1385
191688, 1385
200402, 1385
204192, 1385
211861, 1385
223464, 1385
224257, 1385
227265, 1385
236009, 1385
248240, 1385
256339, 1385
262663, 1385
277502, 1385
278604, 1385
294394, 1385
296489, 1385
20896, 1383
27444, 1383
53607, 1383
76744, 1383
86107, 1383
87213, 1383
121972, 1383
164273, 1383
169240, 1383
232703, 1381
39072, 1380
266124, 1380
283386, 1380
53865, 1379
134075, 1379
138979, 1379
202362, 1376
294404, 1374
14156, 1373
23414, 1373
73722, 1373
105154, 1373
135076, 1373
157371, 1373
160548, 1373
198495, 1373
32334, 1372
39591, 1372
67722, 1372
171969, 1372
246762, 1371
170409, 1369
243147, 1369
249977, 1369
252449, 1369
233144, 1368
270547, 1368
23141, 1367
124887, 1367
139627, 1367
250801, 1367
128071, 1366
222237, 1366
267944, 1366
274373, 1365
43781, 1363
79219, 1363
243196, 1363
25009, 1362
124738, 1362
248034, 1362
35106, 1360
271453, 1360
73802, 1359
87731, 1359
185623, 1358
27998, 1356
130683, 1356
79277, 1355
74606, 1354
48694, 1353
80937, 1353
145078, 1353
47562, 1352
52828, 1352
56103, 1352
144347, 1352
42686, 1351
56023, 1350
73294, 1350
121473, 1350
130955, 1350
178402, 1350
187348, 1350
262862, 1350
24705, 1349
242207, 1349
283934, 1349
128104, 1348
155573, 1347
243901, 1347
129588, 1346
139163, 1346
232003, 1346
60788, 1344
157382, 1344
287971, 1344
171516, 1342
156247, 1341
9842, 1340
52434, 1340
63623, 1340
108193, 1340
124583, 1340
117923, 1337
162506, 1336
261723, 1336
156577, 1335
169097, 1335
182526, 1335
230314, 1335
235400, 1335
264547, 1335
50433, 1334
65518, 1334
65704, 1334
86216, 1334
109988, 1334
137594, 1334
137838, 1334
173566, 1334
183114, 1334
100650, 1332
251721, 1332
56804, 1327
60293, 1327
90619, 1327
242194, 1327
175970, 1325
10776, 1324
12035, 1324
13817, 1324
16145, 1324
27852, 1324
34893, 1324
61808, 1324
68058, 1324
87900, 1324
90599, 1324
91560, 1324
107200, 1324
108216, 1324
110586, 1324
112818, 1324
120409, 1324
124111, 1324
130730, 1324
132600, 1324
135277, 1324
147357, 1324
152782, 1324
156675, 1324
160501, 1324
169532, 1324
171967, 1324
173361, 1324
175075, 1324
183703, 1324
183855, 1324
185237, 1324
185977, 1324
188320, 1324
189574, 1324
195491, 1324
196625, 1324
205518, 1324
208265, 1324
209147, 1324
212378, 1324
217922, 1324
218868, 1324
227576, 1324
231471, 1324
235415, 1324
240369, 1324
249784, 1324
250939, 1324
255144, 1324
256886, 1324
257511, 1324
261223, 1324
264556, 1324
267056, 1324
268396, 1324
282608, 1324
284265, 1324
285441, 1324
288799, 1324
289555, 1324
289931, 1324
292446, 1324
97122, 1323
289247, 1323
11668, 1322
64377, 1322
65530, 1322
66796, 1322
79300, 1322
84575, 1322
93770, 1322
99101, 1322
113041, 1322
116481, 1322
121923, 1322
134225, 1322
139003, 1322
140545, 1322
168901, 1322
170022, 1322
176488, 1322
178902, 1322
183521, 1322
189588, 1322
211764, 1322
234577, 1322
272414, 1322
59236, 1319
87750, 1319
100979, 1319
115778, 1319
153625, 1319
180967, 1319
5415, 1316
43865, 1316
272577, 1316
283639, 1316
26087, 1315
31293, 1315
138823, 1315
32575, 1314
71334, 1314
80386, 1314
115142, 1314
147094, 1314
169749, 1314
200286, 1314
239225, 1314
79525, 1313
103657, 1313
280671, 1313
144622, 1312
6276, 1311
185117, 1311
122744, 1310
35457, 1308
52579, 1308
133822, 1308
144595, 1308
69547, 1307
77203, 1307
113055, 1307
96733, 1306
209806, 1306
234386, 1306
268856, 1306
25436, 1305
123613, 1303
257302, 1303
263224, 1303
10373, 1301
70133, 1300
105167, 1300
176247, 1300
31510, 1299
146565, 1299
188674, 1299
192992, 1299
212072, 1299
201221, 1298
37823, 1297
43448, 1297
43632, 1297
49711, 1297
62548, 1297
83483, 1297
116601, 1297
136757, 1297
119491, 1296
165275, 1295
172254, 1295
174823, 1295
263480, 1295
88079, 1291
112593, 1290
126935, 1290
144099, 1290
160936, 1290
141248, 1289
157618, 1289
214437, 1289
243689, 1289
15511, 1288
37553, 1288
50621, 1287
204942, 1284
234027, 1284
264522, 1284
289031, 1284
43980, 1282
46199, 1282
90626, 1282
135624, 1282
146103, 1282
213106, 1282
219864, 1282
237301, 1282
14120, 1281
29100, 1281
59561, 1281
63235, 1281
72526, 1281
74031, 1281
84079, 1281
101015, 1281
105353, 1281
105970, 1281
106928, 1281
107471, 1281
110713, 1281
115352, 1281
116623, 1281
118599, 1281
132205, 1281
136240, 1281
137981, 1281
138395, 1281
142165, 1281
148500, 1281
158055, 1281
160340, 1281
170263, 1281
173013, 1281
180415, 1281
205262, 1281
205785, 1281
208366, 1281
215324, 1281
238573, 1281
245481, 1281
44515, 1279
39239, 1277
40364, 1277
141201, 1277
147329, 1277
172775, 1277
203996, 1277
210660, 1277
58730, 1276
64036, 1276
112442, 1274
25793, 1273
70488, 1272
113062, 1272
116661, 1272
149469, 1272
172205, 1272
175791, 1272
192391, 1272
288479, 1272
47886, 1270
24115, 1269
34115, 1269
121372, 1269
19853, 1268
22805, 1267
196367, 1267
200152, 1267
239770, 1267
18717, 1265
29412, 1265
42999, 1265
58660, 1265
73067, 1265
94740, 1265
103389, 1265
104444, 1265
234397, 1264
286392, 1264
20626, 1263
21650, 1263
30621, 1263
32082, 1263
33045, 1263
39356, 1263
39482, 1263
43416, 1263
47285, 1263
50725, 1263
61849, 1263
71905, 1263
120577, 1263
130892, 1263
174080, 1263
185365, 1263
292569, 1263
46122, 1262
288779, 1262
901, 1261
5338, 1261
232733, 1261
132428, 1258
201061, 1258
216823, 1258
253403, 1258
77253, 1257
107101, 1257
17343, 1256
263425, 1256
268322, 1256
27404, 1255
30775, 1255
107195, 1255
143387, 1255
156949, 1255
157405, 1255
18124, 1252
49232, 1252
53885, 1252
74191, 1252
97401, 1252
122522, 1252
133368, 1252
154946, 1252
174593, 1251
114213, 1250
126573, 1249
258840, 1249
270798, 1249
11745, 1247
94925, 1246
164269, 1245
188134, 1245
30438, 1244
156673, 1244
223387, 1244
176, 1242
43861, 1242
105893, 1242
124606, 1242
55906, 1241
152217, 1241
20864, 1240
38267, 1240
209833, 1240
126441, 1239
247267, 1239
292219, 1239
39071, 1238
119650, 1238
31451, 1237
99094, 1237
171645, 1237
207517, 1237
246394, 1237
253227, 1237
258877, 1237
286867, 1237
52459, 1236
75127, 1236
83179, 1236
92090, 1236
100026, 1236
125661, 1236
159897, 1235
196915, 1235
253359, 1235
260544, 1235
261024, 1235
278353, 1235
121138, 1233
221359, 1232
250246, 1232
273488, 1232
78930, 1231
161076, 1231
170768, 1231
118957, 1229
9003, 1228
34612, 1228
115896, 1228
138246, 1228
168171, 1228
181539, 1228
266438, 1228
225017, 1227
263317, 1227
177924, 1226
178809, 1226
289936, 1226
8361, 1225
16756, 1225
33368, 1225
66016, 1225
77639, 1225
108131, 1225
109997, 1225
147478, 1225
67902, 1224
237117, 1224
211604, 1223
287968, 1220
13556, 1218
48923, 1218
109939, 1216
151162, 1215
162695, 1215
257413, 1215
7054, 1213
27696, 1213
68524, 1213
74036, 1213
248631, 1212
9324, 1211
24094, 1208
26955, 1208
196453, 1208
245740, 1208
68100, 1207
43829, 1206
63767, 1206
90079, 1206
146548, 1206
168950, 1206
180173, 1206
200841, 1206
232841, 1206
240709, 1206
243368, 1206
249026, 1206
249116, 1206
262653, 1206
270288, 1206
271472, 1206
291010, 1206
295132, 1206
295940, 1206
118060, 1204
240622, 1204
17505, 1201
52663, 1201
101702, 1201
114675, 1201
153232, 1201
13300, 1200
280250, 1200
172818, 1199
11956, 1198
16807, 1198
47465, 1198
197385, 1198
245755, 1198
292418, 1198
69699, 1197
117598, 1197
205858, 1197
231843, 1196
27130, 1194
76314, 1194
91105, 1194
151402, 1194
220869, 1194
265092, 1194
207794, 1193
87403, 1192
6437, 1191
158500, 1191
223148, 1191
27656, 1190
228900, 1190
83617, 1189
16536, 1188
46160, 1188
212337, 1188
276539, 1188
281552, 1188
292739, 1188
14217, 1187
51415, 1187
71130, 1187
101546, 1187
174606, 1187
44317, 1186
50382, 1185
184919, 1185
73128, 1184
20015, 1183
69847, 1183
97225, 1183
104285, 1183
139621, 1183
140663, 1183
146706, 1183
150166, 1183
157352, 1183
256026, 1183
258796, 1183
1278, 1182
38721, 1182
24527, 1181
90690, 1180
748, 1179
31876, 1179
64610, 1179
70406, 1179
72045, 1179
88443, 1179
94612, 1179
95506, 1179
97381, 1179
112004, 1179
119551, 1179
135760, 1179
139092, 1179
141495, 1179
148184, 1179
152327, 1179
172772, 1179
178031, 1179
179008, 1179
180693, 1179
195801, 1179
196979, 1179
201466, 1179
209041, 1179
210898, 1179
219152, 1179
231474, 1179
232441, 1179
233059, 1179
251847, 1179
255826, 1179
257937, 1179
267281, 1179
269127, 1179
269609, 1179
273958, 1179
275067, 1179
276482, 1179
286821, 1179
290880, 1179
138864, 1178
211724, 1178
225680, 1178
63495, 1176
129633, 1176
190301, 1175
196034, 1175
255227, 1175
22950, 1173
99897, 1173
232043, 1173
105007, 1172
62097, 1170
186964, 1170
37205, 1169
216535, 1169
274808, 1169
50345, 1166
52221, 1165
86882, 1165
188140, 1164
202384, 1164
230166, 1164
252924, 1164
7928, 1163
68918, 1163
78032, 1163
88382, 1163
92773, 1163
94323, 1163
102902, 1163
105590, 1163
122609, 1163
123256, 1163
127747, 1163
137189, 1163
138505, 1163
141318, 1163
149511, 1163
159113, 1163
183562, 1163
186751, 1163
195943, 1163
224521, 1163
265841, 1163
272241, 1163
295587, 1163
105122, 1162
159732, 1162
285105, 1162
44743, 1161
45381, 1161
45953, 1161
49437, 1161
63510, 1161
65891, 1161
75959, 1161
77265, 1161
80279, 1161
89231, 1161
106668, 1161
109132, 1161
109536, 1161
117401, 1161
117803, 1161
131386, 1161
142268, 1161
145604, 1161
145694, 1161
153604, 1161
154281, 1161
158995, 1161
160216, 1161
161165, 1161
171971, 1161
175766, 1161
181375, 1161
184183, 1161
194685, 1161
206714, 1161
208782, 1161
212904, 1161
223728, 1161
234544, 1161
242395, 1161
288740, 1161
168294, 1160
180930, 1160
196574, 1160
248390, 1160
254009, 1160
257137, 1160
249164, 1159
18450, 1158
56885, 1158
116977, 1158
252469, 1157
276473, 1157
165166, 1156
61429, 1155
62627, 1155
180507, 1155
281853, 1155
139365, 1153
204360, 1153
210507, 1153
79243, 1152
180137, 1152
191698, 1152
197606, 1152
284686, 1152
14388, 1151
33710, 1151
82563, 1151
183054, 1151
214554, 1151
221286, 1151
17009, 1150
96956, 1150
203738, 1149
277546, 1148
73990, 1146
119969, 1146
131726, 1146
54471, 1145
207165, 1145
224149, 1145
225076, 1145
283746, 1144
31097, 1143
173450, 1143
184786, 1143
221199, 1143
238646, 1143
225000, 1142
273102, 1142
150512, 1141
23455, 1140
120515, 1140
258574, 1140
199461, 1139
99296, 1138
122086, 1137
195344, 1137
226317, 1137
260044, 1137
127310, 1136
180897, 1135
293211, 1135
5266, 1134
279783, 1134
19380, 1132
29906, 1132
125917, 1132
75955, 1131
32350, 1130
88186, 1130
149762, 1130
186611, 1130
64984, 1129
172389, 1129
200860, 1129
228734, 1129
260376, 1129
5709, 1128
274817, 1128
38092, 1127
17459, 1125
81372, 1124
142660, 1124
251078, 1124
263110, 1123
293401, 1123
18728, 1122
35667, 1122
58541, 1121
130239, 1121
165099, 1121
179665, 1121
188507, 1121
122224, 1120
231738, 1120
74456, 1118
258459, 1118
292179, 1118
86897, 1117
115631, 1117
236752, 1117
45357, 1116
18490, 1115
93685, 1115
106695, 1115
121094, 1115
141835, 1115
149954, 1115
164092, 1115
230345, 1115
253866, 1115
292779, 1115
42032, 1114
42950, 1114
127321, 1114
147024, 1114
213665, 1114
229296, 1114
16672, 1113
43292, 1113
143513, 1113
210744, 1113
264850, 1113
13763, 1111
26848, 1111
38722, 1111
59189, 1111
94686, 1111
147652, 1111
192988, 1111
216107, 1111
261387, 1111
274851, 1111
33763, 1110
76715, 1110
44672, 1109
153332, 1109
154649, 1109
183952, 1109
257502, 1109
263200, 1109
265116, 1109
251599, 1106
278591, 1106
288813, 1106
6660, 1104
16212, 1104
25308, 1104
73767, 1104
94446, 1104
204000, 1104
25014, 1103
3813, 1101
149398, 1100
150021, 1100
173811, 1100
24504, 1099
51528, 1099
129753, 1099
285947, 1099
94868, 1098
137796, 1098
139025, 1098
201408, 1098
209998, 1098
236980, 1098
241393, 1098
247445, 1098
264066, 1098
89292, 1097
132342, 1097
237459, 1097
38949, 1096
71255, 1096
242202, 1096
296176, 1096
29473, 1093
67645, 1093
91870, 1093
97256, 1093
172286, 1093
211164, 1093
220675, 1093
248301, 1093
257451, 1093
260275, 1093
281646, 1093
155604, 1092
259029, 1092
288590, 1092
35079, 1091
292920, 1090
6116, 1089
192638, 1089
71596, 1088
128711, 1088
186946, 1088
62796, 1087
138293, 1087
146655, 1087
175777, 1087
232591, 1087
118486, 1085
273049, 1085
281284, 1085
17569, 1084
53032, 1084
55205, 1084
62603, 1084
82626, 1084
136742, 1084
154972, 1084
234521, 1081
187862, 1080
197455, 1080
240139, 1080
284419, 1080
71349, 1079
138412, 1079
157589, 1079
162172, 1079
165515, 1079
179233, 1079
185278, 1079
199121, 1079
207551, 1079
274691, 1079
276360, 1079
292165, 1079
180826, 1078
71676, 1077
81941, 1077
91572, 1077
99323, 1077
104410, 1077
121934, 1077
229213, 1077
232866, 1077
281890, 1077
27997, 1076
158107, 1076
183942, 1076
186995, 1076
193391, 1075
280193, 1075
43942, 1074
83497, 1074
95203, 1074
141416, 1074
144423, 1074
146132, 1074
173817, 1074
187851, 1074
285290, 1074
55048, 1073
80645, 1073
135946, 1073
263043, 1073
17995, 1072
171139, 1072
50675, 1070
54525, 1070
67611, 1070
76935, 1070
79782, 1070
89079, 1070
110736, 1070
18088, 1069
89637, 1069
112310, 1069
121646, 1069
25835, 1068
53477, 1068
54031, 1068
107394, 1068
127797, 1068
129237, 1068
129784, 1068
143024, 1068
146704, 1068
165774, 1068
174592, 1068
189137, 1068
207685, 1068
267713, 1068
69861, 1067
134127, 1067
147188, 1067
150534, 1067
100576, 1066
110623, 1066
235798, 1066
261725, 1066
275476, 1066
283507, 1066
289673, 1066
64456, 1064
222667, 1064
233846, 1064
241270, 1064
255864, 1064
280041, 1064
288710, 1064
50117, 1063
93151, 1063
124723, 1063
162705, 1063
219077, 1063
225916, 1063
234872, 1063
259580, 1063
268242, 1063
271627, 1063
276719, 1063
294090, 1063
20404, 1062
276941, 1062
17980, 1061
174143, 1061
279520, 1061
287038, 1061
12355, 1060
11296, 1059
23889, 1059
39280, 1059
124582, 1059
160554, 1059
163515, 1059
168859, 1059
200312, 1059
247326, 1059
249934, 1059
251734, 1059
258808, 1059
27757, 1058
168243, 1058
6054, 1057
92015, 1057
246356, 1057
14757, 1056
99388, 1056
166973, 1056
199850, 1056
231772, 1056
74365, 1055
128624, 1055
143323, 1055
173322, 1055
230792, 1055
28605, 1054
28384, 1053
30451, 1053
120115, 1053
129310, 1053
186789, 1053
218219, 1053
272340, 1053
290691, 1053
146055, 1051
215336, 1051
245728, 1051
45514, 1050
56316, 1050
93540, 1050
134154, 1050
144074, 1050
151292, 1050
159703, 1050
166265, 1050
176520, 1050
231261, 1050
233027, 1050
263789, 1050
269702, 1050
292180, 1050
82852, 1049
233303, 1049
256675, 1049
278149, 1049
291613, 1049
185582, 1048
296165, 1048
40619, 1047
43122, 1047
82355, 1047
84503, 1047
87649, 1047
88726, 1047
117751, 1047
159664, 1047
170863, 1047
182426, 1047
252684, 1047
10892, 1046
62634, 1046
78332, 1046
139540, 1046
150882, 1046
199407, 1046
271653, 1046
76327, 1045
123754, 1045
146622, 1045
58751, 1044
162581, 1044
175177, 1044
205331, 1044
224840, 1044
262037, 1044
264816, 1044
273420, 1044
277264, 1044
277402, 1044
286160, 1044
296055, 1044
51903, 1043
124754, 1043
146558, 1043
11089, 1042
86569, 1042
219944, 1041
27485, 1040
124038, 1040
200938, 1040
201548, 1040
293028, 1040
294088, 1040
84620, 1039
97689, 1039
98281, 1039
105828, 1039
119409, 1039
127355, 1039
142025, 1039
142726, 1039
153602, 1039
168297, 1039
196290, 1039
198727, 1039
204398, 1039
219266, 1039
227390, 1039
231106, 1039
238088, 1039
238864, 1039
249827, 1039
252774, 1039
252963, 1039
261816, 1039
268237, 1039
281939, 1039
282958, 1039
286209, 1039
37669, 1038
62614, 1038
69325, 1038
119226, 1038
121366, 1038
190610, 1038
207516, 1038
238316, 1038
256641, 1038
285267, 1038
31704, 1037
130228, 1037
209054, 1037
109250, 1036
227758, 1036
272994, 1036
295112, 1036
42838, 1035
49152, 1035
75205, 1035
98947, 1035
121741, 1035
144138, 1035
173325, 1035
277862, 1035
26378, 1034
52659, 1034
67676, 1034
86957, 1034
98502, 1034
149047, 1034
172007, 1034
187524, 1034
199286, 1034
246619, 1034
258385, 1034
277001, 1034
16680, 1033
50797, 1033
135793, 1033
161493, 1033
29309, 1031
44960, 1031
48787, 1031
56427, 1031
76206, 1031
77008, 1031
91731, 1031
96905, 1031
102903, 1031
107078, 1031
206350, 1031
268831, 1031
28632, 1030
52731, 1030
86870, 1030
119525, 1030
123701, 1030
138708, 1030
139522, 1030
146180, 1030
168310, 1030
172446, 1030
173688, 1030
184172, 1030
220803, 1030
224560, 1030
235058, 1030
292866, 1030
27494, 1029
125847, 1029
198813, 1029
224325, 1029
199926, 1028
285746, 1028
4821, 1027
13443, 1027
15153, 1027
57155, 1027
63722, 1027
127697, 1027
130265, 1027
159435, 1027
183034, 1027
30336, 1026
30836, 1026
72494, 1026
90731, 1026
105275, 1026
137546, 1026
93019, 1025
106607, 1025
135717, 1025
146903, 1025
180748, 1025
203054, 1025
217951, 1025
263652, 1025
286579, 1025
227892, 1024
46795, 1023
65922, 1023
118807, 1023
119659, 1023
146571, 1023
195468, 1023
109079, 1022
115379, 1022
117426, 1022
172854, 1022
9581, 1021
67279, 1021
72779, 1021
111962, 1021
144145, 1021
200438, 1021
283094, 1021
65739, 1020
156436, 1020
295589, 1020
54427, 1019
113764, 1019
22209, 1018
36112, 1018
107152, 1018
206052, 1018
230468, 1018
246757, 1018
34434, 1017
59229, 1017
91709, 1017
96966, 1017
97515, 1017
109704, 1017
117686, 1017
128938, 1017
135281, 1017
155200, 1017
162463, 1017
164318, 1017
164562, 1017
178439, 1017
179456, 1017
196707, 1017
215257, 1017
217686, 1017
234022, 1017
269389, 1017
273321, 1017
276433, 1017
284579, 1017
286113, 1017
170955, 1016
219555, 1016
275844, 1016
13386, 1015
95168, 1015
103984, 1015
219076, 1015
291126, 1015
291308, 1015
3774, 1014
61454, 1014
204621, 1014
26770, 1013
105948, 1013
119065, 1013
224962, 1013
231872, 1013
7414, 1012
224850, 1012
229689, 1012
240222, 1012
275548, 1012
8048, 1011
12833, 1010
37450, 1010
50842, 1010
62640, 1010
78405, 1010
80697, 1010
91263, 1010
100044, 1010
102392, 1010
102988, 1010
103986, 1010
137987, 1010
141464, 1010
152515, 1010
175584, 1010
186855, 1010
211689, 1010
212315, 1010
242176, 1010
247207, 1010
254419, 1010
268285, 1010
289016, 1010
292784, 1010
7837, 1009
37272, 1009
195152, 1009
263721, 1009
275725, 1009
276659, 1009
14981, 1008
96436, 1008
120729, 1008
259449, 1008
291456, 1008
294647, 1008
25503, 1007
55253, 1007
98819, 1007
163789, 1007
182736, 1007
193328, 1007
227124, 1007
278662, 1007
12639, 1006
50888, 1006
66034, 1006
67644, 1006
69418, 1006
101189, 1006
102920, 1006
112027, 1006
122296, 1006
131124, 1006
154553, 1006
158220, 1006
164314, 1006
199223, 1006
206803, 1006
224805, 1006
246423, 1006
255503, 1006
262476, 1006
268642, 1006
276926, 1006
290190, 1006
4692, 1005
41005, 1005
114515, 1005
143679, 1005
159537, 1005
171276, 1005
192290, 1005
198572, 1005
267952, 1005
270331, 1005
280819, 1005
90925, 1004
103174, 1004
172394, 1004
178004, 1004
182304, 1004
193663, 1004
249840, 1004
5313, 1003
45200, 1003
67019, 1003
71796, 1003
82045, 1003
130005, 1003
146794, 1003
160119, 1003
161607, 1003
168306, 1003
172141, 1003
180048, 1003
194168, 1003
251556, 1003
273730, 1003
294307, 1003
138935, 1002
195880, 1002
270185, 1002
278471, 1002
14420, 1001
6884, 1000
71384, 1000
128860, 1000
152957, 1000
167400, 1000
173003, 1000
199182, 1000
227926, 1000
281908, 1000
