9367, 64528
10659, 64407
7007, 64239
9882, 64239
23177, 64239
8482, 63501
12058, 63501
15190, 63501
16207, 63501
17346, 63501
19902, 63501
21094, 63501
25748, 63501
179602, 63501
884, 63433
3195, 63433
5171, 63433
13146, 63129
17179, 63129
18692, 63129
2, 62798
163, 62798
29399, 62240
49644, 62240
50453, 62240
68763, 62191
123467, 62191
35, 62031
3381, 62031
27631, 62031
31055, 62031
93701, 61433
205, 61391
562, 61391
1823, 61391
2282, 61391
3091, 61391
3903, 61391
13858, 61391
65058, 61391
41838, 59955
1181, 59629
12573, 59629
104029, 59629
44897, 59549
36471, 58027
20657, 57206
69268, 56787
2358, 54240
5418, 52870
22282, 52870
73683, 52749
164579, 52749
20096, 51772
12627, 51244
23211, 50044
20172, 49504
116096, 45747
122769, 45747
1995, 33788
12774, 33435
205384, 33199
11957, 31979
13028, 31979
13506, 31979
13846, 31979
14593, 31979
15935, 31979
16457, 31979
17134, 31979
17463, 31979
17595, 31979
17906, 31979
18848, 31979
73613, 31979
105877, 31979
161505, 31979
173218, 31979
240449, 31979
250543, 31979
290433, 31979
291263, 31979
296385, 31979
13230, 31474
15233, 31474
101829, 31474
169367, 31474
205166, 31474
217646, 31474
261405, 31474
44798, 31425
140790, 31425
170427, 31425
8622, 31343
8870, 31343
10023, 31343
14248, 31343
18184, 31343
7271, 31248
21785, 31136
21908, 31136
22644, 31136
22671, 31136
22818, 31136
23411, 31136
24091, 31136
28610, 31136
17689, 31112
11653, 30979
13959, 30979
14638, 30979
116476, 30979
282841, 30979
16570, 30431
16844, 30431
17048, 30431
18348, 30431
18505, 30431
18715, 30431
19102, 30431
19989, 30431
20182, 30431
95896, 30431
9151, 30118
226638, 30096
5801, 30042
7321, 30042
58166, 29683
264825, 29590
25918, 28952
26194, 28768
26831, 28768
27379, 28768
27980, 28768
28440, 28768
29283, 28768
19514, 28487
6664, 28438
8397, 28438
19525, 28328
1350, 27524
2618, 27524
2890, 27524
2991, 27524
3090, 27524
3106, 27524
6581, 27524
15936, 27524
25380, 27524
66230, 27524
66729, 27524
7686, 27420
8395, 27420
37774, 27265
1855, 27191
1955, 27191
2078, 27191
2512, 27191
2925, 27191
2982, 27191
185465, 27191
10123, 27022
27773, 26843
30433, 26825
223802, 26746
167391, 26493
36250, 26413
67884, 26413
25066, 26141
25853, 26141
27651, 26141
28040, 26141
29742, 26141
43440, 26141
72703, 26141
55398, 25616
2598, 24983
28547, 24967
29684, 24852
28227, 24722
136255, 24714
21509, 24573
25095, 24573
25154, 24573
133292, 24258
12214, 23990
14027, 23990
15609, 23990
2901, 23977
2914, 23637
51848, 23517
2436, 22931
68029, 22877
31513, 22870
44194, 22073
36138, 21352
72290, 21352
178675, 21113
198119, 21113
227019, 21113
235970, 21113
3111, 21019
38125, 20976
41670, 20976
262595, 20724
22108, 20577
19394, 20340
154247, 20128
158113, 20128
161572, 20128
29982, 20118
31190, 20118
36225, 20118
39478, 20118
40809, 20118
45911, 20118
42941, 19554
21279, 19526
76196, 19466
150780, 19344
176233, 19344
85589, 19217
85674, 19217
86314, 19217
86977, 19217
87600, 19217
91693, 19217
91737, 19217
92984, 19217
103279, 19217
105950, 19217
147376, 19217
180510, 19217
147826, 19129
3468, 18903
145677, 18387
81868, 18379
92775, 18379
148783, 18379
187503, 18379
235914, 18190
201772, 18131
212343, 18131
224567, 18131
4893, 18124
8598, 18124
15103, 18124
18765, 18124
23971, 18124
39387, 18124
86680, 18124
1201, 18034
181680, 17855
5556, 17737
1099, 17509
90179, 17492
292355, 17166
76930, 17013
29166, 17000
108441, 17000
142127, 17000
284001, 16988
65893, 16938
5474, 16806
25744, 16723
147092, 16649
206535, 16649
233919, 16649
20253, 16619
122112, 16586
150570, 16586
164472, 16586
108711, 16552
137857, 16548
215376, 16542
143190, 16298
293089, 16298
62765, 16127
68160, 16127
101459, 16122
105319, 16122
129729, 16122
142928, 16122
94220, 16073
120891, 16073
124371, 16073
131099, 16073
131245, 16073
131712, 16073
132031, 16073
135788, 16073
140264, 16073
141362, 16073
152186, 16073
164777, 16073
166763, 16073
167651, 16073
167773, 16073
172418, 16073
203593, 16073
206487, 16073
208706, 16073
217261, 16073
232230, 16073
238006, 16073
243541, 16073
256418, 16073
286001, 16073
289195, 16073
35267, 16070
117516, 16070
201735, 16043
166882, 15943
170770, 15943
7116, 15837
133267, 15701
168937, 15701
177870, 15701
183130, 15701
187144, 15701
198333, 15701
198513, 15701
201842, 15701
214321, 15701
221504, 15701
221902, 15701
235356, 15701
241376, 15701
241972, 15701
245210, 15701
246463, 15701
248656, 15701
251672, 15701
252844, 15701
253840, 15701
264602, 15701
264736, 15701
265525, 15701
282476, 15701
283303, 15701
283636, 15701
286524, 15701
286596, 15701
292078, 15701
293204, 15701
293436, 15701
296314, 15701
294795, 15533
221613, 15501
54113, 15283
58090, 15283
58255, 15283
64867, 15283
66788, 15283
67709, 15283
79228, 15283
92187, 15283
94659, 15283
96958, 15283
97022, 15283
106591, 15283
131315, 15271
52581, 15193
59067, 15193
59627, 15193
61421, 15193
66914, 15193
64577, 14981
106735, 14981
89766, 14946
5806, 14873
99793, 14872
110797, 14872
110968, 14872
112900, 14872
185417, 14872
48947, 14783
54970, 14783
64153, 14783
113, 14755
101558, 14656
117934, 14656
129612, 14656
135203, 14656
141394, 14656
141958, 14656
143700, 14656
145424, 14656
151139, 14656
294407, 14656
115563, 14642
135854, 14642
45896, 14613
48105, 14613
88681, 14613
201665, 14613
276170, 14613
139490, 14602
235246, 14602
196451, 14550
90275, 14484
116690, 14484
130289, 14484
172535, 14484
58869, 14475
59087, 14475
64714, 14475
39388, 14457
55877, 14457
62952, 14457
72320, 14457
83247, 14457
110869, 14393
235838, 14393
33215, 14375
45376, 14363
221275, 14355
30625, 14307
34567, 14307
37169, 14307
55136, 14307
70610, 14263
72768, 14263
74145, 14263
127729, 14222
135063, 14222
141842, 14222
147720, 14222
211026, 14200
259181, 14200
123396, 14195
124793, 14195
128795, 14195
132102, 14195
132665, 14195
137325, 14195
147415, 14195
149295, 14195
152665, 14195
153138, 14195
166938, 14195
199013, 14195
203377, 14195
242859, 14195
137782, 14067
51265, 14038
250764, 14038
121978, 13941
135622, 13941
136945, 13941
144054, 13941
162980, 13941
166810, 13941
180204, 13941
208180, 13941
231494, 13941
55713, 13934
55985, 13934
64475, 13934
65423, 13934
145594, 13919
232658, 13899
20732, 13891
275073, 13782
130002, 13772
140084, 13772
148384, 13772
173055, 13772
11199, 13683
79745, 13632
294891, 13581
48197, 13476
234775, 13362
48149, 13306
52103, 13273
263254, 13258
30586, 13229
117653, 13188
124240, 13188
132421, 13188
140853, 13188
155875, 13188
157968, 13188
159324, 13188
12694, 13104
17342, 13104
36642, 13104
204280, 13104
243387, 13104
255737, 13104
107924, 13075
110578, 13075
116536, 13075
120823, 13075
121407, 13075
130741, 13075
135035, 13075
150562, 13075
159741, 13075
4209, 13014
19071, 13014
178117, 12990
179256, 12990
259363, 12990
36851, 12985
75384, 12985
10030, 12912
10241, 12912
12137, 12912
22289, 12912
64829, 12912
71559, 12912
104241, 12912
113466, 12912
126661, 12912
258749, 12912
97026, 12837
152142, 12817
193410, 12817
20960, 12474
156583, 12474
192091, 12460
128937, 12321
135466, 12321
154330, 12321
159442, 12321
180474, 12321
217314, 12125
213410, 12037
106290, 11996
126016, 11996
132609, 11996
136165, 11996
137837, 11996
138117, 11996
139379, 11996
140227, 11996
142148, 11996
144899, 11996
150465, 11996
150820, 11996
151082, 11996
153561, 11996
154611, 11996
158764, 11996
160689, 11996
161223, 11996
162240, 11996
168477, 11996
169072, 11996
170330, 11996
171370, 11996
180077, 11996
186255, 11996
188917, 11996
198250, 11996
202275, 11996
205281, 11996
220815, 11996
279517, 11947
278316, 11893
242515, 11884
255036, 11884
1132, 11805
106122, 11793
149148, 11793
80888, 11785
168468, 11613
267, 11558
13393, 11558
221705, 11479
136020, 11430
136805, 11430
142130, 11430
156421, 11430
161342, 11430
91921, 11260
117737, 11260
121195, 11260
125404, 11260
164569, 11260
176495, 11260
191346, 11260
197876, 11260
123169, 11221
159625, 11221
40298, 11120
103482, 11096
42620, 11036
7387, 11001
9747, 11001
19676, 11001
58592, 11001
79414, 11001
84205, 11001
152405, 11001
175991, 11001
125550, 10838
138673, 10838
167294, 10838
137127, 10714
14013, 10639
125642, 10639
227839, 10625
164710, 10616
7878, 10472
111430, 9855
55885, 9809
158190, 9389
75234, 9329
84263, 9329
84873, 9329
126084, 9329
130854, 9329
136012, 9329
153812, 9329
118984, 9303
8943, 9236
13509, 9236
68833, 9236
147543, 9236
177092, 9236
81363, 9222
58132, 8833
61195, 8833
137557, 8833
138113, 8833
15866, 8741
10895, 8532
16016, 8532
206444, 8511
252974, 8511
268333, 8511
69042, 8401
78222, 8401
85707, 8401
115466, 8401
115891, 8401
169277, 8330
74885, 8312
115898, 8312
168042, 8300
247425, 8300
132890, 8277
154244, 8277
178571, 8277
58202, 8152
266974, 8118
138765, 8075
249856, 8049
40282, 8037
216213, 7990
25719, 7981
191948, 7952
266258, 7952
278701, 7952
166604, 7877
175182, 7877
246450, 7877
277322, 7877
2593, 7869
24171, 7869
44283, 7869
58702, 7869
72288, 7869
238223, 7869
3866, 7837
30085, 7837
54376, 7837
183488, 7837
4367, 7826
7215, 7826
41020, 7826
69930, 7826
83569, 7826
188500, 7826
3890, 7789
154110, 7789
119773, 7727
282402, 7727
27278, 7709
40525, 7709
92393, 7709
96270, 7709
120724, 7709
2357, 7698
17326, 7698
32585, 7698
39907, 7698
72099, 7698
119770, 7698
148728, 7698
290156, 7698
16687, 7678
29974, 7678
32335, 7678
37898, 7678
49211, 7678
113051, 7678
269002, 7678
18033, 7651
12429, 7646
13446, 7646
25772, 7646
28328, 7646
36676, 7646
36840, 7646
43708, 7646
66169, 7646
96930, 7646
111380, 7646
154113, 7646
164498, 7646
204164, 7646
204210, 7646
210145, 7646
210598, 7646
213532, 7646
247802, 7646
279525, 7646
279729, 7646
70016, 7645
268815, 7645
14643, 7641
15063, 7641
16327, 7641
19009, 7641
50104, 7641
56117, 7641
100943, 7641
141742, 7641
201555, 7641
211696, 7641
241186, 7641
251075, 7641
264179, 7641
187894, 7640
272186, 7640
2457, 7637
5453, 7637
13923, 7637
28300, 7637
29927, 7637
61007, 7637
72081, 7637
84372, 7637
111074, 7637
136829, 7637
196683, 7637
233678, 7637
287139, 7637
70886, 7613
80665, 7613
164351, 7606
178679, 7606
230015, 7606
256532, 7578
14738, 7576
17535, 7576
18566, 7576
19458, 7576
20131, 7576
26599, 7576
68448, 7576
86522, 7576
93295, 7576
122691, 7576
169176, 7576
178658, 7576
284053, 7576
42980, 7547
122427, 7547
219767, 7547
223563, 7547
20378, 7539
1417, 7516
1446, 7516
1481, 7516
1755, 7516
3913, 7516
4785, 7516
7875, 7516
8288, 7516
11333, 7516
17469, 7516
18059, 7516
18650, 7516
20108, 7516
20875, 7516
22338, 7516
25957, 7516
37392, 7516
68620, 7516
72911, 7516
83059, 7516
84944, 7516
90185, 7516
93086, 7516
117541, 7516
123886, 7516
138772, 7516
154887, 7516
159085, 7516
162167, 7516
253247, 7516
4537, 7515
202811, 7511
46572, 7507
24224, 7497
30685, 7497
34559, 7497
56489, 7497
65306, 7497
71072, 7497
77901, 7497
81451, 7497
111282, 7497
140316, 7497
144769, 7497
150106, 7497
203543, 7497
205219, 7497
254280, 7497
293246, 7497
94764, 7483
211852, 7478
247989, 7478
25644, 7469
26797, 7469
30068, 7469
39076, 7469
41551, 7469
66040, 7469
69232, 7469
82760, 7469
124273, 7469
128380, 7469
165916, 7469
166749, 7469
178127, 7469
185085, 7469
193531, 7469
200585, 7469
204263, 7469
209824, 7469
210125, 7469
219427, 7469
226182, 7469
251819, 7469
30671, 7468
115057, 7468
175086, 7466
177752, 7466
198649, 7466
209265, 7466
217887, 7466
250860, 7466
273361, 7466
63224, 7461
142485, 7461
224446, 7460
230125, 7460
246245, 7460
277688, 7460
6497, 7444
262170, 7441
20617, 7434
24592, 7434
26768, 7434
37135, 7434
40932, 7434
45351, 7434
50451, 7434
627, 7426
294, 7422
15458, 7422
49407, 7422
59461, 7422
88168, 7422
184609, 7422
12730, 7413
20407, 7413
118832, 7413
168526, 7413
245710, 7413
81525, 7411
47342, 7388
126318, 7371
146684, 7371
148470, 7371
160578, 7371
161830, 7371
165397, 7371
201330, 7371
202671, 7371
233346, 7371
245283, 7371
245903, 7371
263500, 7371
124922, 7359
101550, 7341
129759, 7341
134289, 7341
134767, 7341
168868, 7341
169733, 7341
174807, 7341
229785, 7341
256964, 7341
287879, 7341
251, 7335
20275, 7335
23627, 7335
155348, 7335
167574, 7335
44752, 7318
89931, 7318
97015, 7318
124595, 7318
127475, 7318
135683, 7318
137985, 7318
172687, 7318
173483, 7318
261064, 7318
262682, 7318
282310, 7318
16138, 7301
27798, 7301
60093, 7301
82528, 7301
150997, 7301
194937, 7301
293396, 7301
248358, 7289
174216, 7278
170150, 7276
238120, 7276
44877, 7272
375, 7227
60933, 7227
69592, 7227
71825, 7227
78782, 7227
121760, 7227
148519, 7227
148970, 7227
155088, 7227
158797, 7227
173312, 7227
237994, 7227
255533, 7227
265220, 7227
281081, 7227
190802, 7223
5611, 7220
235121, 7186
52339, 7181
118723, 7181
129439, 7181
266699, 7181
268299, 7181
279990, 7142
32521, 7122
40401, 7122
40671, 7122
106278, 7122
144612, 7122
211135, 7122
256736, 7122
16851, 7120
76974, 7120
13500, 7105
17583, 7105
19130, 7105
26348, 7105
31533, 7105
38470, 7105
43863, 7105
55466, 7105
61682, 7105
64521, 7105
76056, 7105
85078, 7105
95110, 7105
118868, 7105
128059, 7105
130428, 7105
155518, 7105
166977, 7105
176629, 7105
183833, 7105
184225, 7105
184228, 7105
184570, 7105
255717, 7105
258274, 7105
192307, 7101
89210, 7093
138782, 7093
153644, 7093
46316, 7077
91370, 7077
266965, 7067
41897, 7066
68478, 7066
82021, 7066
91093, 7066
107467, 7066
137253, 7066
148661, 7066
215185, 7066
220801, 7066
244620, 7066
276413, 7066
292003, 7066
19036, 7056
29025, 7056
31032, 7056
42690, 7056
56132, 7056
65573, 7056
85406, 7056
85653, 7056
86923, 7056
98225, 7056
120818, 7056
122067, 7056
134377, 7056
139156, 7056
141489, 7056
188849, 7056
218907, 7056
220223, 7056
230299, 7056
246654, 7056
288226, 7056
78697, 7009
218515, 7008
239884, 7008
248962, 7008
253524, 7008
36975, 7000
63689, 7000
83769, 6940
125855, 6917
219091, 6917
266145, 6917
294482, 6873
149387, 6860
151492, 6860
228391, 6860
261739, 6860
2038, 6836
13217, 6833
290945, 6808
89377, 6785
20649, 6771
39492, 6734
45058, 6734
73975, 6734
101390, 6734
106512, 6734
107749, 6734
122816, 6734
144221, 6734
146208, 6734
158150, 6734
166277, 6734
197801, 6734
209797, 6734
216424, 6734
289826, 6734
29984, 6691
104144, 6691
174831, 6580
138510, 6573
125644, 6569
83003, 6545
211376, 6545
214231, 6545
246952, 6545
271046, 6545
28083, 6534
214221, 6510
52, 6431
110882, 6401
46871, 6399
219194, 6399
255082, 6399
59814, 6391
167555, 6391
177452, 6391
197708, 6391
45989, 6346
281974, 6346
3, 6307
54233, 6293
196423, 6293
231435, 6293
4018, 6223
4576, 6223
5040, 6223
5271, 6223
7098, 6223
19950, 6223
20123, 6223
20156, 6223
21674, 6223
24965, 6223
31909, 6223
119304, 6223
125060, 6223
211859, 6223
278868, 6223
283165, 6223
292962, 6165
141116, 6105
127179, 6096
142278, 6096
180305, 6070
150814, 6065
154786, 6065
165555, 6065
247557, 6065
247627, 6065
141797, 6045
112165, 5999
211705, 5991
262718, 5991
188580, 5986
109961, 5967
146702, 5967
191815, 5949
217194, 5949
220893, 5949
227372, 5949
130681, 5918
120887, 5902
130273, 5902
140157, 5902
140621, 5902
141500, 5902
183981, 5902
189438, 5902
208440, 5902
237403, 5902
271283, 5902
20986, 5899
93395, 5899
110096, 5889
130169, 5881
138776, 5881
170005, 5881
180872, 5881
189566, 5881
199138, 5881
211922, 5881
219550, 5881
223885, 5881
238886, 5881
247141, 5881
259100, 5881
263260, 5881
265025, 5881
279931, 5881
290510, 5881
159611, 5872
202820, 5872
210007, 5872
159934, 5868
130977, 5834
156987, 5834
122291, 5798
130259, 5798
135959, 5798
138257, 5798
143085, 5798
147387, 5798
152698, 5798
168599, 5798
169337, 5798
184697, 5798
188197, 5798
240782, 5798
260015, 5798
276422, 5798
119970, 5753
147361, 5753
158225, 5753
182385, 5753
197217, 5753
204441, 5753
236839, 5753
244206, 5753
282158, 5753
89388, 5701
99659, 5701
101262, 5701
102305, 5701
103312, 5701
107604, 5701
109913, 5701
114250, 5701
119045, 5701
124857, 5701
164732, 5701
170226, 5701
219335, 5701
224578, 5627
105098, 5610
110995, 5610
134376, 5610
140371, 5610
143177, 5610
173318, 5610
253381, 5610
263417, 5610
271562, 5610
16262, 5600
16277, 5600
25476, 5600
27760, 5600
28522, 5600
37290, 5600
38344, 5600
44563, 5600
47992, 5600
51887, 5600
60999, 5600
62534, 5600
69873, 5600
80285, 5600
91043, 5600
134787, 5600
139160, 5600
193409, 5600
200601, 5600
218619, 5600
243772, 5600
245731, 5600
268040, 5600
286032, 5600
290111, 5600
56267, 5564
163264, 5546
182069, 5546
190975, 5546
13183, 5483
18518, 5483
23081, 5483
31851, 5483
32908, 5483
40383, 5483
42890, 5483
44306, 5483
48825, 5483
53246, 5483
59376, 5483
60169, 5483
66899, 5483
67457, 5483
69490, 5483
72664, 5483
77970, 5483
81872, 5483
87603, 5483
90236, 5483
91330, 5483
92944, 5483
94594, 5483
94750, 5483
114735, 5483
116164, 5483
116786, 5483
117265, 5483
127962, 5483
138597, 5483
139448, 5483
143867, 5483
151705, 5483
154125, 5483
157829, 5483
160194, 5483
161941, 5483
199090, 5483
208592, 5483
213924, 5483
250820, 5483
255292, 5483
263667, 5483
87940, 5480
140850, 5480
203168, 5480
216962, 5480
137259, 5445
161416, 5445
215423, 5389
153623, 5368
220379, 5368
220707, 5368
131616, 5366
194408, 5366
51457, 5230
84984, 5200
141965, 5179
22686, 5125
255765, 5125
283784, 5125
294534, 5125
236686, 5060
234712, 4903
216280, 4888
63337, 4866
136577, 4839
49626, 4715
95298, 4715
256706, 4611
75410, 4601
36771, 4532
41692, 4532
53527, 4532
108177, 4532
36342, 4528
98590, 4460
100331, 4460
44791, 4394
51244, 4394
52759, 4394
64433, 4394
74453, 4394
74762, 4394
75481, 4394
89411, 4394
90343, 4394
104370, 4394
114208, 4394
119499, 4394
124287, 4394
7132, 4318
11280, 4318
18218, 4318
25044, 4318
103774, 4318
130067, 4318
147350, 4318
176619, 4318
255599, 4318
91214, 4301
30879, 4277
240033, 4248
288378, 4186
101761, 4175
144656, 4175
73814, 4168
35518, 4063
10324, 4026
237814, 3959
273560, 3927
148742, 3893
159838, 3799
559, 3724
63340, 3663
34073, 3635
28955, 3545
31373, 3545
27766, 3525
4058, 3517
24356, 3517
123501, 3517
265749, 3517
93343, 3512
73374, 3476
120226, 3476
74535, 3471
11289, 3466
231588, 3436
138289, 3431
990, 3320
124875, 3168
12259, 3154
86900, 2957
127441, 2957
135610, 2957
117240, 2942
117485, 2942
119209, 2942
132702, 2942
136672, 2942
137291, 2942
143425, 2942
163209, 2942
165123, 2942
166110, 2942
166981, 2942
167047, 2942
168296, 2942
173633, 2942
173806, 2942
175073, 2942
179796, 2942
182753, 2942
189926, 2942
191969, 2942
192661, 2942
192806, 2942
193469, 2942
193874, 2942
197440, 2942
206832, 2942
217897, 2942
222024, 2942
245147, 2942
245570, 2942
32008, 2927
32853, 2927
39588, 2927
43713, 2927
282185, 2927
40687, 2923
42325, 2923
45676, 2923
47153, 2923
51571, 2923
56230, 2923
58392, 2923
58843, 2923
63461, 2923
68482, 2923
69586, 2923
73910, 2923
83016, 2923
86594, 2923
89157, 2923
89581, 2923
97055, 2923
97323, 2923
110504, 2923
128284, 2923
132491, 2923
181476, 2923
225772, 2923
89039, 2913
118498, 2913
129065, 2913
161092, 2913
265717, 2913
87515, 2908
137099, 2876
59038, 2870
115733, 2843
122680, 2843
290207, 2843
28991, 2832
177623, 2829
225, 2828
198507, 2828
280554, 2823
4180, 2821
166135, 2820
249653, 2818
3419, 2815
98371, 2815
280477, 2815
10439, 2810
74184, 2810
15369, 2807
7113, 2805
17377, 2805
33685, 2802
119617, 2801
219126, 2801
27426, 2795
58288, 2791
102114, 2791
194925, 2791
262276, 2790
118144, 2779
5456, 2767
110908, 2767
137459, 2767
292222, 2767
510, 2759
23998, 2750
36453, 2750
38134, 2750
38159, 2750
55404, 2750
62298, 2750
84403, 2750
92906, 2750
100654, 2750
101911, 2750
103696, 2750
154860, 2750
162531, 2750
163279, 2750
171129, 2750
185312, 2750
281503, 2750
33444, 2748
19060, 2743
157082, 2743
78, 2740
41714, 2728
262086, 2728
257915, 2726
76548, 2720
208168, 2709
283141, 2703
264398, 2694
420, 2674
98044, 2658
156219, 2638
5934, 2630
21154, 2620
21540, 2603
7963, 2594
18458, 2587
33789, 2552
53140, 2552
82602, 2552
202906, 2552
230359, 2552
23937, 2516
71046, 2516
42752, 2503
3485, 2474
3764, 2474
9126, 2474
270086, 2448
26929, 2433
1305, 2407
175792, 2387
38188, 2375
21392, 2374
33624, 2374
248820, 2371
3628, 2370
108086, 2343
273145, 2320
10857, 2315
16889, 2315
35195, 2311
137892, 2306
4722, 2303
9372, 2303
73480, 2303
57908, 2256
91702, 2256
116719, 2256
126226, 2256
151781, 2256
237256, 2256
265212, 2256
267078, 2256
156096, 2243
217196, 2243
38173, 2231
160067, 2231
174024, 2231
191364, 2231
207471, 2231
287047, 2231
9625, 2227
9965, 2227
18054, 2227
18972, 2227
19288, 2227
21466, 2227
22551, 2227
24318, 2227
37969, 2227
185287, 2216
218962, 2210
78785, 2208
200541, 2208
268627, 2208
61003, 2207
163380, 2207
186414, 2207
238851, 2207
270178, 2207
20353, 2200
161884, 2200
46899, 2189
141660, 2187
281794, 2187
40890, 2181
99264, 2178
259888, 2178
37503, 2177
5299, 2172
2957, 2170
21978, 2170
120196, 2170
294385, 2170
193994, 2168
256151, 2168
269798, 2168
136843, 2166
160937, 2166
171004, 2166
238740, 2166
97209, 2165
198430, 2165
202648, 2165
5967, 2164
39684, 2164
68754, 2164
181535, 2164
258200, 2164
292245, 2164
1011, 2162
1711, 2162
2187, 2162
2556, 2162
3735, 2162
5202, 2162
5214, 2162
5661, 2162
64837, 2162
247637, 2162
60371, 2158
160158, 2158
191676, 2158
265044, 2158
288669, 2158
291004, 2158
116513, 2157
219199, 2157
19152, 2156
40135, 2156
73831, 2156
83508, 2156
118464, 2156
233385, 2156
262621, 2156
74809, 2155
262802, 2155
15252, 2154
83341, 2154
234900, 2154
20380, 2152
29189, 2150
31150, 2150
157919, 2150
207000, 2150
27508, 2146
73639, 2146
132084, 2146
205248, 2146
270159, 2146
66997, 2144
68139, 2144
190233, 2144
203600, 2144
209221, 2144
251548, 2144
10129, 2129
25828, 2129
12384, 2127
15762, 2127
20692, 2127
21595, 2127
23508, 2127
23944, 2127
29980, 2127
37283, 2127
39578, 2127
41118, 2127
42891, 2127
43498, 2127
54840, 2127
56325, 2127
63008, 2127
82179, 2127
88645, 2127
89903, 2127
93461, 2127
116343, 2127
128991, 2127
139214, 2127
146632, 2127
149688, 2127
162766, 2127
184888, 2127
204939, 2127
234713, 2127
279773, 2127
281629, 2127
50919, 2126
129218, 2126
271150, 2126
137583, 2123
234780, 2123
250256, 2117
116195, 2116
145983, 2112
163142, 2112
170183, 2112
134588, 2111
145938, 2111
172485, 2111
204255, 2111
251100, 2111
251463, 2111
266075, 2111
31480, 2110
70871, 2110
94912, 2110
103122, 2110
128950, 2110
129143, 2110
206805, 2110
93463, 2108
270249, 2108
50014, 2106
63711, 2106
65586, 2106
101461, 2106
208584, 2106
210054, 2106
24723, 2103
29752, 2103
30666, 2103
41043, 2103
42698, 2103
55470, 2103
86979, 2103
166390, 2103
178886, 2103
187637, 2103
205222, 2103
125910, 2101
288763, 2101
30999, 2099
192869, 2099
204530, 2099
254434, 2099
44544, 2097
54179, 2097
66178, 2097
96870, 2097
151475, 2097
151669, 2097
7379, 2094
56926, 2094
110983, 2094
152960, 2094
274690, 2094
26654, 2088
70375, 2085
90684, 2085
148794, 2085
182326, 2085
182451, 2085
195258, 2085
196594, 2085
211578, 2085
239071, 2085
245522, 2085
260306, 2085
260386, 2085
266484, 2085
295365, 2085
279461, 2084
152736, 2082
56203, 2081
76833, 2081
77496, 2081
82115, 2081
83556, 2081
107004, 2081
111832, 2081
116473, 2081
153446, 2081
223759, 2081
17345, 2079
14926, 2076
238419, 2074
67630, 2072
225538, 2072
293450, 2072
65836, 2071
213550, 2071
82420, 2070
25687, 2069
35400, 2066
40020, 2066
40090, 2066
75913, 2066
93988, 2066
102334, 2066
38941, 2065
39840, 2065
40441, 2065
63303, 2065
240569, 2057
2776, 2052
31307, 2051
176545, 2051
36681, 2048
14628, 2045
120411, 2045
248526, 2044
23726, 2043
53996, 2043
74919, 2043
114844, 2043
154505, 2043
65808, 2040
80147, 2040
283322, 2037
20554, 2036
82934, 2036
105069, 2036
99428, 2032
175468, 2031
193377, 2031
81020, 2030
145581, 2028
37128, 2027
96979, 2027
125026, 2027
143943, 2027
150129, 2027
184938, 2027
185420, 2027
200719, 2027
253052, 2027
271779, 2027
275273, 2027
279874, 2027
20278, 2022
24510, 2022
152269, 2022
61334, 2021
115305, 2021
184868, 2021
188706, 2021
31560, 2010
43599, 2010
62396, 2010
87078, 2010
111399, 2010
153567, 2010
212985, 2010
180144, 2009
34351, 2006
111253, 2005
35780, 2000
194626, 1999
24760, 1998
35533, 1998
55987, 1998
112018, 1998
135373, 1998
159276, 1998
266494, 1997
77759, 1996
119503, 1996
247276, 1996
127592, 1992
131604, 1992
184668, 1992
185481, 1992
231690, 1992
60287, 1988
63050, 1988
87503, 1988
115602, 1988
154306, 1988
154344, 1988
163921, 1988
173921, 1988
176857, 1988
222654, 1988
21530, 1987
26322, 1987
95385, 1987
124241, 1987
143055, 1987
1311, 1984
78069, 1984
81416, 1984
86076, 1984
117341, 1984
258367, 1984
264974, 1984
270283, 1984
277400, 1984
278166, 1984
284652, 1984
288954, 1984
216315, 1980
3358, 1978
48823, 1978
138027, 1978
220380, 1977
193772, 1974
61855, 1971
156711, 1971
180608, 1970
218409, 1970
35272, 1968
51598, 1967
46089, 1965
52919, 1965
99148, 1965
145143, 1965
160565, 1965
192507, 1965
230012, 1965
258833, 1965
267712, 1965
213364, 1961
66120, 1960
66946, 1960
116187, 1960
235355, 1960
45492, 1958
49810, 1958
53175, 1958
58155, 1958
66756, 1958
74624, 1958
75643, 1958
76916, 1958
78276, 1958
78588, 1958
85032, 1958
86780, 1958
103712, 1958
122643, 1958
138364, 1958
145985, 1958
147324, 1958
148075, 1958
150187, 1958
177894, 1958
179110, 1958
181641, 1958
226714, 1958
249188, 1958
68683, 1957
228835, 1957
100442, 1956
261337, 1956
1275, 1954
36367, 1953
41975, 1953
72527, 1953
77716, 1953
81082, 1953
85186, 1953
101978, 1953
120691, 1953
149063, 1953
190707, 1953
231264, 1951
68201, 1947
34309, 1944
22555, 1943
94652, 1943
134442, 1943
251871, 1942
31614, 1941
220541, 1941
251372, 1941
261131, 1941
21388, 1940
47377, 1940
56673, 1940
73375, 1939
122705, 1939
140380, 1939
189894, 1939
2558, 1938
188105, 1937
249354, 1937
267634, 1937
51253, 1934
65855, 1934
154819, 1934
36104, 1933
123998, 1930
37534, 1929
75213, 1929
90152, 1929
91175, 1929
120078, 1929
129441, 1929
78137, 1928
1698, 1927
78395, 1924
105534, 1924
108549, 1924
130930, 1924
140711, 1924
152096, 1924
162352, 1924
163606, 1924
205814, 1924
217736, 1924
234748, 1924
251886, 1924
284095, 1924
9314, 1923
57962, 1923
1359, 1921
10847, 1921
12046, 1921
81639, 1921
121661, 1921
193965, 1921
204677, 1918
123453, 1916
141504, 1913
164752, 1913
231949, 1913
275414, 1913
293599, 1913
1706, 1911
100201, 1911
2045, 1910
11478, 1910
18257, 1910
38653, 1910
38876, 1910
76520, 1910
82634, 1910
95344, 1910
101849, 1910
146484, 1910
166686, 1910
191219, 1910
250161, 1910
20166, 1909
148774, 1909
210859, 1909
70822, 1908
81888, 1908
252910, 1908
70953, 1907
109098, 1906
223572, 1906
87799, 1905
249906, 1904
2082, 1900
44176, 1900
194074, 1900
288085, 1900
18857, 1899
185689, 1899
11984, 1898
38090, 1897
63239, 1897
68008, 1896
182748, 1896
91698, 1894
149209, 1894
179111, 1894
200720, 1894
235628, 1894
245303, 1894
10541, 1893
15275, 1893
74080, 1891
41787, 1890
23722, 1889
81199, 1889
143782, 1889
14146, 1887
19733, 1887
115546, 1887
166528, 1887
196687, 1886
16433, 1885
1174, 1883
3472, 1883
16909, 1883
34107, 1883
53029, 1883
72061, 1883
91355, 1883
194087, 1883
1313, 1882
18228, 1880
61411, 1880
66494, 1880
79239, 1880
6259, 1879
29131, 1879
53366, 1879
78228, 1879
15491, 1876
57586, 1876
90389, 1876
248623, 1876
1621, 1874
1642, 1870
17537, 1870
277617, 1870
59467, 1869
231180, 1868
273996, 1868
49712, 1867
146944, 1867
193188, 1865
154847, 1863
839, 1862
3173, 1861
198556, 1861
236490, 1861
51257, 1860
200534, 1860
212054, 1860
738, 1859
31144, 1859
47655, 1859
1167, 1857
1363, 1857
26926, 1857
69111, 1855
52667, 1854
19478, 1853
228390, 1853
25767, 1852
32116, 1852
32539, 1852
32647, 1852
37297, 1852
37988, 1852
59723, 1852
63643, 1852
65207, 1852
77377, 1852
80822, 1852
87080, 1852
135681, 1851
226430, 1850
1910, 1849
2010, 1849
1238, 1848
3062, 1847
15414, 1847
15490, 1847
16014, 1847
21455, 1847
37899, 1847
170777, 1847
1609, 1844
1686, 1844
1759, 1844
1803, 1844
1835, 1844
1907, 1844
81964, 1843
134684, 1843
1729, 1842
1821, 1842
1867, 1842
1937, 1842
1938, 1842
2042, 1842
6201, 1842
56017, 1842
174329, 1842
96360, 1841
100441, 1841
146778, 1841
184567, 1841
277823, 1840
1920, 1837
1964, 1837
2019, 1837
138945, 1837
164237, 1837
21303, 1835
48819, 1835
238456, 1835
217950, 1833
16573, 1832
51607, 1832
198689, 1832
77962, 1831
281269, 1831
39216, 1830
258, 1829
35584, 1825
37912, 1825
66135, 1825
111524, 1825
159264, 1825
287812, 1825
35443, 1824
192464, 1824
13686, 1823
18992, 1823
135662, 1823
3016, 1822
11228, 1822
9133, 1819
217299, 1818
1357, 1814
7706, 1811
17135, 1811
83633, 1811
137841, 1811
158464, 1811
208476, 1811
281030, 1810
25148, 1808
66538, 1808
87571, 1808
170139, 1808
268101, 1808
82413, 1806
29519, 1805
23121, 1803
50194, 1802
121194, 1802
158929, 1802
238636, 1802
275015, 1802
35453, 1801
141148, 1801
223556, 1801
234776, 1801
250544, 1801
1299, 1796
204935, 1796
238076, 1796
111637, 1795
165544, 1795
173471, 1795
278576, 1795
10812, 1794
62605, 1794
65561, 1794
65875, 1794
102574, 1794
103930, 1794
151488, 1794
156078, 1794
162967, 1794
167005, 1794
168894, 1794
173880, 1794
189269, 1794
195467, 1794
199126, 1794
238214, 1794
242518, 1794
247331, 1794
263132, 1794
268706, 1794
270921, 1794
271834, 1794
281594, 1794
289781, 1794
143879, 1791
48959, 1790
54744, 1790
58556, 1790
60509, 1790
93156, 1790
99247, 1790
100063, 1790
110110, 1790
113213, 1790
128048, 1790
136888, 1790
137134, 1790
148777, 1790
149506, 1790
163145, 1790
176706, 1790
195266, 1790
205929, 1790
216916, 1790
217055, 1790
260153, 1790
261454, 1790
290918, 1790
295277, 1790
45436, 1789
66763, 1789
74253, 1789
275620, 1789
46977, 1788
87196, 1788
111872, 1788
122633, 1788
194596, 1788
202134, 1788
219450, 1788
294384, 1788
31348, 1787
126581, 1787
294095, 1787
64748, 1786
76674, 1783
77102, 1783
21200, 1782
55656, 1782
72434, 1782
148080, 1782
158342, 1782
158871, 1782
180867, 1782
184404, 1782
208617, 1782
249976, 1782
251216, 1782
272291, 1782
279120, 1782
78435, 1781
91212, 1781
98244, 1781
111594, 1781
167676, 1781
193714, 1781
231923, 1781
293995, 1781
88417, 1780
15321, 1779
32527, 1779
87682, 1778
221276, 1778
284773, 1778
91083, 1776
96196, 1776
196513, 1776
55424, 1774
146242, 1774
169788, 1774
256492, 1774
64971, 1772
85847, 1772
89591, 1772
98577, 1772
123605, 1772
136357, 1772
173907, 1772
177797, 1772
211344, 1772
213432, 1772
222990, 1772
256951, 1772
267943, 1772
277689, 1772
289626, 1772
29321, 1771
84633, 1771
91763, 1771
155686, 1771
158714, 1771
185001, 1771
17800, 1768
2509, 1767
6277, 1767
13307, 1767
26910, 1767
33388, 1767
34152, 1767
54628, 1767
54833, 1767
105722, 1767
108735, 1767
121171, 1767
266606, 1767
290466, 1767
43228, 1766
52366, 1766
116570, 1766
158544, 1766
162218, 1766
174196, 1766
181232, 1766
187193, 1766
205422, 1766
1379, 1765
19133, 1765
37748, 1765
37870, 1765
43231, 1765
64141, 1765
82611, 1765
108297, 1765
116645, 1765
141387, 1765
211921, 1765
223270, 1765
244689, 1765
254883, 1765
280577, 1765
295266, 1765
25201, 1762
58457, 1762
69692, 1762
150470, 1762
164681, 1762
221846, 1762
158770, 1761
239276, 1761
3492, 1760
3772, 1760
271975, 1760
85373, 1758
144779, 1758
118216, 1757
52336, 1756
116299, 1755
185772, 1755
927, 1754
3746, 1754
20289, 1754
83052, 1754
109583, 1754
126115, 1754
132707, 1754
157310, 1754
157887, 1754
163162, 1754
195229, 1754
196086, 1754
199326, 1754
200559, 1754
208442, 1754
222472, 1754
243138, 1754
273738, 1754
273921, 1754
282962, 1754
79369, 1753
233994, 1753
255925, 1753
283381, 1753
99019, 1750
114966, 1750
135123, 1750
156737, 1750
165320, 1750
280888, 1750
282733, 1750
121763, 1749
182881, 1749
276105, 1749
78110, 1748
88781, 1748
105475, 1748
283870, 1748
12032, 1746
15121, 1746
252897, 1746
33695, 1745
134749, 1745
176085, 1745
195902, 1745
78256, 1744
112935, 1744
147962, 1744
153344, 1744
176738, 1744
181147, 1744
24546, 1743
52272, 1743
95148, 1743
187723, 1743
30679, 1742
28805, 1741
64712, 1741
162075, 1741
278093, 1741
80069, 1740
202826, 1740
204372, 1740
245086, 1740
245953, 1739
29621, 1738
289003, 1738
39995, 1737
186604, 1737
273634, 1737
26589, 1736
173886, 1736
290841, 1735
4963, 1734
14015, 1734
28075, 1734
33265, 1734
57929, 1734
77401, 1734
90438, 1734
92743, 1734
95186, 1734
106028, 1734
113037, 1734
113171, 1734
142611, 1734
149344, 1734
177043, 1734
190444, 1734
192763, 1734
204860, 1734
286050, 1734
290278, 1734
28027, 1733
37555, 1733
76059, 1732
157003, 1732
288600, 1732
184744, 1731
213124, 1731
132845, 1730
15144, 1729
45039, 1729
64574, 1729
126546, 1729
7350, 1728
14620, 1728
28953, 1728
34935, 1728
50365, 1728
54524, 1728
59363, 1728
74908, 1728
75636, 1728
131247, 1728
151795, 1728
156836, 1728
161636, 1728
168231, 1728
187456, 1728
189277, 1728
29034, 1727
32733, 1727
40368, 1727
82059, 1727
153752, 1727
164245, 1727
41789, 1725
80457, 1725
114598, 1725
20665, 1724
82071, 1724
82160, 1724
98140, 1724
103901, 1724
112482, 1724
126835, 1724
130489, 1724
146459, 1724
162468, 1724
166031, 1724
176265, 1724
192095, 1724
220651, 1724
230752, 1724
252649, 1724
271745, 1724
280614, 1724
281278, 1724
294666, 1724
54657, 1723
70270, 1723
76282, 1723
166782, 1723
10872, 1722
51569, 1722
62932, 1722
112583, 1722
121240, 1722
129372, 1722
161840, 1722
172889, 1722
184250, 1722
189497, 1722
251739, 1722
253835, 1722
62015, 1721
84095, 1721
95428, 1721
118319, 1721
143492, 1721
27048, 1720
28484, 1720
135400, 1720
171739, 1720
225984, 1720
249594, 1720
100456, 1719
5566, 1718
7389, 1718
19020, 1718
19993, 1718
77890, 1718
117724, 1717
170448, 1717
199609, 1717
281649, 1717
18215, 1716
40591, 1716
41071, 1716
98848, 1716
126740, 1716
157259, 1716
172197, 1716
26259, 1715
29327, 1715
36960, 1715
160801, 1715
22038, 1714
31733, 1714
43279, 1714
77218, 1714
94495, 1714
123857, 1714
143388, 1714
147484, 1714
53620, 1712
173484, 1712
229955, 1712
236295, 1712
280321, 1712
291267, 1712
60471, 1711
212938, 1711
37274, 1710
161468, 1710
180487, 1710
208261, 1710
281692, 1710
29562, 1709
51228, 1709
54585, 1709
85214, 1709
88075, 1709
128271, 1709
131002, 1709
155411, 1709
169486, 1709
252668, 1709
35937, 1708
45541, 1708
72561, 1708
199582, 1708
4870, 1706
16483, 1705
95246, 1704
101962, 1704
114058, 1704
154018, 1704
160348, 1704
173832, 1704
175228, 1704
177029, 1704
178814, 1704
183339, 1704
273382, 1704
278161, 1704
292217, 1704
27571, 1703
88279, 1703
23797, 1702
107389, 1702
292382, 1702
37322, 1701
59052, 1701
100849, 1701
154261, 1701
241379, 1701
275474, 1701
292517, 1701
22240, 1700
43665, 1700
65275, 1700
69382, 1700
72815, 1700
100006, 1700
115634, 1700
288224, 1700
23608, 1699
38110, 1699
117746, 1699
170645, 1699
64074, 1698
111173, 1698
111462, 1698
130577, 1698
163937, 1698
212856, 1698
223195, 1698
283800, 1698
1013, 1697
28146, 1697
132870, 1697
161649, 1697
162882, 1697
218070, 1697
33410, 1696
122462, 1696
141639, 1696
157105, 1696
218284, 1696
228778, 1696
81344, 1695
27927, 1694
5079, 1693
87911, 1693
8386, 1692
85497, 1692
245572, 1692
257510, 1692
42892, 1691
109385, 1691
179430, 1691
182301, 1691
198818, 1691
227129, 1691
138792, 1690
17035, 1689
23532, 1689
82030, 1689
90103, 1689
123943, 1689
251349, 1689
67890, 1688
282520, 1688
284332, 1688
85739, 1687
204625, 1687
223230, 1687
278319, 1687
172871, 1686
7066, 1685
51747, 1685
58167, 1685
131741, 1685
161823, 1685
224016, 1685
77249, 1684
103528, 1684
157824, 1684
75244, 1683
163551, 1683
204735, 1683
244346, 1683
261184, 1683
14353, 1682
79009, 1682
121804, 1682
146934, 1682
196535, 1682
56877, 1681
197811, 1681
293026, 1681
13671, 1680
41163, 1680
88042, 1680
165759, 1680
267381, 1680
65385, 1679
123046, 1679
144623, 1679
149669, 1679
188174, 1679
225853, 1679
5496, 1678
43941, 1678
56518, 1678
65034, 1678
82277, 1678
100878, 1678
122232, 1678
58305, 1677
61512, 1677
75992, 1677
147749, 1677
247852, 1677
254038, 1677
83315, 1675
250358, 1675
10438, 1674
17639, 1673
37808, 1673
47922, 1673
41940, 1672
46137, 1672
94486, 1672
97858, 1672
117091, 1672
263745, 1672
32093, 1671
3035, 1670
27050, 1670
99427, 1670
80595, 1669
217869, 1668
223316, 1667
226629, 1667
272393, 1665
40489, 1664
41959, 1664
83174, 1664
134830, 1664
178577, 1664
284513, 1664
119261, 1661
163767, 1661
257513, 1661
53354, 1660
57322, 1660
9916, 1658
102456, 1658
122532, 1658
210630, 1658
222415, 1658
48709, 1657
99409, 1657
210112, 1657
197336, 1656
229113, 1656
292276, 1656
7201, 1655
30274, 1655
65314, 1655
68371, 1655
88940, 1655
90260, 1655
96024, 1655
99024, 1655
104058, 1655
122278, 1655
156560, 1655
191983, 1655
234722, 1655
246910, 1655
256894, 1655
278652, 1655
9231, 1654
10686, 1654
11501, 1654
16547, 1654
23929, 1654
37213, 1654
39440, 1654
64189, 1654
82316, 1654
82423, 1654
88241, 1654
93656, 1654
97162, 1654
121373, 1654
126355, 1654
127346, 1654
139685, 1654
144400, 1654
145222, 1654
148024, 1654
156349, 1654
160148, 1654
166116, 1654
175229, 1654
177007, 1654
180838, 1654
185233, 1654
196846, 1654
197637, 1654
215079, 1654
220475, 1654
234733, 1654
237703, 1654
239537, 1654
244438, 1654
260165, 1654
266357, 1654
269282, 1654
277367, 1654
282183, 1654
290287, 1654
290516, 1654
291097, 1654
13738, 1653
101760, 1653
119053, 1653
225549, 1653
230019, 1653
30723, 1652
81454, 1652
87224, 1652
99774, 1652
113184, 1652
212868, 1652
229179, 1652
7886, 1651
9821, 1651
22308, 1651
34983, 1651
46919, 1651
129315, 1651
158117, 1651
168919, 1651
179396, 1651
246058, 1651
64599, 1650
99433, 1649
160839, 1649
64343, 1648
15266, 1646
21714, 1646
32595, 1646
65798, 1646
66876, 1646
79996, 1646
108180, 1646
113246, 1646
140557, 1646
204009, 1646
259250, 1646
17670, 1645
124026, 1645
187215, 1645
88351, 1644
119331, 1644
244949, 1643
5944, 1642
74333, 1642
84783, 1642
106686, 1642
124033, 1642
171711, 1642
182358, 1642
247049, 1642
6250, 1641
67886, 1640
71125, 1640
79696, 1640
197630, 1640
39243, 1639
41126, 1639
81826, 1639
136257, 1639
155800, 1639
35054, 1637
70055, 1637
102339, 1637
130901, 1637
145843, 1637
190740, 1637
225086, 1637
260371, 1637
288043, 1637
3721, 1636
11229, 1636
166371, 1636
267999, 1636
273335, 1636
277062, 1636
10104, 1635
43815, 1635
17420, 1634
256531, 1634
15509, 1633
19481, 1633
23731, 1633
37598, 1633
39327, 1633
65431, 1633
86515, 1633
95578, 1633
132484, 1633
136462, 1633
189548, 1633
196415, 1633
266449, 1633
40193, 1632
61719, 1632
88680, 1632
238097, 1632
274858, 1631
9216, 1629
62128, 1629
62898, 1629
117674, 1629
267155, 1629
136316, 1628
137361, 1628
145271, 1628
189998, 1628
3786, 1627
42907, 1627
70794, 1627
97092, 1627
129908, 1627
288197, 1627
8815, 1626
32001, 1626
53059, 1626
81511, 1626
128296, 1626
185239, 1626
191024, 1626
194263, 1626
218730, 1626
244588, 1626
115883, 1625
249190, 1625
289330, 1625
189786, 1624
75512, 1623
78201, 1623
94193, 1623
115285, 1623
127705, 1623
136488, 1622
149868, 1622
247423, 1622
287650, 1622
135618, 1621
143155, 1621
154305, 1621
170476, 1621
102015, 1620
109581, 1620
14511, 1619
21229, 1619
90546, 1619
99529, 1619
166426, 1619
209902, 1619
215678, 1619
175404, 1618
247691, 1618
119187, 1616
19927, 1615
27767, 1615
69788, 1615
80180, 1615
92726, 1615
189444, 1615
209803, 1615
211892, 1615
235236, 1615
274942, 1615
280925, 1615
26261, 1614
200502, 1614
23690, 1611
25890, 1611
52497, 1611
102583, 1611
106010, 1611
136201, 1611
161187, 1611
270674, 1611
31948, 1610
71752, 1610
92649, 1610
106739, 1610
111552, 1610
113974, 1610
118727, 1610
178936, 1610
8189, 1609
68395, 1609
118536, 1609
147485, 1609
154469, 1609
179527, 1609
242265, 1609
295410, 1609
373, 1608
13763, 1608
23536, 1608
34778, 1608
47464, 1608
60222, 1608
232153, 1608
263194, 1608
7491, 1607
13017, 1607
17545, 1607
28624, 1607
36271, 1607
48839, 1607
71466, 1607
72847, 1607
85153, 1607
92076, 1607
97917, 1607
100711, 1607
112310, 1607
125057, 1607
127851, 1607
129378, 1607
140632, 1607
143206, 1607
156943, 1607
179682, 1607
181518, 1607
209474, 1607
241446, 1607
258229, 1607
261499, 1607
273263, 1607
287710, 1607
47840, 1606
88976, 1606
185305, 1606
283699, 1606
78218, 1605
121011, 1605
121847, 1605
60567, 1604
72415, 1604
73590, 1604
43414, 1603
130759, 1603
250513, 1603
35733, 1602
53106, 1602
111771, 1602
131476, 1602
164923, 1602
287856, 1602
70455, 1601
175217, 1601
30326, 1600
68689, 1600
109630, 1600
133786, 1600
166546, 1600
172824, 1600
209948, 1600
221137, 1600
226121, 1600
253698, 1600
265446, 1600
268690, 1600
115, 1599
144946, 1599
286922, 1599
32662, 1598
33379, 1598
33614, 1598
36496, 1598
39500, 1598
40433, 1598
42566, 1598
43039, 1598
52499, 1598
56185, 1598
57873, 1598
62084, 1598
69910, 1598
70310, 1598
77163, 1598
78518, 1598
82217, 1598
104195, 1598
159213, 1598
210128, 1598
217668, 1598
257268, 1598
266004, 1598
292520, 1598
12843, 1596
61002, 1596
63902, 1596
67682, 1596
96571, 1596
106713, 1596
116872, 1596
123380, 1596
130359, 1596
140213, 1596
141478, 1596
169218, 1596
170136, 1596
213127, 1596
217303, 1596
233870, 1596
244840, 1596
252437, 1596
275423, 1596
284928, 1596
33520, 1595
51307, 1595
57445, 1595
59955, 1595
62341, 1595
63890, 1595
129085, 1595
222989, 1595
270257, 1595
285678, 1595
17390, 1594
58331, 1594
156406, 1594
186783, 1594
274326, 1594
276918, 1594
12638, 1593
13586, 1593
22258, 1593
22290, 1593
24907, 1593
40153, 1593
43818, 1593
49475, 1593
55270, 1593
55720, 1593
60526, 1593
62591, 1593
68941, 1593
83773, 1593
88015, 1593
135526, 1593
209738, 1593
280507, 1593
71939, 1592
16257, 1591
85937, 1591
87402, 1591
117449, 1591
146057, 1591
167626, 1591
170326, 1591
170971, 1591
217323, 1591
247328, 1591
268157, 1591
291746, 1591
50770, 1590
78338, 1590
147983, 1590
163229, 1590
203772, 1590
229585, 1590
138799, 1589
250036, 1589
285046, 1589
47795, 1587
61694, 1587
73925, 1587
61784, 1585
67394, 1585
69537, 1585
88833, 1585
115648, 1585
126942, 1585
156282, 1585
181271, 1585
215188, 1585
246614, 1585
255992, 1585
256670, 1585
272003, 1585
285745, 1585
75859, 1584
96130, 1584
175121, 1584
261773, 1584
27358, 1583
71712, 1583
87418, 1583
150444, 1583
290620, 1583
3548, 1582
14510, 1582
26392, 1582
214385, 1582
234015, 1582
3991, 1581
40811, 1581
58284, 1581
69838, 1581
98763, 1581
126474, 1581
180843, 1581
217964, 1581
15038, 1580
98837, 1580
151766, 1580
179028, 1580
280148, 1580
33250, 1579
81166, 1579
22896, 1578
24152, 1578
68015, 1578
268561, 1578
276120, 1578
47414, 1577
113728, 1577
171382, 1577
189530, 1577
225261, 1577
251859, 1577
3359, 1576
12763, 1576
74522, 1576
108981, 1576
120965, 1576
42354, 1575
193475, 1575
216704, 1575
277204, 1575
2918, 1574
47624, 1574
55304, 1574
64886, 1574
88602, 1574
97137, 1574
115404, 1574
131174, 1574
219695, 1574
241758, 1574
257453, 1574
21545, 1573
34243, 1573
75315, 1573
205733, 1573
243966, 1573
271460, 1573
69661, 1572
84185, 1571
109175, 1571
14866, 1570
140656, 1570
4845, 1569
192840, 1569
11257, 1568
48477, 1568
73235, 1568
119185, 1568
195237, 1568
195374, 1568
210613, 1568
223351, 1568
255234, 1568
256700, 1568
272538, 1568
275584, 1568
277798, 1568
279430, 1568
282262, 1568
83818, 1567
89140, 1567
164687, 1566
169937, 1566
185067, 1566
190238, 1566
247792, 1566
98360, 1565
136537, 1565
150709, 1565
260444, 1565
72635, 1564
152927, 1564
177638, 1564
198183, 1564
33325, 1563
61426, 1563
2051, 1562
180001, 1562
10909, 1561
20369, 1561
81557, 1561
101298, 1561
113715, 1561
132969, 1561
141063, 1561
162366, 1561
189809, 1561
197334, 1561
255350, 1561
268334, 1561
294392, 1561
39655, 1560
98570, 1560
39037, 1559
42063, 1559
48175, 1559
48343, 1559
64810, 1559
67355, 1559
68074, 1559
68628, 1559
77059, 1559
98522, 1559
124725, 1559
138654, 1559
276535, 1559
11160, 1558
46621, 1558
72748, 1558
157298, 1558
282378, 1558
20604, 1557
252181, 1557
262287, 1557
9515, 1556
80787, 1555
96324, 1555
127210, 1555
85710, 1554
130655, 1554
134383, 1554
142019, 1554
186846, 1554
226005, 1554
15097, 1553
15792, 1553
61133, 1553
199898, 1553
207883, 1553
274889, 1553
1480, 1552
23125, 1552
178392, 1552
256409, 1552
7823, 1551
60552, 1551
118362, 1551
177040, 1551
211767, 1550
268327, 1550
80335, 1549
82901, 1549
84753, 1549
138025, 1549
34451, 1548
100640, 1548
288660, 1548
17829, 1547
18263, 1547
63694, 1547
65310, 1547
65316, 1547
74427, 1547
110129, 1547
234656, 1547
244331, 1547
12899, 1546
266952, 1546
54449, 1545
162024, 1545
195742, 1545
216184, 1545
226332, 1545
246702, 1545
255485, 1545
27576, 1544
86197, 1543
125923, 1543
186463, 1543
189830, 1543
217133, 1543
222951, 1543
232521, 1543
72534, 1542
82718, 1542
14649, 1541
59370, 1541
16987, 1540
105934, 1540
165339, 1540
161131, 1539
163460, 1539
223913, 1539
228149, 1539
247182, 1539
21071, 1538
37110, 1538
214116, 1538
265234, 1538
67803, 1537
84126, 1537
26455, 1536
59531, 1536
73041, 1536
119199, 1536
4050, 1535
37486, 1535
45686, 1535
53368, 1535
271, 1533
32920, 1533
57338, 1533
78031, 1533
152522, 1533
184661, 1533
250022, 1533
22791, 1532
47604, 1532
100049, 1532
265068, 1532
18290, 1530
60959, 1530
69201, 1530
255970, 1530
276753, 1530
281282, 1530
170013, 1529
202835, 1529
212551, 1529
217051, 1529
228000, 1529
236611, 1529
240825, 1529
247180, 1529
249911, 1529
254392, 1529
265309, 1529
270364, 1529
276066, 1529
278262, 1529
292971, 1529
293573, 1529
295844, 1529
7427, 1528
67003, 1528
69481, 1528
107691, 1528
112241, 1528
138466, 1528
204532, 1528
224946, 1528
253294, 1528
13569, 1527
24597, 1527
47080, 1527
75273, 1527
93472, 1527
123828, 1527
127663, 1527
128626, 1527
134328, 1527
141048, 1527
178841, 1527
187779, 1527
204904, 1527
234815, 1527
244807, 1527
246270, 1527
226079, 1526
6602, 1525
11452, 1524
20616, 1524
122394, 1524
146451, 1523
16227, 1522
99601, 1522
204758, 1522
250486, 1522
49035, 1521
86083, 1521
102378, 1520
263438, 1520
224117, 1518
241045, 1518
273220, 1518
7744, 1517
49683, 1517
102662, 1517
119368, 1517
138217, 1517
278025, 1517
54120, 1516
205915, 1516
734, 1515
5870, 1515
16235, 1515
17009, 1515
81493, 1515
162515, 1515
185947, 1515
6616, 1514
102499, 1514
291374, 1514
161199, 1513
221965, 1513
277430, 1513
2016, 1512
31790, 1512
47039, 1512
49244, 1512
76759, 1512
122883, 1512
149144, 1512
261675, 1512
266199, 1512
287830, 1512
19346, 1511
27148, 1511
162343, 1511
18682, 1510
99636, 1510
237904, 1510
255922, 1510
22341, 1509
22760, 1509
23923, 1509
202823, 1509
13284, 1507
199684, 1507
42008, 1506
64648, 1506
68775, 1506
84644, 1506
98725, 1506
115341, 1506
149962, 1506
207874, 1506
226710, 1506
49374, 1505
205109, 1504
2922, 1503
78647, 1503
103703, 1503
291360, 1503
42009, 1502
127024, 1502
14458, 1501
85202, 1501
96004, 1501
101643, 1501
105978, 1501
107870, 1501
112152, 1501
125570, 1501
127568, 1501
132204, 1501
143603, 1501
156380, 1501
159239, 1501
162862, 1501
169223, 1501
183918, 1501
185407, 1501
189624, 1501
189974, 1501
190207, 1501
192923, 1501
195657, 1501
196437, 1501
197416, 1501
202353, 1501
203991, 1501
204361, 1501
214085, 1501
214979, 1501
219506, 1501
221095, 1501
223587, 1501
224023, 1501
231057, 1501
233828, 1501
233930, 1501
234312, 1501
243240, 1501
249214, 1501
249718, 1501
252106, 1501
255034, 1501
258554, 1501
259604, 1501
262732, 1501
263800, 1501
266848, 1501
266918, 1501
267026, 1501
267771, 1501
268953, 1501
270038, 1501
271480, 1501
272991, 1501
274038, 1501
277141, 1501
280658, 1501
284327, 1501
285549, 1501
286803, 1501
287707, 1501
287882, 1501
289370, 1501
289778, 1501
290406, 1501
291468, 1501
108490, 1500
247108, 1500
251936, 1500
282048, 1500
4093, 1499
12905, 1499
13635, 1499
14342, 1499
22594, 1499
146155, 1499
172989, 1499
250812, 1499
275152, 1499
291780, 1499
296479, 1499
50248, 1498
154734, 1498
171652, 1498
174358, 1498
204179, 1498
225959, 1498
228372, 1498
236584, 1498
244312, 1498
256952, 1498
278778, 1498
291146, 1498
5871, 1497
100939, 1497
130593, 1497
171949, 1497
223408, 1497
28054, 1496
40300, 1496
260031, 1496
32201, 1495
69303, 1495
154212, 1494
7877, 1493
13014, 1493
31220, 1493
41294, 1493
45488, 1493
64941, 1493
87285, 1493
124553, 1493
134991, 1493
172591, 1493
200026, 1493
20, 1492
210065, 1492
228739, 1492
13377, 1491
65779, 1491
84844, 1491
179429, 1491
265046, 1491
266642, 1491
277108, 1491
142934, 1490
292857, 1490
35336, 1489
77553, 1489
154443, 1489
272394, 1489
4189, 1488
19202, 1488
19719, 1488
22729, 1488
29020, 1488
30192, 1488
46852, 1488
56467, 1488
71617, 1488
93437, 1488
140565, 1488
152018, 1488
175522, 1488
175754, 1488
199562, 1488
209129, 1488
247171, 1488
257438, 1488
271281, 1488
276316, 1488
277171, 1488
45188, 1487
80515, 1487
141625, 1487
147119, 1487
211521, 1487
241610, 1487
13987, 1486
25174, 1486
126669, 1486
276723, 1486
39311, 1485
61621, 1485
254328, 1485
44284, 1484
102974, 1484
136982, 1484
12090, 1483
13504, 1483
67822, 1483
172538, 1483
241127, 1483
8114, 1482
47137, 1482
78145, 1482
107656, 1482
161326, 1482
220063, 1482
239972, 1482
79797, 1481
110763, 1481
136494, 1481
26054, 1480
127308, 1480
144011, 1480
215101, 1480
224185, 1480
294082, 1480
127298, 1479
28828, 1478
28946, 1478
34901, 1478
36604, 1478
84241, 1478
112640, 1478
280065, 1478
44068, 1477
73562, 1477
103564, 1477
130516, 1477
150291, 1477
166567, 1477
172388, 1477
181017, 1477
185904, 1477
194577, 1477
203207, 1477
215837, 1477
238409, 1477
239444, 1477
267958, 1477
55603, 1476
71273, 1476
115722, 1476
171522, 1476
173017, 1476
181921, 1476
184148, 1476
188947, 1476
189409, 1476
189839, 1476
198448, 1476
200146, 1476
202171, 1476
211500, 1476
213312, 1476
231508, 1476
236604, 1476
243407, 1476
244288, 1476
254884, 1476
281341, 1476
285898, 1476
286213, 1476
296473, 1476
26500, 1475
60982, 1475
110686, 1475
129458, 1475
138767, 1475
198631, 1475
247894, 1475
12417, 1474
50491, 1474
96256, 1474
134663, 1474
147197, 1474
21240, 1473
52645, 1473
36659, 1472
38059, 1472
41650, 1472
57367, 1472
176814, 1472
199681, 1472
177583, 1471
206594, 1471
284557, 1471
14742, 1470
37937, 1470
211148, 1470
263760, 1470
283905, 1470
11363, 1469
72511, 1469
131263, 1469
7462, 1468
21095, 1468
22213, 1468
26954, 1468
66140, 1468
81985, 1468
187040, 1468
249140, 1468
270054, 1468
273646, 1468
280203, 1468
289631, 1468
41435, 1467
53697, 1467
162432, 1467
184453, 1467
56862, 1466
231333, 1466
57612, 1465
124207, 1465
208942, 1465
234123, 1465
285837, 1465
7851, 1464
8506, 1464
8983, 1464
10861, 1464
12928, 1464
15407, 1464
17835, 1464
19531, 1464
26870, 1464
43712, 1464
94378, 1464
191651, 1464
234085, 1464
40560, 1463
45339, 1463
55219, 1463
65710, 1463
70434, 1463
143527, 1463
166574, 1463
17775, 1462
20499, 1462
24228, 1462
45463, 1462
52608, 1462
54823, 1462
55374, 1462
81842, 1462
87754, 1462
94250, 1462
111009, 1462
20110, 1461
78193, 1461
113301, 1461
114869, 1461
126909, 1461
182997, 1461
252499, 1461
292891, 1460
21, 1459
6803, 1459
112624, 1459
261590, 1459
69172, 1458
121785, 1458
128417, 1458
660, 1457
4452, 1457
6081, 1457
12523, 1457
95281, 1457
175089, 1457
266964, 1457
6164, 1456
212812, 1456
45683, 1455
49506, 1455
88188, 1455
121986, 1455
141087, 1455
191049, 1455
192598, 1455
221492, 1455
4437, 1454
22299, 1454
91674, 1453
187261, 1453
200902, 1453
216298, 1453
4040, 1452
11940, 1452
87273, 1452
107609, 1452
107829, 1452
120059, 1452
139030, 1452
184727, 1452
243682, 1452
246994, 1452
248543, 1452
256102, 1452
269563, 1452
273651, 1452
279272, 1452
290854, 1452
293076, 1452
293539, 1452
148263, 1451
192160, 1451
10645, 1450
35684, 1450
37177, 1450
37339, 1450
57028, 1450
138120, 1450
144921, 1450
167220, 1450
168056, 1450
285251, 1450
72284, 1449
97288, 1449
168454, 1449
5635, 1448
15643, 1448
56192, 1448
57450, 1448
91164, 1448
102266, 1448
116593, 1448
147820, 1448
215763, 1448
240671, 1448
285272, 1448
50881, 1447
145903, 1446
147969, 1446
167449, 1446
171573, 1446
205790, 1446
217705, 1446
227318, 1446
229907, 1446
232994, 1446
242128, 1446
263361, 1446
264968, 1446
279959, 1446
284187, 1446
284605, 1446
38391, 1445
83134, 1445
3606, 1444
33172, 1444
102468, 1444
141386, 1444
154138, 1444
254391, 1444
18269, 1443
27138, 1443
32115, 1443
52215, 1443
59343, 1443
86512, 1443
117357, 1443
135177, 1443
242497, 1443
79688, 1442
117683, 1442
286223, 1442
1283, 1441
24731, 1441
63859, 1441
143441, 1441
145819, 1441
182333, 1441
182965, 1441
198713, 1441
256791, 1441
278348, 1441
51349, 1440
53437, 1440
72988, 1440
88713, 1440
127200, 1440
136275, 1440
165498, 1440
266888, 1440
12734, 1439
28494, 1439
29420, 1439
29470, 1439
39357, 1439
62326, 1439
66428, 1439
72272, 1439
78692, 1439
82880, 1439
84515, 1439
95793, 1439
185351, 1439
61345, 1438
123436, 1438
243247, 1438
55215, 1437
77839, 1437
261836, 1437
37098, 1436
93394, 1436
107574, 1436
163304, 1436
210652, 1436
239298, 1436
24418, 1435
32308, 1435
99632, 1435
101096, 1435
116979, 1435
144162, 1435
277619, 1435
187267, 1434
8058, 1433
15006, 1433
29788, 1433
76066, 1433
100686, 1433
116160, 1433
120661, 1433
150008, 1433
194115, 1433
200894, 1433
206701, 1433
209292, 1433
232741, 1433
261561, 1433
272838, 1433
275530, 1433
285562, 1433
287838, 1433
292769, 1433
46563, 1432
59045, 1432
199713, 1432
220876, 1432
87165, 1431
96969, 1431
154994, 1431
261902, 1431
5599, 1430
129390, 1430
248731, 1430
86761, 1429
90934, 1429
107229, 1429
109322, 1428
153307, 1428
190642, 1428
42908, 1427
243854, 1427
12974, 1426
254881, 1426
264072, 1426
292632, 1426
78527, 1425
97890, 1425
131173, 1425
134297, 1425
23096, 1424
77767, 1424
187457, 1424
218266, 1424
270985, 1424
126269, 1423
32387, 1422
43389, 1422
75853, 1422
78185, 1422
80070, 1422
88715, 1422
88777, 1422
97292, 1422
99421, 1422
147446, 1422
159791, 1422
230545, 1422
251526, 1422
12931, 1421
40203, 1421
102078, 1421
237171, 1421
59555, 1420
193268, 1420
24999, 1419
52978, 1419
127959, 1419
170610, 1419
218012, 1419
211707, 1418
225730, 1418
49072, 1417
86496, 1417
276156, 1417
189022, 1416
13914, 1415
189138, 1415
200057, 1415
236312, 1415
34078, 1414
135320, 1414
13386, 1413
95168, 1413
219076, 1413
240089, 1413
15869, 1412
16513, 1412
21393, 1412
26977, 1412
51262, 1412
62397, 1412
79606, 1412
84481, 1412
90709, 1412
111319, 1412
114558, 1412
154677, 1412
171925, 1412
175255, 1412
178305, 1412
216590, 1412
237905, 1412
246978, 1412
253784, 1412
274189, 1412
292393, 1412
58229, 1410
74683, 1410
110623, 1410
180454, 1410
247945, 1410
9273, 1409
16562, 1409
79224, 1409
115253, 1409
160056, 1409
28109, 1408
34251, 1408
65283, 1408
68762, 1408
80076, 1408
86301, 1408
94372, 1408
106466, 1408
123590, 1408
154923, 1408
186903, 1408
208304, 1408
38135, 1407
79204, 1407
210680, 1407
245697, 1407
248421, 1407
266966, 1407
276777, 1407
287063, 1407
104051, 1406
123841, 1406
217653, 1406
28514, 1405
40106, 1405
132475, 1405
180620, 1405
230134, 1405
238447, 1405
256245, 1405
130766, 1404
116479, 1403
133826, 1403
225748, 1403
46291, 1402
57602, 1402
79634, 1402
115820, 1402
4055, 1401
22792, 1401
65715, 1401
66990, 1401
36329, 1400
38501, 1400
42174, 1400
50457, 1400
53675, 1400
58867, 1400
86423, 1400
92834, 1400
119999, 1400
132884, 1400
137378, 1400
147867, 1400
148809, 1400
179589, 1400
224618, 1400
268073, 1400
274871, 1400
285841, 1400
6725, 1399
98902, 1399
183813, 1398
239625, 1398
277254, 1398
73227, 1397
79024, 1397
148546, 1397
157609, 1397
229173, 1397
244753, 1397
5931, 1396
12416, 1396
28886, 1396
30383, 1396
36949, 1396
54634, 1396
113653, 1396
122302, 1396
146437, 1396
147748, 1396
170785, 1396
171591, 1396
174858, 1396
213068, 1396
220110, 1396
225516, 1396
275050, 1396
277628, 1396
289508, 1396
291818, 1396
46255, 1395
68866, 1395
126385, 1395
140325, 1395
171139, 1395
274184, 1394
12073, 1393
54148, 1393
91683, 1393
96095, 1393
152326, 1393
263973, 1393
30175, 1392
41828, 1392
30825, 1390
35665, 1390
68769, 1390
77928, 1390
80444, 1390
82971, 1390
89481, 1390
90837, 1390
108171, 1390
110756, 1390
150306, 1390
191566, 1390
199233, 1390
218372, 1390
242813, 1390
4944, 1389
5473, 1389
96113, 1389
278614, 1389
286167, 1389
7015, 1388
67340, 1387
11010, 1386
16312, 1386
208137, 1386
1734, 1385
32652, 1385
53305, 1385
66031, 1385
114899, 1385
125267, 1385
154879, 1385
175428, 1385
259283, 1385
19323, 1384
217604, 1384
3347, 1383
25125, 1383
47242, 1383
53495, 1383
96064, 1383
176711, 1383
270097, 1383
27687, 1382
71811, 1382
78419, 1382
82516, 1382
85242, 1382
92557, 1382
100563, 1382
116320, 1382
207034, 1382
207949, 1382
217149, 1382
246305, 1382
262764, 1382
283179, 1382
18912, 1380
137969, 1380
268345, 1380
65292, 1379
70137, 1379
75436, 1379
155533, 1379
177218, 1379
210728, 1379
216328, 1379
268187, 1378
81520, 1377
131109, 1377
202242, 1377
250448, 1377
287963, 1377
6884, 1376
80042, 1376
197329, 1376
106648, 1375
224914, 1375
235261, 1375
296211, 1375
22446, 1374
54795, 1373
265819, 1373
1784, 1371
1997, 1371
2641, 1371
146198, 1371
150933, 1371
193747, 1371
229213, 1371
23402, 1370
29922, 1370
77551, 1370
96394, 1370
136721, 1370
136934, 1370
140610, 1370
142225, 1370
149312, 1370
150593, 1370
152553, 1370
163941, 1370
171394, 1370
172733, 1370
177722, 1370
185185, 1370
194337, 1370
195678, 1370
202929, 1370
215985, 1370
225022, 1370
231799, 1370
233328, 1370
239651, 1370
241436, 1370
259664, 1370
269190, 1370
2661, 1369
45536, 1369
105292, 1369
204991, 1369
112011, 1368
217453, 1368
11701, 1367
25198, 1367
31387, 1367
77949, 1367
82028, 1367
88136, 1367
112982, 1367
160746, 1367
196406, 1367
14660, 1366
17760, 1366
107275, 1366
200030, 1366
270787, 1366
13423, 1365
14246, 1365
30645, 1365
33503, 1365
38157, 1365
94654, 1365
135581, 1365
147122, 1365
205567, 1365
8030, 1363
19078, 1362
87290, 1362
108198, 1362
128733, 1362
144409, 1362
151808, 1362
171070, 1362
277928, 1362
287888, 1362
289711, 1362
71148, 1361
28022, 1360
54128, 1360
155505, 1360
47429, 1359
73836, 1359
93702, 1359
110884, 1359
287854, 1359
86648, 1355
282972, 1355
2934, 1354
88938, 1354
281392, 1354
17553, 1353
97274, 1352
239943, 1352
242836, 1352
32502, 1351
52535, 1351
55640, 1351
61392, 1351
107740, 1351
154536, 1351
164683, 1351
169842, 1351
183678, 1351
245670, 1351
276462, 1351
281895, 1351
40721, 1350
254512, 1350
12008, 1349
24216, 1349
74846, 1349
88006, 1349
91651, 1349
6247, 1348
6931, 1348
18959, 1348
35293, 1348
55566, 1348
213282, 1347
249490, 1347
52328, 1344
54877, 1344
106291, 1344
139696, 1344
156972, 1344
215077, 1344
33313, 1343
124680, 1343
4131, 1342
10958, 1342
43917, 1342
62350, 1342
287180, 1342
22915, 1341
31022, 1341
43015, 1341
72915, 1341
91439, 1341
111545, 1341
132804, 1341
175780, 1341
217902, 1341
220886, 1341
234599, 1341
6212, 1340
30452, 1340
148006, 1340
153967, 1340
204024, 1340
215938, 1340
63043, 1339
71694, 1339
89115, 1339
193396, 1339
284021, 1339
19031, 1338
20147, 1338
23022, 1338
33405, 1338
20491, 1337
227328, 1337
11834, 1336
14357, 1336
30435, 1336
94161, 1336
150160, 1336
201869, 1336
11425, 1335
36102, 1335
75780, 1335
168610, 1335
186297, 1335
243756, 1335
34008, 1334
73420, 1334
217719, 1334
10200, 1333
35946, 1333
71058, 1333
95788, 1333
150387, 1333
160437, 1333
189676, 1333
238618, 1333
269781, 1333
296445, 1333
175177, 1332
286160, 1332
294323, 1332
5743, 1331
10290, 1331
11000, 1331
57137, 1331
73185, 1331
91169, 1331
128944, 1331
179358, 1331
212318, 1331
236585, 1331
74312, 1330
16604, 1329
50443, 1329
61541, 1329
74893, 1329
75137, 1329
75589, 1329
92059, 1329
95104, 1329
100194, 1329
106414, 1329
109860, 1329
112164, 1329
128051, 1329
128841, 1329
137216, 1329
141420, 1329
142728, 1329
150438, 1329
152524, 1329
153652, 1329
156020, 1329
159354, 1329
167558, 1329
187944, 1329
192322, 1329
193661, 1329
202600, 1329
203359, 1329
206425, 1329
207214, 1329
214567, 1329
226129, 1329
231715, 1329
244625, 1329
248064, 1329
249064, 1329
252763, 1329
261502, 1329
263677, 1329
272325, 1329
277897, 1329
293101, 1329
80378, 1328
287855, 1328
17561, 1327
57264, 1327
185504, 1327
210770, 1327
80971, 1326
129297, 1326
136949, 1326
140665, 1326
140735, 1326
144086, 1326
152809, 1326
176250, 1326
178837, 1326
190629, 1326
193903, 1326
201138, 1326
34404, 1325
57168, 1325
1370, 1323
65462, 1321
67931, 1321
92831, 1321
92920, 1321
97815, 1321
171799, 1321
172225, 1321
185292, 1321
8978, 1320
65299, 1320
76854, 1320
87456, 1320
121809, 1320
129200, 1320
152369, 1320
156622, 1320
186927, 1320
201381, 1320
234084, 1320
11288, 1319
12833, 1319
221125, 1319
59763, 1318
85072, 1318
177267, 1318
197870, 1318
213471, 1318
210419, 1316
133996, 1315
158244, 1315
176001, 1315
191807, 1315
195435, 1315
213004, 1315
58966, 1314
71077, 1314
104635, 1314
122428, 1314
149636, 1314
192358, 1314
195798, 1314
257837, 1314
277870, 1314
31547, 1313
54236, 1313
141364, 1313
180558, 1313
5120, 1312
6822, 1312
45025, 1312
91979, 1312
143949, 1312
161244, 1312
264678, 1312
285862, 1312
8895, 1310
24962, 1310
53952, 1310
62830, 1310
105951, 1310
117137, 1310
117470, 1310
170019, 1310
211624, 1310
268710, 1310
274936, 1310
289361, 1310
38290, 1309
49943, 1309
126336, 1309
246398, 1309
49427, 1308
54181, 1308
163528, 1308
43899, 1305
80453, 1305
1678, 1304
113450, 1304
20653, 1303
25662, 1303
110870, 1303
133763, 1303
216868, 1303
13919, 1302
41254, 1302
73000, 1302
243187, 1302
31327, 1301
31486, 1301
150150, 1300
162010, 1300
45992, 1299
170654, 1299
3595, 1298
64656, 1298
133222, 1298
223715, 1298
255183, 1298
279052, 1298
88605, 1297
203676, 1297
259299, 1297
40046, 1295
56378, 1294
65967, 1294
111245, 1294
127337, 1294
205585, 1294
250840, 1294
54451, 1293
103436, 1293
112352, 1293
210138, 1293
272736, 1293
285149, 1293
6046, 1292
9252, 1292
56416, 1292
193280, 1292
38622, 1291
33622, 1290
83380, 1290
151451, 1290
163415, 1290
202922, 1290
223612, 1290
269988, 1290
12277, 1289
20564, 1289
64863, 1289
98882, 1289
248227, 1289
69383, 1288
120049, 1288
125163, 1288
136446, 1288
145336, 1288
159997, 1288
163277, 1288
201404, 1288
202147, 1288
216201, 1288
225669, 1288
238834, 1288
284184, 1288
19106, 1287
184376, 1287
58923, 1286
81713, 1286
93411, 1286
124283, 1286
134025, 1286
238652, 1286
2764, 1285
14159, 1285
150644, 1285
162671, 1285
3660, 1284
42729, 1284
77545, 1284
99883, 1284
144675, 1284
14132, 1283
57600, 1283
85344, 1283
266893, 1283
6452, 1281
92306, 1281
185116, 1281
8256, 1280
31332, 1280
11274, 1278
150290, 1278
1077, 1277
26760, 1277
39994, 1277
49296, 1277
59290, 1277
121489, 1277
139558, 1277
150227, 1277
151240, 1277
186982, 1277
213950, 1277
13650, 1276
52997, 1276
60728, 1276
69347, 1276
138912, 1276
172245, 1276
178914, 1276
191319, 1276
225738, 1276
257802, 1276
293264, 1276
295873, 1276
4676, 1275
7410, 1275
21358, 1275
49168, 1275
63144, 1275
76087, 1275
79730, 1275
97430, 1275
138474, 1275
288802, 1275
17711, 1274
150249, 1274
197097, 1274
232553, 1274
272536, 1274
22836, 1273
31816, 1273
134085, 1273
172927, 1273
180604, 1273
184922, 1273
185447, 1273
205703, 1273
267438, 1273
135742, 1271
211562, 1271
29123, 1270
83942, 1270
91731, 1270
121676, 1270
65982, 1269
88480, 1269
110594, 1269
149381, 1269
166233, 1269
182746, 1269
192698, 1269
199641, 1269
219031, 1269
219292, 1269
220375, 1269
239756, 1269
265787, 1269
266308, 1269
24221, 1268
27196, 1268
49561, 1268
211582, 1268
473, 1267
93035, 1267
247716, 1267
61896, 1266
63335, 1266
65030, 1266
56453, 1265
277349, 1265
18534, 1264
49939, 1264
61118, 1264
65698, 1264
131868, 1264
4186, 1263
38686, 1263
146368, 1263
264911, 1263
191409, 1262
263833, 1262
24995, 1261
295572, 1261
12101, 1260
17332, 1260
36810, 1260
58113, 1260
77043, 1260
212399, 1260
214967, 1260
285914, 1260
5952, 1258
13121, 1258
42066, 1258
44800, 1258
59567, 1258
156890, 1258
45590, 1257
84142, 1257
215579, 1257
571, 1256
900, 1256
4931, 1256
5610, 1256
36538, 1256
71242, 1256
74539, 1256
120985, 1256
133071, 1256
170349, 1256
55109, 1255
75967, 1255
85468, 1255
124191, 1255
134834, 1255
195755, 1255
247071, 1255
262759, 1255
2835, 1254
75296, 1254
100869, 1254
126443, 1254
154620, 1254
170942, 1254
210351, 1254
221518, 1254
228419, 1254
14108, 1253
23935, 1253
92350, 1253
1044, 1252
8647, 1252
9106, 1252
9863, 1252
13309, 1252
4265, 1251
59842, 1251
66186, 1251
135334, 1250
140094, 1250
44387, 1249
190203, 1249
260503, 1249
16174, 1248
41744, 1248
137123, 1248
236739, 1248
250576, 1248
90069, 1247
165345, 1247
171893, 1247
10331, 1246
15673, 1246
89784, 1246
107817, 1246
120634, 1246
293524, 1246
9383, 1245
32589, 1245
98306, 1245
136793, 1245
137688, 1245
213759, 1245
215725, 1245
228760, 1245
248440, 1245
3613, 1244
13233, 1244
46442, 1244
52144, 1244
104307, 1244
105825, 1244
255639, 1244
275314, 1244
281420, 1244
32868, 1243
35504, 1243
100039, 1243
180552, 1243
261833, 1243
30928, 1242
106872, 1242
146068, 1242
242905, 1242
255711, 1242
257106, 1242
2256, 1241
60434, 1241
70303, 1241
93808, 1241
102106, 1241
129289, 1241
194131, 1241
208138, 1241
272537, 1241
1658, 1240
18434, 1240
284843, 1240
292863, 1240
30212, 1238
77206, 1238
81762, 1238
121144, 1238
150813, 1238
178885, 1238
226127, 1238
19092, 1237
46520, 1237
51769, 1237
88194, 1237
124940, 1237
166040, 1237
3234, 1236
95432, 1236
121806, 1236
141277, 1236
232734, 1236
274608, 1236
25390, 1235
39627, 1235
67677, 1235
165497, 1235
289963, 1235
80371, 1234
133378, 1234
164363, 1234
4508, 1233
6020, 1233
6136, 1233
15652, 1233
34043, 1233
105018, 1233
109706, 1233
116844, 1233
259708, 1233
280535, 1233
27403, 1232
29392, 1232
286457, 1232
49485, 1231
65885, 1231
7501, 1230
22238, 1230
43833, 1230
53515, 1230
120091, 1230
134608, 1230
27643, 1229
96185, 1229
117552, 1229
120488, 1229
141746, 1229
156498, 1229
165321, 1229
220046, 1229
57628, 1228
98817, 1228
403, 1227
492, 1227
554, 1227
4443, 1227
4476, 1227
5747, 1227
36694, 1227
42332, 1227
102244, 1227
113592, 1227
114941, 1227
125706, 1227
145377, 1227
247686, 1227
262280, 1227
271580, 1227
57166, 1226
179864, 1226
213230, 1226
276967, 1226
54709, 1225
114261, 1225
133153, 1225
160111, 1225
161067, 1225
212687, 1224
27953, 1223
49935, 1223
60043, 1223
76343, 1223
134882, 1223
28311, 1222
32264, 1222
38739, 1222
44657, 1222
50399, 1222
55350, 1222
101763, 1222
111179, 1222
166707, 1222
174027, 1222
175831, 1222
203212, 1222
230992, 1222
231173, 1222
233476, 1222
239619, 1222
244968, 1222
254583, 1222
281778, 1222
281825, 1222
87741, 1221
103633, 1221
118883, 1221
278195, 1221
285860, 1221
22112, 1220
27595, 1220
29888, 1220
65679, 1220
75319, 1220
77374, 1220
114755, 1220
134567, 1220
156589, 1220
175074, 1220
224822, 1220
237374, 1220
112830, 1219
197451, 1219
240609, 1219
41532, 1218
112899, 1218
145307, 1218
171306, 1218
1630, 1217
36871, 1217
74079, 1217
205016, 1217
217620, 1217
285273, 1217
16510, 1216
20468, 1216
27701, 1216
47296, 1216
62710, 1216
109488, 1216
111306, 1216
201190, 1216
214482, 1216
280464, 1216
41390, 1215
80400, 1215
86865, 1215
125446, 1215
178629, 1215
181693, 1215
242091, 1215
254077, 1215
255937, 1215
11624, 1214
14011, 1214
64635, 1214
89407, 1214
108879, 1214
207811, 1214
3407, 1213
16576, 1213
34787, 1213
43946, 1213
46210, 1213
47743, 1213
61807, 1213
110057, 1213
183418, 1213
195088, 1213
220194, 1213
487, 1212
33412, 1212
46907, 1212
108261, 1212
117429, 1212
129105, 1212
147580, 1212
172898, 1212
206347, 1212
246005, 1212
19644, 1211
28370, 1211
61765, 1211
107542, 1211
271214, 1211
24315, 1210
32427, 1210
232960, 1210
235927, 1210
785, 1209
5576, 1209
61157, 1209
100413, 1209
165336, 1209
295001, 1209
49219, 1208
89845, 1208
98028, 1208
115755, 1208
270401, 1208
6086, 1207
6131, 1207
6243, 1207
57121, 1207
57616, 1207
141878, 1207
145597, 1207
201920, 1207
227854, 1207
1059, 1206
2941, 1206
39786, 1206
125251, 1206
135717, 1206
173508, 1206
203054, 1206
217951, 1206
250780, 1206
286579, 1206
19978, 1205
25378, 1205
85542, 1205
97080, 1205
73888, 1204
124750, 1204
226886, 1204
244074, 1204
200519, 1203
111422, 1202
204264, 1202
1233, 1201
7958, 1201
71976, 1201
86540, 1201
122509, 1201
123070, 1201
167423, 1201
212322, 1201
16528, 1200
22489, 1200
42839, 1200
104813, 1200
131778, 1200
151322, 1200
157120, 1200
188304, 1200
204774, 1200
280538, 1200
1814, 1199
19545, 1199
26441, 1199
134068, 1199
207318, 1199
34945, 1198
78003, 1198
196821, 1198
291012, 1198
106126, 1197
147846, 1196
158793, 1196
177342, 1196
247493, 1196
248763, 1196
107621, 1195
187090, 1195
250032, 1195
250891, 1195
1121, 1194
27449, 1194
28306, 1194
44906, 1194
72987, 1194
101632, 1194
128483, 1194
148830, 1194
149243, 1194
197570, 1194
200521, 1194
203071, 1194
203621, 1194
219683, 1194
233999, 1194
282031, 1194
287006, 1194
96415, 1193
4871, 1192
5213, 1192
20519, 1192
20688, 1192
130253, 1192
163300, 1192
4962, 1191
8707, 1191
11374, 1191
12631, 1191
15029, 1191
67085, 1190
105548, 1190
143835, 1190
91495, 1189
118347, 1189
195961, 1189
215583, 1189
263929, 1189
38891, 1188
48396, 1188
96592, 1188
132942, 1188
148398, 1188
175113, 1188
227578, 1188
261742, 1188
1160, 1187
24048, 1187
80878, 1187
104760, 1187
106065, 1187
108600, 1187
133001, 1187
175587, 1187
241756, 1187
6707, 1186
155770, 1186
216351, 1186
278674, 1186
295259, 1186
35849, 1185
53417, 1185
83334, 1185
86974, 1185
92950, 1185
119881, 1185
135887, 1185
139710, 1185
140679, 1185
180822, 1185
232409, 1185
253330, 1185
277544, 1185
109725, 1184
128377, 1184
181306, 1184
272252, 1184
49158, 1183
66706, 1183
145471, 1183
151841, 1183
193755, 1183
195437, 1183
4772, 1182
9881, 1182
12310, 1182
62687, 1182
72283, 1182
81100, 1182
178277, 1182
226050, 1182
29259, 1181
36081, 1181
65929, 1181
97319, 1181
118672, 1181
193637, 1181
2573, 1180
51740, 1180
96268, 1180
134988, 1180
155452, 1180
159251, 1180
176674, 1180
194453, 1180
246644, 1180
61008, 1179
172737, 1179
175940, 1179
199946, 1179
288270, 1179
288278, 1179
23028, 1178
24273, 1178
34276, 1178
71453, 1178
126792, 1178
145720, 1178
71136, 1177
99874, 1177
100606, 1177
102164, 1177
134066, 1177
152232, 1177
155499, 1177
241563, 1177
6310, 1176
51634, 1176
63924, 1176
138365, 1176
178051, 1176
221033, 1176
242011, 1176
265609, 1176
276765, 1176
288761, 1176
18939, 1175
64488, 1175
145476, 1175
187546, 1175
221178, 1175
268003, 1175
4263, 1174
60820, 1174
162293, 1174
175064, 1174
260647, 1174
1060, 1173
11767, 1173
142599, 1173
200908, 1173
218625, 1173
256822, 1173
5255, 1172
6061, 1172
7340, 1172
8220, 1172
29540, 1172
46274, 1172
109778, 1172
154534, 1172
194212, 1172
210389, 1172
13073, 1171
45595, 1171
94100, 1171
159659, 1171
169649, 1171
220734, 1171
34392, 1170
37195, 1170
105402, 1170
200234, 1170
214162, 1170
119594, 1169
122872, 1169
8049, 1168
9070, 1168
14088, 1168
28978, 1168
35933, 1168
70748, 1168
261901, 1168
271358, 1168
289215, 1168
12315, 1167
28017, 1167
32270, 1167
225905, 1167
1432, 1166
2036, 1166
7182, 1166
8695, 1166
33173, 1166
90725, 1166
155079, 1166
168301, 1166
200547, 1166
265281, 1166
58667, 1165
87305, 1165
101609, 1165
137232, 1165
165209, 1165
176677, 1165
239996, 1165
5809, 1164
14138, 1164
19181, 1164
34023, 1164
86211, 1164
141460, 1164
8260, 1162
43985, 1162
103860, 1162
111154, 1162
117017, 1162
212851, 1162
217020, 1162
217070, 1162
261921, 1162
273616, 1162
280889, 1162
32492, 1161
53317, 1161
104415, 1161
131508, 1161
134694, 1161
163628, 1161
231473, 1161
250173, 1161
275391, 1161
293117, 1161
295439, 1161
80409, 1160
103480, 1160
196430, 1160
276859, 1160
22689, 1159
9900, 1158
15049, 1158
60674, 1158
36295, 1157
99172, 1157
152508, 1157
157683, 1157
245637, 1157
257376, 1157
85250, 1156
92609, 1156
96746, 1156
145521, 1156
162547, 1156
190120, 1156
211337, 1156
222681, 1156
230605, 1156
249803, 1156
258800, 1156
262308, 1156
263441, 1156
272841, 1156
277696, 1156
17464, 1155
31607, 1155
286146, 1155
2673, 1154
16025, 1153
32949, 1153
49864, 1153
62672, 1153
70642, 1153
86848, 1153
97507, 1153
111295, 1153
115448, 1153
117251, 1153
118668, 1153
179932, 1153
193295, 1153
214734, 1153
218001, 1153
231915, 1153
245654, 1153
274159, 1153
283479, 1153
89611, 1152
6949, 1151
47801, 1151
251664, 1151
9185, 1150
50429, 1150
64744, 1150
130356, 1150
139889, 1150
202866, 1150
211870, 1150
218629, 1150
257052, 1150
258093, 1150
258575, 1150
263580, 1150
166609, 1149
12213, 1148
19158, 1148
103830, 1148
105771, 1148
131523, 1148
149788, 1148
180965, 1148
204979, 1148
267443, 1148
288776, 1148
289521, 1148
2429, 1147
11400, 1147
18427, 1147
30258, 1147
70795, 1147
92236, 1147
97817, 1147
109730, 1147
158092, 1147
176384, 1147
233893, 1147
257988, 1147
277438, 1147
277648, 1147
28011, 1146
41589, 1146
102182, 1146
104916, 1145
119845, 1145
255631, 1145
288106, 1145
18640, 1144
105926, 1144
141769, 1144
195875, 1144
252860, 1144
255269, 1144
1090, 1143
1168, 1143
4856, 1143
6363, 1143
33338, 1143
149086, 1143
152017, 1143
29095, 1141
153177, 1141
42082, 1140
107548, 1140
112098, 1140
258192, 1140
130, 1139
10946, 1139
13347, 1139
39053, 1139
60585, 1139
68729, 1139
73207, 1139
128459, 1139
159012, 1139
177408, 1139
267428, 1139
19881, 1138
33830, 1138
75858, 1138
89418, 1138
106749, 1138
157767, 1138
233357, 1138
271208, 1138
13614, 1137
24650, 1137
62652, 1137
102285, 1137
107513, 1137
143128, 1137
169357, 1137
177549, 1137
187079, 1137
204822, 1137
215502, 1137
219998, 1137
231454, 1137
256109, 1137
261146, 1137
265798, 1137
275950, 1137
277397, 1137
280474, 1137
10693, 1136
24803, 1136
163323, 1136
171211, 1136
171841, 1136
204666, 1136
649, 1135
2063, 1135
4510, 1135
4773, 1135
21711, 1135
75975, 1135
89059, 1135
94825, 1135
99609, 1135
101294, 1135
104704, 1135
106847, 1135
115685, 1135
140341, 1135
144390, 1135
159551, 1135
168568, 1135
169493, 1135
175917, 1135
188858, 1135
201177, 1135
216621, 1135
218982, 1135
240734, 1135
140720, 1134
224256, 1134
259387, 1134
7628, 1133
8512, 1133
8673, 1133
9946, 1133
11408, 1133
12030, 1133
137810, 1133
186548, 1133
232166, 1133
41916, 1132
54780, 1132
55429, 1132
57317, 1132
86424, 1132
171014, 1132
174005, 1132
235050, 1132
29040, 1131
183493, 1131
217898, 1131
34223, 1130
44699, 1130
121929, 1130
240380, 1130
253646, 1130
16228, 1129
37289, 1129
106193, 1129
164618, 1129
181277, 1129
183912, 1129
282564, 1129
11542, 1128
59171, 1128
75526, 1128
126021, 1128
14917, 1127
29682, 1127
120799, 1127
247360, 1127
267403, 1127
760, 1126
10263, 1126
88063, 1126
105453, 1126
146521, 1126
11073, 1125
17232, 1125
18769, 1125
79446, 1125
103557, 1125
107358, 1125
109339, 1125
131114, 1125
138093, 1125
149800, 1125
169745, 1125
227737, 1125
236940, 1125
17380, 1124
22323, 1124
56244, 1124
153938, 1124
158258, 1124
242616, 1124
271465, 1124
2504, 1123
58852, 1123
93507, 1123
181866, 1123
5669, 1122
19354, 1122
33116, 1122
128684, 1122
139363, 1122
142138, 1122
200181, 1122
262369, 1122
271425, 1122
281541, 1122
2060, 1121
30017, 1121
149509, 1121
277416, 1121
8532, 1120
18080, 1120
24845, 1120
44714, 1120
48352, 1120
57946, 1120
73362, 1120
85936, 1120
87657, 1120
125906, 1120
235691, 1120
240717, 1120
248715, 1120
104072, 1119
113889, 1119
150297, 1119
151278, 1119
251041, 1119
8744, 1118
57663, 1118
102770, 1118
105750, 1118
240095, 1118
248410, 1118
258896, 1118
67995, 1117
212610, 1117
223773, 1117
210, 1116
56987, 1116
70710, 1116
84931, 1116
271501, 1116
38356, 1115
55659, 1115
105308, 1115
133772, 1115
179788, 1115
198221, 1115
262473, 1115
2186, 1114
55236, 1113
108406, 1113
240140, 1112
255784, 1112
7617, 1111
29626, 1111
61704, 1111
68375, 1111
133681, 1111
148606, 1111
167464, 1111
179628, 1111
222630, 1111
227583, 1111
261563, 1111
35833, 1110
150170, 1110
161233, 1110
214546, 1110
295811, 1110
21221, 1109
89860, 1109
204608, 1109
254484, 1109
279868, 1109
286758, 1109
250363, 1108
39358, 1107
84773, 1107
127239, 1107
150776, 1107
269317, 1107
275061, 1107
57342, 1106
66093, 1106
122592, 1105
780, 1104
17473, 1104
123600, 1104
3194, 1103
7267, 1103
2872, 1102
216972, 1102
219704, 1102
245872, 1102
28910, 1101
51136, 1101
208870, 1101
213102, 1101
217980, 1101
293927, 1101
1756, 1100
70779, 1100
255547, 1100
262301, 1100
266937, 1100
4475, 1099
16926, 1099
27037, 1099
56346, 1099
59714, 1099
65872, 1099
106986, 1099
127844, 1099
135020, 1099
227222, 1099
246966, 1099
270289, 1099
156557, 1098
189435, 1098
222839, 1098
251765, 1098
263170, 1098
1150, 1097
17766, 1097
41647, 1097
47211, 1097
135993, 1097
140858, 1097
180842, 1097
238817, 1097
127216, 1096
210992, 1096
39380, 1095
47756, 1095
191130, 1095
215998, 1095
8832, 1094
10193, 1094
854, 1093
29384, 1093
39955, 1093
131559, 1093
140868, 1093
157902, 1093
167862, 1093
290671, 1093
1042, 1092
40821, 1092
55936, 1092
135175, 1092
138706, 1092
162078, 1092
164829, 1092
170118, 1092
174052, 1092
199142, 1092
207043, 1092
1332, 1091
2196, 1091
22073, 1091
218606, 1091
285709, 1091
28278, 1090
70694, 1090
101706, 1090
167985, 1090
178371, 1090
202754, 1090
220109, 1090
223391, 1090
224876, 1090
242682, 1090
259500, 1090
285466, 1090
65185, 1089
74470, 1089
150397, 1089
160752, 1089
165633, 1089
187989, 1089
201762, 1089
214926, 1089
216252, 1089
217414, 1089
223371, 1089
226609, 1089
230862, 1089
234832, 1089
240300, 1089
243163, 1089
253496, 1089
258031, 1089
267593, 1089
275203, 1089
287870, 1089
294445, 1089
294672, 1089
296615, 1089
35298, 1088
79870, 1088
80338, 1088
173095, 1088
225990, 1088
291405, 1088
99350, 1087
230974, 1087
253459, 1087
24996, 1086
49959, 1086
87881, 1086
260186, 1086
31364, 1085
35788, 1085
39237, 1085
51428, 1085
72747, 1085
88328, 1085
126806, 1085
200124, 1085
216325, 1085
9812, 1084
17081, 1084
19091, 1084
19948, 1084
22963, 1084
38341, 1084
45390, 1084
46312, 1084
49467, 1084
50396, 1084
51029, 1084
60392, 1084
60505, 1084
65067, 1084
84164, 1084
88438, 1084
92890, 1084
101318, 1084
118912, 1084
125083, 1084
152262, 1084
153317, 1084
153472, 1084
163282, 1084
172593, 1084
174631, 1084
190397, 1084
205941, 1084
221244, 1084
246613, 1084
10886, 1083
15610, 1083
24517, 1083
26588, 1083
40486, 1083
51936, 1083
60633, 1083
126628, 1083
134434, 1083
143014, 1083
149944, 1083
152539, 1083
154275, 1083
155375, 1083
165766, 1083
170405, 1083
198815, 1083
240027, 1083
240834, 1083
241781, 1083
256073, 1083
261949, 1083
268190, 1083
273957, 1083
486, 1082
1100, 1082
87542, 1082
174759, 1082
192670, 1082
193733, 1082
197141, 1082
44735, 1081
63747, 1081
73090, 1081
103286, 1081
131253, 1081
159596, 1081
219659, 1081
1689, 1080
1957, 1080
19911, 1080
56893, 1080
89572, 1080
89746, 1080
127356, 1080
55760, 1079
83437, 1079
114817, 1079
132514, 1079
283424, 1079
15694, 1078
26848, 1078
38722, 1078
155572, 1078
180827, 1078
192988, 1078
238807, 1078
286365, 1078
2120, 1077
75660, 1077
109825, 1077
119457, 1077
182966, 1077
215586, 1077
4466, 1076
100520, 1076
246549, 1076
252209, 1076
121017, 1075
11094, 1074
43462, 1074
31663, 1073
43942, 1073
89270, 1073
121384, 1073
197512, 1073
206156, 1073
244274, 1073
285290, 1073
1159, 1072
9610, 1072
12842, 1072
135946, 1072
152000, 1072
234647, 1072
30409, 1071
41036, 1071
44960, 1071
55382, 1071
78462, 1071
96905, 1071
104851, 1071
107078, 1071
848, 1070
16094, 1070
20755, 1070
38946, 1070
43734, 1070
49148, 1070
53538, 1070
55966, 1070
57145, 1070
68566, 1070
69161, 1070
74442, 1070
80510, 1070
81834, 1070
85954, 1070
91107, 1070
92246, 1070
93466, 1070
99250, 1070
111146, 1070
112160, 1070
112332, 1070
114072, 1070
123911, 1070
124125, 1070
132704, 1070
134738, 1070
139068, 1070
141401, 1070
151456, 1070
155276, 1070
159968, 1070
170813, 1070
171386, 1070
177707, 1070
179444, 1070
184782, 1070
188470, 1070
190856, 1070
191589, 1070
200965, 1070
204843, 1070
207254, 1070
224232, 1070
235035, 1070
243776, 1070
250843, 1070
251968, 1070
252654, 1070
253362, 1070
255438, 1070
263328, 1070
263774, 1070
265050, 1070
265603, 1070
266415, 1070
291663, 1070
292072, 1070
292717, 1070
23472, 1069
27896, 1069
36773, 1069
37631, 1069
154291, 1069
166181, 1069
171401, 1069
236203, 1069
6068, 1068
72297, 1068
75699, 1068
199020, 1068
222861, 1068
253511, 1068
1286, 1067
73448, 1067
120522, 1067
132691, 1067
256100, 1067
13840, 1066
21632, 1066
63040, 1066
108722, 1066
203395, 1066
210043, 1066
240509, 1066
250248, 1066
262138, 1066
271488, 1066
273268, 1066
292300, 1066
1098, 1065
1136, 1065
3226, 1065
48609, 1065
92981, 1065
143320, 1065
203374, 1065
29785, 1064
30446, 1064
42044, 1064
59164, 1064
96312, 1064
101451, 1064
111820, 1064
140211, 1064
145012, 1064
150942, 1064
169188, 1064
197736, 1064
201701, 1064
246668, 1064
28537, 1063
37018, 1063
41633, 1063
45726, 1063
122497, 1063
159430, 1063
193369, 1063
194243, 1063
253487, 1063
33564, 1062
232070, 1062
5941, 1061
20309, 1061
51223, 1061
57735, 1061
231381, 1061
21844, 1060
23519, 1060
67237, 1060
242621, 1060
4090, 1059
8283, 1059
39945, 1059
65003, 1059
93945, 1059
104198, 1059
175525, 1059
229319, 1059
233486, 1059
251376, 1059
252747, 1059
292122, 1059
75100, 1058
115684, 1058
121618, 1058
246430, 1058
27161, 1057
106086, 1057
127260, 1057
140005, 1057
145633, 1057
149398, 1057
150021, 1057
173384, 1057
173811, 1057
176238, 1057
186424, 1057
201788, 1057
249136, 1057
269359, 1057
6660, 1056
16212, 1056
73767, 1056
94446, 1056
204000, 1056
574, 1055
9021, 1055
50260, 1055
65684, 1055
121914, 1055
132009, 1055
161424, 1055
5028, 1054
7280, 1054
20461, 1054
31817, 1054
37628, 1054
62181, 1054
110606, 1054
163067, 1054
216076, 1054
225795, 1054
229961, 1054
275575, 1054
278283, 1054
278952, 1054
110, 1053
972, 1053
29790, 1053
41327, 1053
41881, 1053
63704, 1053
72471, 1053
100814, 1053
158653, 1053
186820, 1053
218560, 1053
9696, 1052
28897, 1052
36532, 1052
45297, 1052
147425, 1052
175694, 1052
51288, 1051
88705, 1051
119659, 1051
146571, 1051
195468, 1051
206786, 1051
275688, 1051
293897, 1051
20051, 1050
118651, 1050
365, 1049
54541, 1049
208727, 1049
906, 1048
10530, 1048
12196, 1048
22464, 1048
50100, 1048
50841, 1048
55650, 1048
56564, 1048
81743, 1048
85970, 1048
86533, 1048
90682, 1048
98901, 1048
103504, 1048
113441, 1048
124693, 1048
149884, 1048
163285, 1048
180295, 1048
180954, 1048
181608, 1048
185203, 1048
193222, 1048
196196, 1048
216395, 1048
235547, 1048
239159, 1048
239356, 1048
245469, 1048
248260, 1048
288893, 1048
1387, 1047
37956, 1047
74926, 1047
106136, 1047
196642, 1047
296566, 1047
28605, 1046
47834, 1046
65129, 1046
68136, 1046
72138, 1046
127018, 1046
152135, 1046
162871, 1046
19666, 1045
20144, 1045
26915, 1045
86498, 1045
148036, 1045
263220, 1045
275665, 1045
3050, 1044
17092, 1044
40865, 1044
44263, 1044
66139, 1044
67655, 1044
82286, 1044
110924, 1044
112096, 1044
193651, 1044
219226, 1044
223066, 1044
9499, 1043
22824, 1043
25035, 1043
25384, 1043
40684, 1043
45925, 1043
50341, 1043
76510, 1043
78522, 1043
152725, 1043
155470, 1043
9571, 1042
15941, 1042
20477, 1042
25186, 1042
62173, 1042
143615, 1042
186595, 1042
193556, 1042
277089, 1042
7702, 1041
11870, 1041
20129, 1041
24591, 1041
27290, 1041
56978, 1041
79052, 1041
88133, 1041
103472, 1041
113491, 1041
129700, 1041
143238, 1041
175879, 1041
183083, 1041
218113, 1041
263923, 1041
684, 1040
18176, 1040
271945, 1040
55680, 1039
96223, 1039
99753, 1039
102879, 1039
119098, 1039
124483, 1039
150882, 1039
157161, 1039
175265, 1039
218830, 1039
7125, 1038
44898, 1038
107971, 1038
140806, 1038
163687, 1038
186263, 1038
2897, 1037
67127, 1037
111581, 1037
267340, 1037
1138, 1036
3513, 1036
42218, 1036
72761, 1036
73141, 1036
93291, 1036
104940, 1036
139094, 1036
12955, 1035
37389, 1035
39745, 1035
75915, 1035
79158, 1035
91423, 1035
121018, 1035
125145, 1035
132965, 1035
145835, 1035
214146, 1035
52431, 1034
148557, 1034
211899, 1034
285605, 1034
12973, 1033
15655, 1033
55110, 1033
77933, 1033
142421, 1033
13187, 1032
63512, 1032
66402, 1032
147910, 1032
162049, 1032
174445, 1032
188862, 1032
204126, 1032
218099, 1032
262976, 1032
27523, 1031
56639, 1031
110505, 1031
129053, 1031
280910, 1031
5476, 1030
6145, 1030
35552, 1030
39622, 1030
50488, 1030
68352, 1030
73305, 1030
77659, 1030
125958, 1030
128453, 1030
139370, 1030
141948, 1030
150080, 1030
165314, 1030
172826, 1030
231804, 1030
237470, 1030
242648, 1030
244108, 1030
280143, 1030
18700, 1029
38822, 1029
72560, 1029
141676, 1029
175035, 1029
46801, 1028
51483, 1028
52442, 1028
62649, 1028
90114, 1028
93290, 1028
115384, 1028
115918, 1028
131507, 1028
148800, 1028
184510, 1028
199747, 1028
221811, 1028
247047, 1028
6325, 1027
10760, 1027
16402, 1027
38032, 1027
63293, 1027
64791, 1027
74473, 1027
76576, 1027
82669, 1027
84981, 1027
111654, 1027
121426, 1027
152563, 1027
160120, 1027
160829, 1027
262223, 1027
23813, 1026
42950, 1026
62490, 1026
75591, 1026
85388, 1026
93772, 1026
127321, 1026
246460, 1026
289124, 1026
18273, 1025
18409, 1025
21884, 1025
28599, 1025
102472, 1025
107168, 1025
123916, 1025
130298, 1025
242577, 1025
293518, 1025
1214, 1024
5780, 1024
12729, 1024
68334, 1024
72321, 1024
80719, 1024
88580, 1024
159359, 1024
198840, 1024
284787, 1024
2825, 1023
12224, 1023
17980, 1023
29171, 1023
41250, 1023
54025, 1023
66507, 1023
78037, 1023
140366, 1023
150798, 1023
162610, 1023
208244, 1023
210161, 1023
258512, 1023
77798, 1022
150858, 1022
196111, 1022
201548, 1022
229622, 1022
254321, 1022
264999, 1022
4427, 1021
11887, 1021
25609, 1021
94405, 1021
96316, 1021
114965, 1021
122973, 1021
130762, 1021
180030, 1021
197641, 1021
287860, 1021
31263, 1020
81284, 1020
93915, 1020
106140, 1020
118148, 1020
221143, 1020
10441, 1019
16220, 1019
28931, 1019
47575, 1019
55411, 1019
56107, 1019
74349, 1019
86847, 1019
107564, 1019
117437, 1019
118901, 1019
126049, 1019
132476, 1019
182230, 1019
193758, 1019
231592, 1019
6054, 1018
13334, 1018
20909, 1018
40937, 1018
80885, 1018
87693, 1018
92015, 1018
92786, 1018
107119, 1018
111251, 1018
121433, 1018
180557, 1018
268079, 1018
6148, 1017
11026, 1017
20301, 1017
25633, 1017
51960, 1017
76327, 1017
146622, 1017
177829, 1017
196709, 1017
201258, 1017
203962, 1017
24038, 1016
44275, 1016
47366, 1016
48209, 1016
65583, 1016
101878, 1016
112350, 1016
180663, 1016
197174, 1016
9400, 1015
67784, 1015
139503, 1015
195580, 1015
19014, 1014
53597, 1014
61916, 1014
67765, 1014
116951, 1014
135822, 1014
192760, 1014
2873, 1013
29416, 1013
60086, 1013
88266, 1013
231061, 1013
4549, 1012
8146, 1012
13052, 1012
23520, 1012
40864, 1012
46008, 1012
46228, 1012
55217, 1012
133565, 1012
177585, 1012
205005, 1012
211481, 1012
240676, 1012
15153, 1011
26665, 1011
29473, 1011
39713, 1011
82788, 1011
91870, 1011
97256, 1011
122224, 1011
127082, 1011
127697, 1011
224154, 1011
231738, 1011
272441, 1011
57742, 1010
125245, 1010
2206, 1009
26519, 1009
29464, 1009
29466, 1009
136233, 1009
143421, 1009
182663, 1009
283128, 1009
1317, 1008
15709, 1008
20010, 1008
21483, 1008
57060, 1008
58850, 1008
73164, 1008
82181, 1008
87288, 1008
164556, 1008
7881, 1007
8915, 1007
15858, 1007
72891, 1007
87789, 1007
104021, 1007
119324, 1007
238387, 1007
286980, 1007
973, 1006
48362, 1006
64632, 1006
86924, 1006
136445, 1006
174430, 1006
175932, 1006
1467, 1005
21746, 1005
50606, 1005
56541, 1005
154951, 1005
276844, 1005
295705, 1005
16960, 1004
22301, 1004
32577, 1004
38701, 1004
147894, 1004
219579, 1004
290794, 1004
8364, 1003
22542, 1003
82622, 1003
113416, 1003
160183, 1003
183436, 1003
216820, 1003
33469, 1002
102320, 1002
103320, 1002
113180, 1002
140355, 1002
141233, 1002
155720, 1002
251854, 1002
257076, 1002
23969, 1001
31572, 1001
111576, 1001
134217, 1001
148029, 1001
148480, 1001
182627, 1001
223059, 1001
224528, 1001
261963, 1001
8703, 1000
46933, 1000
62634, 1000
78332, 1000
91367, 1000
161595, 1000
224481, 1000
