133687, 57106
149194, 57106
209204, 55933
269753, 55933
10503, 55276
145833, 55276
145988, 55276
158829, 55276
178892, 55276
186842, 55276
187738, 55276
195196, 55276
196723, 55276
201090, 55276
205187, 55276
230167, 55276
237330, 55276
243525, 55276
247466, 55276
248000, 55276
275829, 55276
292605, 55276
125367, 4552
128818, 4543
247042, 4539
284381, 4539
284676, 4539
296323, 4539
173814, 4529
186260, 4529
281556, 4529
164331, 4520
267354, 4520
273332, 4520
248928, 4517
276995, 4517
142144, 4514
153195, 4514
168212, 4514
202247, 4514
264995, 4514
270166, 4514
286007, 4514
287892, 4514
159575, 4511
177530, 4487
185048, 4485
224049, 4485
241677, 4485
259777, 4485
260661, 4485
155802, 4477
79632, 4476
135781, 4476
153978, 4476
166813, 4476
168529, 4476
216208, 4476
223694, 4476
225291, 4476
249487, 4476
251811, 4476
271708, 4476
239836, 4442
251419, 4442
52477, 4437
266097, 4415
251467, 4414
170565, 4409
191640, 4404
195797, 4356
211963, 4212
29078, 4201
114736, 4028
119515, 3839
161813, 3838
199213, 3782
149101, 3778
230805, 3771
52548, 3736
155003, 3736
94430, 3720
150277, 3720
64756, 3701
115680, 3695
160577, 3695
257236, 3695
206318, 3693
198722, 3692
6925, 3687
53433, 3687
127348, 3687
164493, 3685
187672, 3675
242629, 3675
265630, 3675
129855, 3669
150295, 3669
164473, 3669
246780, 3663
278766, 3663
289331, 3663
289164, 3654
133825, 3642
174531, 3642
208434, 3637
33587, 3634
135726, 3634
14493, 3625
58770, 3625
59908, 3625
65325, 3625
69591, 3625
77491, 3625
106012, 3625
110444, 3625
118579, 3625
141614, 3625
212191, 3625
196083, 3624
254014, 3623
284882, 3623
19826, 3618
50030, 3618
112003, 3618
203445, 3603
249274, 3603
183284, 3602
228472, 3602
43275, 3600
176090, 3600
191978, 3600
211867, 3600
134747, 3587
38584, 3583
142501, 3583
224864, 3574
38051, 3572
87763, 3572
129375, 3572
159033, 3572
253682, 3572
268739, 3572
283485, 3572
126602, 3570
145158, 3570
293402, 3559
227929, 3550
228639, 3550
243258, 3550
76369, 3549
221691, 3549
267552, 3549
203780, 3541
14938, 3533
161302, 3533
132458, 3529
99141, 3528
109161, 3528
179878, 3528
23089, 3524
62769, 3524
87168, 3524
97942, 3524
102559, 3524
109745, 3524
133313, 3524
166266, 3524
177971, 3524
194503, 3524
195490, 3524
259674, 3524
66822, 3519
38548, 3518
37029, 3516
145788, 3516
150771, 3516
251403, 3516
106159, 3515
103980, 3507
284448, 3505
285154, 3505
30624, 3504
38735, 3504
78560, 3504
103377, 3504
135753, 3504
140797, 3504
162679, 3504
183137, 3504
92657, 3502
181814, 3490
259991, 3490
133571, 3483
95756, 3474
31714, 3473
47061, 3473
50696, 3473
59008, 3473
61123, 3473
90822, 3473
97931, 3473
281304, 3473
30088, 3468
39291, 3468
68000, 3468
133417, 3468
194604, 3468
196526, 3468
200147, 3468
208473, 3468
220871, 3468
229412, 3468
261810, 3468
276975, 3468
291922, 3468
276630, 3467
179261, 3466
256221, 3466
32306, 3464
33674, 3464
41490, 3464
44945, 3464
46501, 3464
52186, 3464
56106, 3464
83959, 3464
85194, 3464
87283, 3464
118886, 3464
135082, 3464
274439, 3464
159411, 3462
37661, 3461
39123, 3461
141439, 3461
174470, 3461
184961, 3461
213601, 3461
235457, 3461
255574, 3461
292449, 3461
294365, 3461
55292, 3459
45366, 3452
226774, 3444
62812, 3438
280607, 3438
17438, 3433
20861, 3433
26248, 3433
27053, 3433
29768, 3433
30052, 3433
33869, 3433
34783, 3433
37042, 3433
49125, 3433
53307, 3433
53568, 3433
70651, 3433
71429, 3433
92367, 3433
264427, 3433
291235, 3433
72953, 3431
105626, 3431
106242, 3431
181177, 3431
218144, 3431
273337, 3431
74268, 3423
268955, 3423
29190, 3416
82818, 3416
100354, 3416
141912, 3416
168088, 3416
169249, 3416
192006, 3416
201614, 3416
13664, 3413
18901, 3413
27045, 3413
54379, 3413
89915, 3413
91384, 3413
102161, 3413
162555, 3412
240616, 3412
281852, 3412
15531, 3409
33267, 3409
43502, 3409
53661, 3409
62090, 3409
116928, 3409
119236, 3408
8651, 3405
11079, 3405
18349, 3405
20314, 3405
26266, 3405
26487, 3405
30105, 3405
40953, 3405
41179, 3405
41549, 3405
47220, 3405
49518, 3405
50952, 3405
52269, 3405
54402, 3405
54460, 3405
61749, 3405
68057, 3405
68177, 3405
71225, 3405
75389, 3405
84270, 3405
86846, 3405
92710, 3405
100175, 3405
109507, 3405
118361, 3405
122606, 3405
132634, 3405
142960, 3405
155368, 3405
156092, 3405
167350, 3405
176234, 3405
181913, 3405
186785, 3405
203842, 3405
206925, 3405
220273, 3405
242495, 3405
243232, 3405
244602, 3405
194886, 3402
264689, 3402
176013, 3400
25356, 3397
26567, 3397
157744, 3397
236223, 3397
248408, 3397
251384, 3397
293924, 3397
74710, 3394
13757, 3393
239859, 3390
65708, 3386
21696, 3381
72528, 3381
77232, 3381
82378, 3381
84897, 3381
85811, 3381
98605, 3381
99305, 3381
102202, 3381
104208, 3381
114883, 3381
116910, 3381
148897, 3381
156879, 3381
173613, 3381
205114, 3381
210312, 3381
229294, 3381
243305, 3381
246118, 3381
248252, 3381
248485, 3381
258965, 3381
123909, 3380
218428, 3380
148010, 3379
46845, 3378
71278, 3378
71495, 3378
149477, 3378
179266, 3378
221163, 3378
259567, 3378
54570, 3349
56592, 3349
70653, 3349
87377, 3349
161201, 3349
210969, 3348
220362, 3348
225651, 3348
247419, 3348
29724, 3346
34469, 3346
51470, 3346
59726, 3346
82649, 3346
84446, 3346
97663, 3346
124178, 3346
167323, 3346
227255, 3346
267029, 3346
279187, 3346
296296, 3346
144034, 3345
177765, 3345
179116, 3345
223202, 3345
224062, 3345
227960, 3345
249461, 3345
255470, 3345
260810, 3345
262039, 3345
266330, 3345
270709, 3345
276149, 3345
285331, 3345
286564, 3345
291342, 3345
294638, 3345
116258, 3336
168528, 3336
261626, 3336
194271, 3335
252234, 3335
292482, 3335
62578, 3334
137066, 3334
290730, 3334
114415, 3332
18245, 3325
18808, 3325
45117, 3325
126101, 3325
149549, 3325
159252, 3325
185234, 3325
207342, 3325
218294, 3325
233755, 3325
268677, 3324
149559, 3314
253884, 3314
121381, 3309
130833, 3309
147915, 3309
233356, 3309
247933, 3309
252338, 3309
291442, 3309
160765, 3308
200396, 3308
250495, 3307
141591, 3306
200637, 3306
240787, 3306
39444, 3305
59728, 3305
61759, 3305
77719, 3305
93642, 3305
102913, 3305
106428, 3305
109541, 3305
114964, 3305
116105, 3305
117579, 3305
120959, 3305
138039, 3305
143947, 3305
145485, 3305
148009, 3305
150824, 3305
152584, 3305
156140, 3305
164592, 3305
167364, 3305
171531, 3305
175224, 3305
175865, 3305
185987, 3305
190598, 3305
194825, 3305
195395, 3305
196830, 3305
203721, 3305
206326, 3305
212526, 3305
214786, 3305
214840, 3305
218563, 3305
222410, 3305
225925, 3305
230233, 3305
238716, 3305
244802, 3305
246536, 3305
248589, 3305
254949, 3305
255095, 3305
260329, 3305
263562, 3305
265863, 3305
266429, 3305
274939, 3305
276635, 3305
280679, 3305
281771, 3305
282005, 3305
285630, 3305
287602, 3305
24135, 3302
26296, 3302
133014, 3302
143739, 3302
158924, 3302
177944, 3302
237792, 3302
257893, 3302
205227, 3298
40768, 3295
19483, 3291
21261, 3291
87621, 3291
111933, 3291
115045, 3290
124329, 3290
131750, 3290
165022, 3290
294206, 3290
17674, 3288
133403, 3283
156823, 3283
218639, 3283
267295, 3283
11033, 3281
14761, 3281
21029, 3281
37753, 3281
39693, 3281
91387, 3281
107484, 3281
114640, 3281
115470, 3281
119073, 3281
121905, 3281
162001, 3281
174435, 3281
196260, 3281
200223, 3281
204624, 3281
230777, 3281
251906, 3281
267027, 3281
281029, 3281
282453, 3281
290989, 3281
25599, 3278
42223, 3278
105155, 3278
156154, 3278
168761, 3278
186029, 3278
203647, 3278
75168, 3277
158447, 3276
190484, 3276
283768, 3274
13083, 3272
20984, 3272
22357, 3272
24582, 3272
26343, 3272
44638, 3272
56365, 3272
50351, 3271
58859, 3271
259082, 3271
90190, 3269
28439, 3266
213967, 3266
251753, 3262
200586, 3258
143965, 3257
182059, 3257
208696, 3248
113420, 3247
143538, 3247
201955, 3245
224963, 3243
262557, 3243
63197, 3242
86861, 3242
295904, 3242
39606, 3241
159449, 3233
34933, 3230
41062, 3230
56519, 3230
75029, 3230
127087, 3230
71059, 3228
132277, 3228
183324, 3228
184785, 3228
255677, 3228
50536, 3227
143170, 3227
23913, 3226
30047, 3226
116589, 3226
159121, 3226
33691, 3224
22931, 3221
26412, 3221
33357, 3221
40263, 3221
110808, 3221
119829, 3221
161782, 3221
200822, 3221
213155, 3221
215256, 3221
248531, 3221
17376, 3218
100659, 3218
34113, 3217
166157, 3217
238031, 3217
106481, 3216
213192, 3216
258444, 3216
62207, 3215
131452, 3215
140177, 3215
145821, 3215
158483, 3215
210562, 3215
211602, 3215
284063, 3215
14303, 3214
197931, 3214
249223, 3214
75767, 3211
83522, 3211
254371, 3211
276270, 3211
291022, 3211
38253, 3209
43921, 3209
109201, 3209
183129, 3207
197650, 3207
15396, 3206
24043, 3206
29945, 3206
48180, 3206
93764, 3206
207759, 3206
52646, 3205
63829, 3205
38812, 3203
151743, 3203
251055, 3203
288689, 3201
33687, 3196
111400, 3196
145142, 3196
181319, 3196
198759, 3196
219301, 3196
230624, 3196
264484, 3196
277021, 3196
280725, 3196
15839, 3192
24668, 3192
118964, 3192
155503, 3192
184532, 3192
242564, 3192
32529, 3191
44987, 3191
119292, 3191
281542, 3191
62675, 3185
47127, 3179
68973, 3179
69619, 3179
99287, 3179
191445, 3179
226833, 3176
19289, 3175
30246, 3175
54561, 3175
58350, 3175
72256, 3175
77335, 3175
90095, 3175
102657, 3175
107151, 3175
117976, 3175
125188, 3175
128546, 3175
132863, 3175
145403, 3175
152156, 3175
172219, 3175
173068, 3175
175126, 3175
202912, 3175
240754, 3175
246792, 3175
259480, 3175
124359, 3170
57954, 3169
223380, 3169
43229, 3168
53578, 3168
74558, 3168
124648, 3168
128620, 3168
170624, 3168
180345, 3168
260466, 3168
272132, 3168
9148, 3165
146365, 3165
49674, 3162
62394, 3162
109248, 3162
111644, 3162
132437, 3162
141051, 3162
190533, 3162
216049, 3162
225553, 3162
227478, 3162
232690, 3162
242255, 3162
257962, 3162
267646, 3162
269847, 3162
281657, 3162
71016, 3160
80381, 3160
81774, 3160
219410, 3160
27947, 3157
54211, 3157
55257, 3157
113006, 3157
208315, 3157
37575, 3152
159835, 3152
196643, 3152
113103, 3151
11211, 3148
57865, 3148
154820, 3148
169078, 3148
197508, 3148
20008, 3146
43215, 3146
136351, 3146
141853, 3146
207338, 3146
239376, 3146
253691, 3146
270369, 3146
40483, 3145
43104, 3145
69507, 3145
34247, 3143
37793, 3143
44379, 3143
103924, 3143
127555, 3143
132763, 3143
136954, 3143
138647, 3143
151067, 3143
170290, 3143
11608, 3141
13109, 3141
13629, 3141
42675, 3141
215898, 3141
279687, 3141
286491, 3141
124297, 3137
138626, 3137
143569, 3137
174405, 3137
66305, 3131
71066, 3131
243538, 3131
290912, 3131
15681, 3129
24261, 3129
25333, 3129
37214, 3129
38118, 3129
45284, 3129
51572, 3129
53803, 3129
59751, 3129
65848, 3129
70923, 3129
73101, 3129
76857, 3129
97660, 3129
104856, 3129
112298, 3129
116842, 3129
123017, 3129
135266, 3129
152879, 3129
168690, 3129
178091, 3129
190145, 3129
264004, 3129
32552, 3126
39212, 3126
50306, 3126
85433, 3126
162389, 3125
226601, 3125
37307, 3120
49789, 3120
55748, 3120
237691, 3118
13501, 3114
22187, 3114
70178, 3111
94504, 3111
192575, 3111
250393, 3111
273266, 3111
274559, 3111
88742, 3106
185166, 3106
204029, 3106
173213, 3105
192831, 3101
117538, 3098
134584, 3098
193302, 3098
236087, 3098
245269, 3098
250231, 3098
80907, 3094
106385, 3094
198178, 3094
241773, 3094
143576, 3093
22944, 3092
123640, 3092
281326, 3091
21278, 3090
245689, 3090
13372, 3088
45524, 3087
98980, 3087
144362, 3087
91834, 3086
209198, 3083
225849, 3083
83414, 3079
104116, 3079
140464, 3078
126821, 3074
9170, 3072
9362, 3072
11511, 3072
16588, 3072
18200, 3072
18714, 3072
18862, 3072
20741, 3072
23147, 3072
24698, 3072
30580, 3072
30788, 3072
32914, 3072
36633, 3072
40341, 3072
69435, 3072
79885, 3072
82837, 3072
89436, 3072
96309, 3072
105735, 3072
111611, 3072
127068, 3072
146979, 3072
152089, 3072
155662, 3072
160646, 3072
173088, 3072
197626, 3072
227818, 3072
95589, 3066
124795, 3066
189559, 3066
199010, 3066
237163, 3066
50115, 3065
221151, 3065
27693, 3064
294661, 3064
28414, 3063
112123, 3063
213440, 3063
216244, 3063
198854, 3062
38432, 3060
262184, 3058
35417, 3056
71539, 3056
73064, 3056
73996, 3056
88507, 3056
92896, 3056
111721, 3056
130609, 3056
159429, 3056
165565, 3056
176986, 3056
191538, 3056
192356, 3056
198554, 3056
203769, 3056
218926, 3056
219694, 3056
241409, 3056
253435, 3056
269739, 3056
37850, 3053
83879, 3053
96276, 3053
130536, 3053
153839, 3053
159647, 3053
114295, 3050
193493, 3050
18000, 3049
26118, 3049
26250, 3049
29179, 3049
33021, 3049
65190, 3049
78221, 3049
79905, 3049
95303, 3049
99072, 3049
113697, 3049
142972, 3049
144645, 3049
159863, 3049
160036, 3049
174171, 3049
178820, 3049
189026, 3049
196806, 3049
211138, 3049
233790, 3049
251897, 3049
14285, 3048
39792, 3048
80855, 3048
235267, 3044
94164, 3042
52226, 3040
75890, 3038
48581, 3037
31407, 3033
75453, 3033
16662, 3032
23095, 3032
47389, 3032
69552, 3032
100076, 3032
100307, 3032
199694, 3032
240888, 3032
182127, 3031
13921, 3030
37431, 3030
137656, 3030
254473, 3030
51165, 3027
65323, 3027
67679, 3027
73282, 3027
148341, 3027
253095, 3027
251138, 3020
260090, 3020
27602, 3018
33207, 3018
135004, 3018
208608, 3018
82621, 3015
11132, 3008
41418, 3008
57680, 3008
212745, 3008
264646, 3007
216661, 3006
10621, 3001
18186, 3001
58191, 3001
71262, 3001
125590, 3001
144772, 3001
160263, 3001
239211, 3001
259922, 3001
287486, 3001
294467, 3001
43046, 2999
231044, 2999
239102, 2998
277020, 2998
42564, 2995
102951, 2995
12817, 2994
43459, 2994
80115, 2994
22344, 2993
50456, 2993
78008, 2993
96798, 2993
116234, 2993
121511, 2993
124466, 2993
145250, 2993
180706, 2993
288585, 2991
9160, 2985
124631, 2985
183914, 2985
101032, 2984
107982, 2984
140760, 2984
148957, 2984
151479, 2984
251170, 2984
264760, 2984
272871, 2984
275477, 2984
13546, 2983
21248, 2983
110372, 2983
115080, 2983
127842, 2983
130270, 2983
140238, 2983
149149, 2983
155571, 2983
160758, 2983
171582, 2983
232787, 2983
26153, 2980
215810, 2980
238416, 2980
290756, 2980
97360, 2979
133141, 2979
142839, 2979
25914, 2976
45511, 2976
53146, 2976
98353, 2976
119516, 2976
151507, 2976
202291, 2976
24893, 2970
42335, 2970
91270, 2970
258897, 2970
158433, 2962
223793, 2962
293643, 2962
54124, 2958
93600, 2958
185010, 2958
204779, 2958
254266, 2958
257621, 2958
265286, 2958
281386, 2957
20011, 2954
125356, 2954
189594, 2954
217687, 2954
227281, 2954
258841, 2954
296534, 2954
200988, 2953
32096, 2949
39931, 2944
266637, 2940
279269, 2940
40526, 2939
197055, 2938
66948, 2936
81275, 2936
14543, 2935
19499, 2935
23359, 2935
48054, 2935
52764, 2935
67369, 2935
95062, 2935
96504, 2935
104732, 2935
108559, 2935
113689, 2935
119035, 2935
121222, 2935
134595, 2935
147582, 2935
170915, 2935
185538, 2935
211051, 2935
256342, 2935
183144, 2934
97561, 2931
183145, 2928
248542, 2928
150058, 2925
260428, 2925
95144, 2923
198888, 2923
106228, 2921
117572, 2921
284432, 2921
285588, 2921
12105, 2913
51540, 2912
65308, 2912
139884, 2912
155494, 2912
104796, 2910
19497, 2908
27738, 2908
49258, 2908
61612, 2908
65201, 2908
166140, 2908
179113, 2908
195471, 2908
220035, 2908
228433, 2908
231151, 2908
235473, 2908
236353, 2908
267228, 2908
287574, 2908
296066, 2908
1270, 2906
5682, 2906
14506, 2906
61174, 2906
24391, 2898
29730, 2898
59040, 2897
137384, 2897
278331, 2885
132056, 2884
157657, 2884
271487, 2881
6380, 2880
36587, 2875
51673, 2875
77263, 2875
222065, 2874
261788, 2874
62714, 2873
118479, 2873
259192, 2873
102651, 2872
119747, 2872
91665, 2870
154369, 2870
72261, 2867
31506, 2860
79149, 2855
279463, 2854
143110, 2853
227991, 2853
254436, 2853
265377, 2850
103247, 2842
155960, 2842
175571, 2842
198061, 2842
255422, 2842
264382, 2842
281234, 2842
87474, 2838
187000, 2838
16474, 2832
89953, 2832
67594, 2826
94568, 2826
110957, 2826
137390, 2826
139470, 2826
44991, 2812
288019, 2812
115748, 2811
130347, 2811
183560, 2811
187176, 2811
226691, 2811
88048, 2809
107709, 2809
35098, 2806
57638, 2806
132258, 2806
155233, 2806
167791, 2806
177528, 2806
220469, 2800
70231, 2797
90866, 2795
283912, 2795
250618, 2794
260692, 2794
264598, 2794
239190, 2792
10963, 2791
42660, 2791
65048, 2791
104442, 2791
111274, 2791
191402, 2791
217030, 2791
217725, 2791
257245, 2791
7766, 2774
210916, 2774
12465, 2771
29619, 2771
118584, 2771
151939, 2771
187375, 2763
24583, 2760
26034, 2760
62859, 2760
81601, 2760
109200, 2760
113443, 2760
50074, 2759
21380, 2758
48865, 2758
52641, 2758
146503, 2758
207591, 2758
35824, 2756
104290, 2755
60247, 2752
75451, 2752
100937, 2745
125284, 2745
284992, 2745
14385, 2741
145543, 2738
260899, 2738
232287, 2734
261873, 2734
257394, 2733
260276, 2733
268158, 2733
101694, 2732
106506, 2732
225327, 2732
35413, 2730
65759, 2730
206024, 2730
140251, 2729
34216, 2724
97301, 2724
100009, 2724
277347, 2724
62619, 2722
111619, 2722
113495, 2722
206146, 2722
117689, 2720
247934, 2719
158374, 2707
186479, 2707
190968, 2707
194693, 2707
216291, 2707
289427, 2707
291179, 2707
99853, 2705
291602, 2704
95093, 2703
75495, 2698
139564, 2698
151660, 2698
158758, 2698
159101, 2698
160330, 2698
161944, 2698
165913, 2698
167454, 2698
192925, 2698
193923, 2698
194921, 2698
199849, 2698
200579, 2698
201310, 2698
204054, 2698
214409, 2698
222393, 2698
228379, 2698
230406, 2698
241219, 2698
241877, 2698
246579, 2698
254104, 2698
255502, 2698
255683, 2698
259956, 2698
261667, 2698
262073, 2698
265824, 2698
266351, 2698
273711, 2698
275508, 2698
277549, 2698
278035, 2698
292609, 2698
26906, 2697
88092, 2697
219287, 2697
190216, 2695
203077, 2695
233850, 2695
64875, 2694
108251, 2694
186758, 2693
187769, 2693
197388, 2692
200341, 2692
203648, 2692
238653, 2692
240382, 2690
116157, 2688
220593, 2688
41387, 2682
53608, 2682
195126, 2680
232138, 2680
263064, 2680
295446, 2680
36260, 2677
71680, 2677
102837, 2677
133129, 2677
145066, 2677
202805, 2677
113837, 2673
164695, 2673
205884, 2673
121447, 2672
125423, 2672
169293, 2672
258091, 2672
78477, 2667
101008, 2667
107485, 2667
126425, 2667
129649, 2667
136969, 2667
141258, 2667
148087, 2667
148521, 2667
151678, 2667
155804, 2667
161391, 2667
175061, 2667
175310, 2667
188316, 2667
191453, 2667
213261, 2667
271100, 2667
272378, 2667
279719, 2667
244569, 2662
286432, 2662
287906, 2661
24851, 2660
46016, 2660
49679, 2660
64158, 2660
77948, 2660
94794, 2660
97697, 2660
201263, 2660
239473, 2660
264282, 2660
65915, 2659
68021, 2659
74676, 2659
75096, 2659
76681, 2659
77277, 2659
84051, 2659
85624, 2659
85749, 2659
94462, 2659
100505, 2659
109829, 2659
118444, 2659
123130, 2659
134554, 2659
62972, 2658
38709, 2657
65272, 2657
224611, 2656
96147, 2653
98494, 2653
102140, 2653
105044, 2653
105862, 2653
110107, 2653
114670, 2653
124304, 2653
126472, 2653
137274, 2653
160495, 2653
162992, 2653
175053, 2653
121579, 2648
73080, 2645
105161, 2645
132227, 2645
268241, 2645
57575, 2642
288519, 2623
207098, 2616
8477, 2606
11092, 2606
164651, 2606
168182, 2606
174092, 2606
180660, 2606
95222, 2603
142530, 2598
20884, 2590
28342, 2590
55756, 2590
52165, 2588
197409, 2588
289442, 2588
31205, 2587
267887, 2587
12420, 2584
18318, 2584
54673, 2584
57837, 2584
166877, 2584
246591, 2583
197845, 2579
68434, 2576
128535, 2576
31405, 2568
99130, 2566
113338, 2566
61124, 2550
71257, 2550
13434, 2549
17973, 2549
55179, 2549
63222, 2549
75074, 2549
200634, 2549
240248, 2549
280991, 2549
273063, 2548
38922, 2543
76584, 2543
11263, 2538
34419, 2538
38935, 2538
163827, 2536
265040, 2536
77322, 2525
176852, 2525
190224, 2525
202699, 2525
276832, 2525
152001, 2522
46739, 2521
135249, 2521
175304, 2521
252818, 2521
52111, 2512
63832, 2512
119030, 2512
120249, 2512
185158, 2512
25033, 2511
79181, 2511
94581, 2511
149823, 2511
25470, 2504
126138, 2503
266543, 2503
34700, 2501
138438, 2497
156234, 2497
261972, 2497
37851, 2492
47899, 2492
65539, 2492
76030, 2492
78136, 2492
93072, 2492
93905, 2492
181834, 2492
251439, 2492
65142, 2491
66646, 2491
256152, 2491
227080, 2489
245043, 2484
281863, 2484
30606, 2483
118836, 2483
175836, 2483
185046, 2483
255330, 2483
203907, 2472
9297, 2462
277573, 2462
103995, 2461
13096, 2454
20066, 2454
23212, 2454
23878, 2454
27771, 2454
46314, 2454
56779, 2454
157533, 2454
211640, 2453
103797, 2452
119992, 2452
187108, 2451
39816, 2450
54252, 2450
186841, 2450
283764, 2450
205098, 2448
221756, 2448
232580, 2448
239342, 2448
244276, 2448
291136, 2448
27495, 2443
108997, 2442
43548, 2440
46862, 2440
105766, 2440
117695, 2440
150846, 2440
174945, 2440
147630, 2439
58058, 2427
65694, 2427
37059, 2417
38281, 2417
41885, 2417
43140, 2417
47944, 2417
55044, 2417
56059, 2417
57888, 2417
58891, 2417
61304, 2417
61611, 2417
65696, 2417
67987, 2417
70693, 2417
71069, 2417
72429, 2417
75267, 2417
75336, 2417
75417, 2417
76197, 2417
76825, 2417
83868, 2417
85262, 2417
91092, 2417
94857, 2417
101136, 2417
107364, 2417
129323, 2417
143855, 2417
147887, 2417
172392, 2417
267736, 2409
30269, 2408
151496, 2407
279239, 2406
53562, 2396
181432, 2396
41970, 2393
43050, 2393
47600, 2393
50090, 2393
52465, 2393
54420, 2393
55481, 2393
57624, 2393
57794, 2393
58598, 2393
61382, 2393
62948, 2393
65970, 2393
74015, 2393
76621, 2393
76673, 2393
93558, 2393
192112, 2393
31119, 2392
177237, 2392
56211, 2388
238482, 2388
232496, 2386
216480, 2384
37587, 2377
47764, 2377
55049, 2377
63822, 2377
64832, 2377
71110, 2377
73106, 2377
75822, 2377
80266, 2377
81375, 2377
83242, 2377
91619, 2377
93455, 2377
107023, 2377
114065, 2377
114142, 2377
114577, 2377
122418, 2377
145949, 2377
153101, 2377
214519, 2377
242067, 2377
12085, 2374
145758, 2374
69265, 2373
130349, 2373
135654, 2373
181462, 2373
224745, 2373
250440, 2373
122026, 2372
238687, 2370
251836, 2370
295942, 2370
58072, 2369
85695, 2368
255106, 2368
35827, 2367
41555, 2367
55788, 2367
78998, 2367
79690, 2367
159284, 2367
46127, 2362
65785, 2362
62960, 2357
264575, 2357
91675, 2353
127480, 2353
133698, 2353
166883, 2353
37957, 2351
262956, 2347
29052, 2346
46698, 2346
49790, 2346
71560, 2346
96644, 2346
109104, 2346
137350, 2346
161388, 2346
243666, 2346
62608, 2330
209280, 2313
253620, 2311
20327, 2302
133593, 2300
295288, 2300
180456, 2292
234653, 2291
64249, 2290
124300, 2290
46794, 2289
249071, 2285
265379, 2285
267427, 2285
292303, 2285
115088, 2284
197446, 2284
96580, 2283
197773, 2283
73764, 2280
74532, 2280
91054, 2280
221528, 2280
238643, 2280
21116, 2279
59486, 2276
97943, 2276
127952, 2276
135991, 2276
164305, 2276
189626, 2276
211242, 2276
267290, 2276
271999, 2276
276309, 2276
295235, 2276
237931, 2275
240034, 2275
21349, 2273
102288, 2273
103128, 2273
272827, 2271
275384, 2271
162421, 2269
209741, 2269
273843, 2269
38239, 2268
39661, 2268
40186, 2268
69968, 2261
151307, 2261
96833, 2258
196002, 2257
267601, 2257
116071, 2255
152443, 2253
270518, 2246
22155, 2245
118485, 2236
133721, 2236
175239, 2236
198070, 2236
204886, 2236
210706, 2236
242203, 2236
243323, 2236
256269, 2236
256408, 2236
53153, 2235
102425, 2235
160184, 2235
224101, 2235
264936, 2232
123456, 2228
128003, 2228
138359, 2228
169902, 2228
175094, 2228
198960, 2228
211942, 2228
215707, 2228
219384, 2228
224939, 2228
231939, 2228
251516, 2228
252224, 2228
252512, 2228
254594, 2228
255211, 2228
258296, 2228
258824, 2228
271392, 2228
276155, 2228
278995, 2228
280749, 2228
287238, 2228
289433, 2228
290055, 2228
294474, 2228
164163, 2227
185959, 2227
17986, 2225
40705, 2225
188983, 2225
283662, 2225
174365, 2222
262873, 2222
173383, 2220
279670, 2220
203314, 2217
232578, 2214
242542, 2214
244114, 2214
285316, 2214
88835, 2212
290296, 2212
296001, 2212
42051, 2207
47381, 2207
113425, 2207
124616, 2207
126592, 2207
143031, 2207
206938, 2207
231543, 2207
236186, 2207
38014, 2206
86214, 2206
28649, 2203
113378, 2201
15386, 2200
83443, 2200
101513, 2197
16725, 2194
32121, 2194
32341, 2194
51719, 2194
53311, 2194
61891, 2194
171444, 2194
17832, 2192
206176, 2191
125033, 2190
226128, 2182
131334, 2181
141861, 2181
158094, 2181
169918, 2181
180072, 2181
215401, 2181
224224, 2181
254783, 2181
286037, 2181
25134, 2176
7357, 2170
13486, 2170
129673, 2165
16298, 2164
122197, 2160
145449, 2160
159117, 2160
49276, 2159
18466, 2157
23555, 2156
32614, 2156
45651, 2156
133896, 2156
207452, 2156
226134, 2156
143074, 2155
131532, 2152
248122, 2152
51625, 2149
77971, 2149
79887, 2149
194034, 2149
147168, 2147
34093, 2142
56743, 2142
58135, 2142
80839, 2142
195531, 2142
198827, 2142
26811, 2140
81079, 2139
88642, 2139
118875, 2139
133800, 2139
222330, 2139
240522, 2138
290371, 2137
174193, 2136
108169, 2130
282271, 2127
288690, 2127
226548, 2126
149238, 2125
219701, 2125
123517, 2122
44345, 2116
170957, 2116
194217, 2116
241003, 2116
122623, 2115
177846, 2113
38359, 2112
108620, 2112
124925, 2112
262875, 2112
206042, 2109
285029, 2109
293706, 2109
156510, 2105
45907, 2101
59132, 2101
175906, 2101
218213, 2101
148365, 2099
176473, 2099
10635, 2092
18986, 2092
39949, 2092
45998, 2092
51171, 2092
53091, 2092
61438, 2092
65383, 2092
71978, 2092
96543, 2092
103024, 2092
104150, 2092
110423, 2092
120454, 2092
122677, 2092
125150, 2092
144889, 2092
175695, 2092
226160, 2092
252403, 2092
275932, 2092
287829, 2092
288172, 2092
54020, 2089
74466, 2089
81328, 2089
142556, 2089
160200, 2089
250681, 2089
266185, 2089
279449, 2089
280185, 2088
202978, 2087
284212, 2085
161623, 2084
262872, 2084
186427, 2082
249631, 2082
257549, 2082
25449, 2080
67254, 2080
150792, 2078
191988, 2078
6041, 2076
189531, 2074
234326, 2072
204709, 2071
206715, 2069
8281, 2068
203413, 2066
290834, 2066
30345, 2063
31772, 2063
96257, 2063
233835, 2058
150884, 2043
43121, 2042
106176, 2042
134123, 2042
176444, 2042
10011, 2039
32138, 2039
45150, 2039
47090, 2039
83370, 2039
89031, 2039
100042, 2039
106775, 2039
108582, 2039
140833, 2039
155628, 2039
169484, 2039
176655, 2039
227610, 2039
279717, 2039
295161, 2039
218343, 2038
137766, 2037
8806, 2035
55805, 2035
62975, 2035
68685, 2035
97114, 2035
132276, 2034
210714, 2032
140164, 2031
268160, 2031
34137, 2029
102497, 2029
93638, 2027
178520, 2027
268077, 2025
274129, 2024
293422, 2020
187025, 2018
136256, 2016
257142, 2010
10545, 2009
251888, 2007
26001, 2006
56569, 2005
247829, 2002
32414, 2000
83639, 2000
180559, 1999
194478, 1999
219675, 1996
37694, 1992
43222, 1992
51330, 1992
52969, 1992
70114, 1992
73610, 1992
88069, 1992
98039, 1992
113386, 1992
229808, 1992
255981, 1992
274670, 1992
40764, 1991
86937, 1991
289974, 1991
78721, 1990
38255, 1989
229704, 1987
154667, 1985
286993, 1985
195275, 1980
235085, 1977
109509, 1975
80889, 1971
101013, 1971
274169, 1971
38192, 1969
252675, 1967
12365, 1965
191548, 1963
215288, 1962
264458, 1962
226241, 1961
149628, 1960
233037, 1960
6828, 1958
11059, 1958
117317, 1958
153468, 1958
173947, 1958
19057, 1957
23967, 1957
38439, 1957
121644, 1957
194845, 1957
209671, 1957
32675, 1953
219086, 1953
66498, 1952
88365, 1951
145420, 1951
154174, 1951
170812, 1951
190711, 1951
209945, 1951
142824, 1949
32985, 1948
223499, 1948
193643, 1946
268429, 1946
280525, 1946
32975, 1942
79849, 1942
2926, 1941
88384, 1939
251217, 1931
264235, 1931
273617, 1931
285830, 1931
22903, 1930
8075, 1929
46954, 1929
165866, 1929
184130, 1929
190101, 1929
209583, 1929
225214, 1929
255781, 1929
266548, 1929
160982, 1927
260404, 1927
275378, 1927
140931, 1926
184656, 1926
59827, 1923
140890, 1923
85058, 1921
65434, 1920
227949, 1920
134809, 1919
290919, 1919
155226, 1918
179231, 1918
208218, 1916
237482, 1911
86655, 1906
40967, 1901
222075, 1897
163914, 1896
189455, 1894
133177, 1893
209319, 1888
268127, 1888
56017, 1881
64205, 1881
99448, 1881
157707, 1881
184725, 1881
197102, 1881
236385, 1881
293609, 1881
125216, 1880
57586, 1879
248623, 1879
266241, 1877
189579, 1873
187688, 1868
190383, 1867
21563, 1862
279006, 1862
39840, 1861
63303, 1861
234438, 1861
12647, 1860
15817, 1860
39423, 1860
53641, 1860
64058, 1860
68721, 1860
70464, 1860
165563, 1860
260225, 1860
35519, 1857
46549, 1857
269986, 1857
19152, 1855
73831, 1855
118464, 1855
233385, 1855
262621, 1855
193514, 1854
67656, 1853
31458, 1850
18074, 1847
52233, 1847
61003, 1847
207556, 1847
238851, 1847
270178, 1847
49169, 1846
57833, 1846
165596, 1846
265610, 1846
282319, 1845
173832, 1844
136843, 1841
160937, 1841
171004, 1841
238740, 1841
228865, 1839
250256, 1839
151452, 1835
108819, 1832
79375, 1828
50919, 1826
129218, 1826
271150, 1826
162974, 1825
228824, 1825
255185, 1825
185958, 1823
269670, 1823
276666, 1823
10129, 1818
25828, 1818
93988, 1818
102334, 1818
126516, 1817
47377, 1816
99264, 1816
259888, 1816
262027, 1816
128200, 1814
164237, 1814
248877, 1814
49468, 1813
21530, 1810
26322, 1810
95385, 1810
113804, 1810
124241, 1810
143055, 1810
148434, 1806
31103, 1805
101438, 1805
202459, 1803
99428, 1802
48972, 1801
288224, 1801
39995, 1800
218962, 1800
274850, 1800
40555, 1798
62476, 1798
42354, 1797
53996, 1797
74919, 1797
114844, 1797
154505, 1797
193475, 1797
216704, 1797
259937, 1797
288763, 1797
68754, 1796
221932, 1796
258200, 1796
23025, 1794
65836, 1791
213550, 1791
238485, 1791
34351, 1790
51257, 1786
44544, 1783
54179, 1783
66178, 1783
96870, 1783
151669, 1783
167676, 1783
231923, 1783
29189, 1782
31150, 1782
60287, 1782
63050, 1782
87503, 1782
115602, 1782
154344, 1782
157919, 1782
163921, 1782
173921, 1782
207000, 1782
141660, 1780
281794, 1780
27508, 1779
73639, 1779
132084, 1779
205248, 1779
270159, 1779
185287, 1778
284486, 1778
9210, 1774
56838, 1772
280958, 1772
37034, 1771
80147, 1771
121716, 1771
5574, 1768
45684, 1768
765, 1767
39413, 1767
249267, 1767
78785, 1766
200541, 1766
268627, 1766
55470, 1764
187637, 1764
24760, 1763
35533, 1763
55987, 1763
112018, 1763
135373, 1763
159276, 1763
123453, 1759
143231, 1759
66997, 1758
68139, 1758
124408, 1758
145626, 1758
190233, 1758
203600, 1758
209221, 1758
251548, 1758
279461, 1757
140446, 1755
31307, 1754
176545, 1754
25687, 1752
60345, 1752
163380, 1752
186414, 1752
193994, 1751
269798, 1751
287270, 1751
129177, 1750
37534, 1749
91175, 1749
129441, 1749
51052, 1747
63557, 1747
240762, 1747
286417, 1747
252131, 1746
258366, 1745
43599, 1744
62396, 1744
100442, 1744
212985, 1744
261337, 1744
160240, 1742
231273, 1742
235745, 1742
193096, 1741
48175, 1740
138654, 1740
180608, 1740
218409, 1740
59467, 1739
77759, 1739
119503, 1739
216549, 1739
247276, 1739
256196, 1738
136056, 1737
224981, 1736
256134, 1735
188354, 1734
237626, 1734
245303, 1733
216315, 1731
50014, 1730
63711, 1730
65586, 1730
101461, 1730
170977, 1730
181340, 1730
208584, 1730
210054, 1730
270147, 1730
8449, 1729
23260, 1729
89895, 1729
266443, 1729
15252, 1727
83341, 1727
234900, 1727
2353, 1726
7379, 1726
56926, 1726
110983, 1726
137583, 1726
152639, 1726
152960, 1726
234780, 1726
274690, 1726
159460, 1725
159880, 1725
115415, 1724
119064, 1724
133127, 1724
254896, 1724
256669, 1724
288930, 1724
38173, 1722
127592, 1722
131604, 1722
160067, 1722
174024, 1722
184668, 1722
185481, 1722
191364, 1722
207471, 1722
231690, 1722
287047, 1722
58629, 1721
89529, 1721
46231, 1720
107743, 1720
108121, 1720
14926, 1719
109098, 1719
129426, 1718
295620, 1718
117424, 1717
154306, 1716
176857, 1716
222654, 1716
143782, 1715
251871, 1715
85373, 1714
144779, 1714
175468, 1713
193377, 1713
62015, 1711
84095, 1711
95428, 1711
118319, 1711
143492, 1711
193704, 1711
101760, 1710
131420, 1709
143881, 1703
238419, 1703
233324, 1701
60371, 1700
160158, 1700
288669, 1700
291004, 1700
51253, 1699
61334, 1699
65855, 1699
115305, 1699
154819, 1699
184868, 1699
188706, 1699
15841, 1698
67630, 1698
225538, 1698
253882, 1698
31614, 1695
79135, 1695
220541, 1695
251372, 1695
261131, 1695
30999, 1693
192869, 1693
204530, 1693
254434, 1693
202173, 1691
99148, 1690
187659, 1690
235179, 1690
267712, 1690
64712, 1688
162075, 1688
225033, 1687
207051, 1685
158539, 1684
68683, 1683
89439, 1683
221380, 1683
106960, 1682
195952, 1682
274501, 1682
15296, 1680
61855, 1680
156711, 1680
170678, 1680
45654, 1678
278211, 1678
40135, 1677
75213, 1677
83508, 1677
90152, 1677
120078, 1677
212306, 1676
18857, 1675
185689, 1675
218151, 1672
68008, 1670
182748, 1670
152736, 1669
185305, 1668
92721, 1667
164025, 1667
228095, 1667
238163, 1667
264941, 1667
272071, 1667
120196, 1666
294385, 1666
178145, 1664
52336, 1663
11465, 1662
111253, 1662
36681, 1661
44176, 1661
266494, 1659
13686, 1658
18992, 1658
35780, 1658
39684, 1658
135662, 1658
181535, 1658
292245, 1658
154847, 1657
118216, 1656
72583, 1655
156811, 1655
189430, 1655
253151, 1655
268858, 1655
94763, 1653
148080, 1653
158342, 1653
281116, 1653
128269, 1652
65808, 1651
114756, 1650
49712, 1649
94726, 1649
146944, 1649
171692, 1649
17713, 1647
41787, 1647
62898, 1646
86643, 1646
200534, 1645
212054, 1645
294095, 1645
157003, 1643
288600, 1643
119331, 1642
31348, 1641
156078, 1641
49786, 1640
70575, 1640
245014, 1640
79696, 1638
197630, 1638
159264, 1636
97209, 1635
198430, 1635
202648, 1635
63080, 1634
134684, 1633
86979, 1631
166390, 1631
178886, 1631
205222, 1631
257513, 1631
122232, 1629
80595, 1627
116513, 1627
219199, 1627
69111, 1625
69382, 1625
100006, 1625
115634, 1625
232294, 1625
70598, 1624
78256, 1624
231180, 1624
12366, 1623
31288, 1623
55986, 1623
61630, 1623
66732, 1623
90052, 1623
90299, 1623
102111, 1623
122386, 1623
131820, 1623
149498, 1623
166834, 1623
168906, 1623
181647, 1623
184701, 1623
190217, 1623
211590, 1623
231070, 1623
241286, 1623
262514, 1623
275646, 1623
276745, 1623
246334, 1619
284692, 1619
41199, 1617
61416, 1617
108775, 1617
146528, 1617
149896, 1617
160219, 1617
231556, 1617
109385, 1616
179430, 1616
198818, 1616
208848, 1616
55424, 1615
25890, 1614
91083, 1614
96196, 1614
158714, 1614
161649, 1614
185001, 1614
196513, 1614
276991, 1614
56203, 1613
76833, 1613
77496, 1613
82115, 1613
83556, 1613
107004, 1613
111832, 1613
116473, 1613
153446, 1613
223759, 1613
166, 1612
143527, 1610
253211, 1610
10847, 1608
12046, 1608
81639, 1608
121661, 1608
118536, 1607
281944, 1607
295410, 1607
69692, 1605
78110, 1605
123998, 1605
146778, 1605
150470, 1605
283870, 1605
196687, 1603
168106, 1602
273275, 1601
100201, 1600
114692, 1597
230407, 1597
41071, 1594
151475, 1594
21962, 1593
91212, 1592
98244, 1592
113577, 1592
197275, 1592
33503, 1591
46089, 1591
94654, 1591
96360, 1591
100441, 1591
144202, 1591
145983, 1591
163142, 1591
170183, 1591
206175, 1591
53636, 1588
225275, 1588
231785, 1588
217299, 1587
195229, 1586
241731, 1586
164672, 1584
271015, 1584
50194, 1580
121194, 1580
158929, 1580
191676, 1580
238636, 1580
265044, 1580
275015, 1580
86058, 1579
96653, 1579
107452, 1579
117724, 1579
134189, 1579
145678, 1579
147225, 1579
149139, 1579
199609, 1579
218166, 1579
231924, 1579
251106, 1579
253633, 1579
264233, 1579
267381, 1579
273409, 1579
274334, 1579
281649, 1579
291689, 1579
292176, 1579
296122, 1579
60471, 1577
68762, 1577
186903, 1577
208304, 1577
212938, 1577
158117, 1574
164379, 1574
244990, 1573
249709, 1573
20604, 1572
152269, 1572
37322, 1570
59052, 1570
64748, 1570
100849, 1570
154261, 1570
241379, 1570
243800, 1570
276713, 1570
292517, 1570
132631, 1567
229959, 1567
287650, 1566
143706, 1564
296420, 1564
26392, 1563
214385, 1563
234015, 1563
57709, 1561
31560, 1559
87078, 1559
111399, 1559
153567, 1559
70822, 1557
81888, 1557
29519, 1556
180631, 1556
186127, 1556
198700, 1556
266559, 1556
38501, 1555
92834, 1555
256733, 1555
4460, 1554
31051, 1554
102015, 1554
109581, 1554
206746, 1550
41944, 1546
267155, 1546
194980, 1545
7506, 1544
48823, 1544
138027, 1544
168056, 1544
192840, 1544
166839, 1542
17563, 1541
34309, 1541
78747, 1541
93987, 1541
112410, 1541
119185, 1541
79979, 1540
89698, 1540
206285, 1540
207046, 1540
215259, 1540
220390, 1540
241442, 1540
253889, 1540
255249, 1540
260003, 1540
269401, 1540
289049, 1540
290216, 1540
53697, 1538
58284, 1538
69201, 1538
98763, 1538
217964, 1538
51100, 1537
181772, 1537
197336, 1537
229113, 1537
270192, 1537
92726, 1536
189444, 1536
280925, 1536
294218, 1536
23125, 1534
178392, 1534
16174, 1532
52328, 1532
210859, 1531
98087, 1530
102774, 1530
293450, 1530
159906, 1529
282448, 1529
222900, 1528
102662, 1525
255244, 1525
278025, 1525
78338, 1524
229585, 1524
240089, 1524
252910, 1522
124207, 1519
174400, 1519
20554, 1517
82934, 1517
9508, 1516
90069, 1515
81020, 1514
40875, 1511
59492, 1511
285134, 1511
285502, 1511
75498, 1508
38941, 1506
40441, 1506
60526, 1505
271983, 1505
43589, 1503
130981, 1503
83818, 1502
89140, 1502
134663, 1502
147197, 1502
2648, 1501
89974, 1501
111557, 1501
154815, 1501
183233, 1501
187527, 1501
202715, 1501
203430, 1501
209397, 1501
222843, 1501
242153, 1501
248885, 1501
250359, 1501
287541, 1501
138799, 1499
231949, 1498
255831, 1497
8022, 1495
81842, 1495
97382, 1495
164232, 1495
6571, 1494
180144, 1494
16450, 1493
40020, 1493
75913, 1493
182961, 1493
272757, 1493
283446, 1493
289686, 1493
41435, 1492
67821, 1492
184453, 1492
195419, 1492
264985, 1492
24216, 1491
74846, 1491
163040, 1490
98902, 1488
91612, 1487
120442, 1487
259893, 1487
260917, 1487
296527, 1487
13284, 1486
199684, 1486
169937, 1485
190238, 1485
194626, 1485
62037, 1483
123766, 1483
161207, 1483
214148, 1483
250293, 1483
255324, 1480
254361, 1479
20701, 1478
68193, 1478
146416, 1475
274265, 1475
34023, 1474
139121, 1474
141460, 1474
289104, 1474
19845, 1473
48783, 1473
163233, 1473
205790, 1473
279548, 1473
279959, 1473
29392, 1471
286929, 1471
12510, 1470
61805, 1470
122612, 1470
143758, 1470
25042, 1468
37344, 1468
38483, 1468
86761, 1468
89881, 1468
107229, 1468
112721, 1468
217950, 1468
156652, 1467
231201, 1467
51598, 1465
95003, 1465
281053, 1465
213471, 1464
44148, 1463
53515, 1463
49374, 1460
160923, 1460
164683, 1460
2413, 1458
94778, 1458
157298, 1458
206189, 1458
276090, 1458
284868, 1458
288559, 1454
47102, 1453
73221, 1453
91792, 1453
165324, 1453
205025, 1453
205198, 1453
243845, 1453
270348, 1453
59401, 1452
168320, 1452
268345, 1452
231668, 1451
260177, 1451
141364, 1450
286240, 1450
247530, 1449
56518, 1448
82277, 1448
100878, 1448
47487, 1446
128417, 1444
117217, 1443
194025, 1443
253681, 1443
153389, 1438
13914, 1435
189138, 1435
236312, 1435
63761, 1431
121144, 1431
177428, 1431
283136, 1431
88351, 1428
289474, 1428
40735, 1427
187007, 1426
295992, 1426
80335, 1425
76059, 1424
215147, 1424
220380, 1424
206347, 1423
63282, 1422
111273, 1422
67745, 1419
49158, 1418
60619, 1418
38911, 1417
76674, 1417
77102, 1417
7021, 1416
19642, 1416
76046, 1416
282467, 1416
104737, 1412
267701, 1410
258942, 1408
271758, 1407
295259, 1403
205016, 1402
112, 1401
107798, 1399
228397, 1399
220109, 1398
10862, 1397
88680, 1397
149358, 1397
159415, 1397
147075, 1396
147137, 1396
194197, 1396
238249, 1396
244600, 1396
247469, 1396
250673, 1396
259149, 1396
280371, 1396
281725, 1396
123332, 1395
3863, 1394
232697, 1390
255701, 1390
13306, 1388
57599, 1388
94292, 1388
180526, 1388
66768, 1386
269966, 1386
14511, 1385
203040, 1384
3272, 1379
17291, 1379
115612, 1379
185668, 1379
167567, 1378
15271, 1376
66382, 1375
228775, 1375
246395, 1375
3845, 1370
29279, 1368
47521, 1368
135705, 1368
144788, 1367
179628, 1367
296418, 1367
124682, 1366
62173, 1365
208647, 1365
240197, 1363
213689, 1361
19860, 1360
25551, 1360
73353, 1360
21619, 1359
33527, 1359
293458, 1358
38381, 1357
76644, 1354
167870, 1354
240777, 1354
22184, 1351
282055, 1351
182186, 1350
11887, 1346
46451, 1346
79220, 1346
157220, 1346
289542, 1346
99409, 1344
279141, 1344
26525, 1343
225683, 1343
246861, 1342
265909, 1340
51936, 1338
2315, 1337
21298, 1337
139414, 1337
265769, 1337
6843, 1336
7016, 1336
82177, 1335
232788, 1334
64735, 1333
108030, 1333
120846, 1333
210112, 1333
214718, 1333
230387, 1333
235156, 1333
284924, 1333
352, 1332
126296, 1332
295923, 1332
7422, 1331
153527, 1331
236964, 1329
203363, 1328
225486, 1328
188811, 1323
219421, 1320
13228, 1319
48356, 1319
59852, 1319
79317, 1319
88785, 1319
89819, 1319
98440, 1319
98561, 1319
105907, 1319
107068, 1319
114287, 1319
128994, 1319
133516, 1319
135243, 1319
171729, 1319
206242, 1319
211151, 1319
213936, 1319
262866, 1319
278330, 1319
78786, 1318
50727, 1317
82935, 1315
85464, 1315
86374, 1315
95656, 1315
100706, 1315
120066, 1315
124195, 1315
126157, 1315
127975, 1315
132188, 1315
136396, 1315
139224, 1315
141203, 1315
148757, 1315
151065, 1315
163648, 1315
171279, 1315
206507, 1315
249852, 1315
260774, 1315
267342, 1315
267608, 1315
287069, 1315
26280, 1314
63707, 1314
142228, 1314
235137, 1314
290578, 1314
35367, 1313
101469, 1313
13543, 1312
207687, 1312
19457, 1311
24502, 1311
33219, 1311
36299, 1311
59637, 1311
63242, 1311
70622, 1311
76418, 1311
81631, 1311
85249, 1311
88356, 1311
89648, 1311
97649, 1311
112790, 1311
113106, 1311
115698, 1311
128948, 1311
134450, 1311
137292, 1311
138923, 1311
149257, 1311
159583, 1311
198956, 1311
230953, 1311
243017, 1311
257172, 1311
261051, 1311
276945, 1311
293704, 1309
29132, 1308
123233, 1308
185942, 1308
201125, 1308
240594, 1306
51101, 1305
154501, 1304
183428, 1303
46394, 1300
81816, 1299
255670, 1298
82720, 1297
206593, 1297
244873, 1297
279143, 1297
286635, 1297
61015, 1296
84314, 1296
108346, 1296
134724, 1296
174530, 1296
279747, 1296
72024, 1293
159263, 1293
294695, 1293
6225, 1291
14673, 1291
27544, 1290
37253, 1290
40478, 1290
55771, 1290
108427, 1290
140014, 1290
180459, 1290
230493, 1290
276629, 1290
115735, 1289
260637, 1289
136135, 1288
157514, 1288
184549, 1288
231362, 1288
231399, 1288
242323, 1288
27986, 1287
37594, 1287
67844, 1286
202120, 1286
226984, 1286
38798, 1285
95823, 1285
218435, 1285
260645, 1285
163406, 1283
219724, 1283
228781, 1283
3564, 1282
163848, 1282
77712, 1281
106773, 1280
112202, 1280
153565, 1280
262222, 1280
269257, 1280
569, 1277
22922, 1276
27621, 1276
102733, 1276
292395, 1276
293207, 1276
31520, 1275
38343, 1275
42310, 1275
42810, 1275
60039, 1275
60073, 1275
63003, 1275
71793, 1275
72461, 1275
87442, 1275
91022, 1275
96572, 1275
98216, 1275
99188, 1275
108531, 1275
124344, 1275
132110, 1275
135486, 1275
149734, 1275
149941, 1275
163541, 1275
185105, 1275
254274, 1275
257067, 1275
25171, 1273
134318, 1273
151815, 1273
161236, 1273
173709, 1273
190539, 1273
207589, 1273
216654, 1273
240582, 1273
241141, 1273
57861, 1272
130276, 1272
155569, 1272
268457, 1272
133286, 1271
165741, 1271
178184, 1271
209067, 1271
63749, 1269
100241, 1269
176879, 1269
217425, 1269
122199, 1268
42361, 1266
138593, 1266
182335, 1266
27885, 1264
110925, 1264
28224, 1263
40816, 1263
57570, 1263
263195, 1263
283469, 1262
181464, 1261
4721, 1260
8756, 1260
10479, 1260
10585, 1260
16282, 1260
62563, 1260
84304, 1260
114923, 1260
119277, 1260
121377, 1260
122664, 1260
193071, 1260
214357, 1260
249163, 1260
266213, 1260
266215, 1260
269419, 1260
155768, 1259
3818, 1258
17614, 1258
63608, 1258
65622, 1258
86789, 1258
183190, 1258
49082, 1257
61480, 1257
261183, 1257
276749, 1257
90109, 1256
179214, 1256
28532, 1255
60908, 1255
73804, 1255
76198, 1255
90370, 1255
110661, 1255
132440, 1255
179220, 1255
201314, 1255
201351, 1255
234208, 1255
282059, 1255
13189, 1254
48613, 1254
66042, 1254
101148, 1254
113342, 1254
226596, 1254
19456, 1253
34297, 1253
41086, 1253
78645, 1253
89000, 1253
117829, 1253
179169, 1253
256146, 1253
268086, 1253
24996, 1252
128840, 1250
95460, 1249
128636, 1249
897, 1248
88924, 1248
202496, 1248
229701, 1248
281, 1246
286480, 1246
54882, 1245
57147, 1245
78675, 1245
129603, 1245
140801, 1245
160217, 1245
181835, 1245
293023, 1245
24055, 1244
34316, 1244
39276, 1244
95160, 1244
140229, 1244
101808, 1243
105833, 1243
127754, 1243
138034, 1243
147509, 1243
171722, 1243
179414, 1243
181300, 1243
198823, 1243
203750, 1243
218232, 1243
247365, 1243
258780, 1243
295503, 1243
174442, 1242
215590, 1242
160695, 1241
264916, 1241
25315, 1240
34645, 1240
19451, 1239
114256, 1239
180080, 1239
27, 1238
271338, 1238
176508, 1236
265926, 1236
43511, 1235
92940, 1235
95055, 1235
98862, 1235
125107, 1235
142287, 1235
157961, 1235
158484, 1235
184285, 1235
187401, 1235
189622, 1235
240886, 1235
254617, 1235
255583, 1235
256815, 1235
15361, 1234
63745, 1234
73053, 1234
111725, 1234
151256, 1234
170102, 1234
141481, 1233
218494, 1233
221742, 1233
15849, 1232
35274, 1232
46047, 1232
93959, 1232
175413, 1232
178096, 1232
197034, 1232
222166, 1232
274204, 1232
48828, 1231
88062, 1231
269985, 1231
131407, 1230
148304, 1230
166445, 1230
203628, 1230
65137, 1229
281391, 1229
282383, 1229
58412, 1228
265274, 1227
5470, 1226
110613, 1226
21577, 1225
22385, 1225
33320, 1225
67413, 1225
71964, 1225
74413, 1225
88901, 1225
122977, 1225
153643, 1225
155531, 1225
179641, 1225
192901, 1225
264766, 1225
19649, 1224
71484, 1224
280705, 1224
283095, 1224
107986, 1223
246451, 1223
973, 1222
3828, 1222
173477, 1222
275561, 1222
286940, 1222
43676, 1221
45391, 1221
49846, 1221
74803, 1221
78247, 1221
126388, 1221
178688, 1221
230972, 1221
233294, 1221
236149, 1221
242122, 1221
283642, 1221
23338, 1220
281740, 1220
211503, 1219
282080, 1219
45331, 1218
102937, 1218
105395, 1218
83203, 1217
91173, 1217
142603, 1217
207790, 1217
159820, 1216
48779, 1215
50380, 1215
54698, 1215
86881, 1215
110688, 1215
128280, 1215
137068, 1215
244190, 1215
250834, 1215
283970, 1215
222217, 1214
242066, 1214
52065, 1213
54834, 1213
60317, 1213
111121, 1213
146991, 1213
208642, 1213
214258, 1213
240682, 1213
86016, 1211
139649, 1211
157865, 1211
114334, 1210
39442, 1209
91611, 1209
142696, 1209
179235, 1209
9373, 1206
50588, 1206
50981, 1206
80091, 1206
124714, 1206
244628, 1206
256831, 1206
266491, 1206
291159, 1206
31795, 1205
222850, 1205
20347, 1204
79267, 1204
122963, 1204
239141, 1204
37348, 1203
61602, 1203
113447, 1203
173720, 1203
75660, 1202
76586, 1202
193420, 1201
42733, 1200
119115, 1200
160585, 1200
232073, 1199
71139, 1198
250515, 1197
164411, 1196
164784, 1196
204503, 1196
235361, 1196
267758, 1196
269125, 1196
277932, 1196
281673, 1195
16991, 1194
39875, 1194
48821, 1194
231393, 1194
95844, 1193
106650, 1193
142499, 1193
167502, 1193
229619, 1193
231860, 1193
275832, 1193
286905, 1193
82251, 1192
135903, 1192
160576, 1192
160824, 1192
162517, 1192
179755, 1192
181970, 1192
203698, 1192
204715, 1192
213798, 1192
227233, 1192
3734, 1191
36944, 1191
180221, 1191
245690, 1191
294940, 1191
58036, 1190
65690, 1190
81405, 1190
109938, 1190
114794, 1190
152962, 1190
154671, 1190
231796, 1190
236774, 1190
246642, 1190
266978, 1190
16088, 1189
86748, 1189
137563, 1189
186878, 1189
196041, 1189
252401, 1189
254766, 1189
276788, 1189
279872, 1189
279998, 1189
292447, 1189
96001, 1188
117260, 1188
67479, 1187
86662, 1187
197764, 1187
155955, 1186
156682, 1186
158286, 1186
235332, 1186
62556, 1185
108869, 1185
128665, 1185
143747, 1185
163618, 1185
233360, 1185
292132, 1185
92099, 1184
198330, 1184
227285, 1184
266986, 1182
271846, 1182
282526, 1182
7516, 1181
274908, 1181
247183, 1180
112550, 1179
162121, 1179
173535, 1179
232204, 1179
258556, 1179
483, 1178
1959, 1178
70833, 1178
153730, 1178
175258, 1178
255522, 1178
265574, 1178
269970, 1178
3899, 1177
28152, 1177
132881, 1177
198347, 1177
200671, 1177
208483, 1176
260416, 1176
14800, 1175
15033, 1175
171905, 1175
208022, 1175
273926, 1175
46200, 1174
151688, 1174
6848, 1173
8915, 1173
181733, 1173
236525, 1173
50836, 1171
58973, 1171
106084, 1171
4090, 1170
114102, 1170
260344, 1170
7759, 1169
32672, 1169
289, 1167
295, 1167
5442, 1167
8617, 1167
9211, 1167
11063, 1167
22426, 1167
40067, 1167
64409, 1167
101624, 1167
118822, 1167
167924, 1167
210997, 1167
24586, 1166
12393, 1165
30570, 1165
43654, 1165
187889, 1165
217885, 1165
291585, 1165
24699, 1164
96989, 1164
106732, 1163
164809, 1163
181394, 1163
251364, 1163
256551, 1163
280957, 1163
283005, 1163
52296, 1161
149573, 1161
158847, 1161
972, 1160
107825, 1159
12756, 1157
66680, 1157
67549, 1157
68948, 1157
94110, 1157
133138, 1157
176259, 1157
203809, 1157
231424, 1157
235653, 1157
274310, 1157
3844, 1156
11845, 1156
132123, 1156
185982, 1156
258805, 1156
16156, 1155
10815, 1154
15260, 1154
70716, 1154
95084, 1154
143740, 1154
164846, 1154
219886, 1154
6735, 1153
15081, 1153
172945, 1152
200862, 1152
225074, 1152
253516, 1152
56955, 1151
266511, 1151
15364, 1149
68140, 1149
222626, 1149
56417, 1148
166668, 1148
32356, 1147
124135, 1147
293903, 1147
97623, 1146
192629, 1146
226500, 1146
1589, 1145
52878, 1145
77154, 1145
175311, 1145
181358, 1145
4518, 1143
23942, 1143
27103, 1143
225510, 1143
247722, 1143
295313, 1143
16444, 1142
35215, 1142
77877, 1142
78644, 1142
83883, 1142
2409, 1141
7125, 1141
110015, 1141
31710, 1140
49564, 1140
62897, 1140
75797, 1140
76252, 1140
145290, 1140
151948, 1140
176582, 1140
199253, 1140
202285, 1140
84113, 1139
176243, 1139
178280, 1139
83475, 1138
88945, 1138
92285, 1138
96948, 1138
98428, 1138
159524, 1138
255352, 1138
255698, 1138
258034, 1138
8882, 1137
12911, 1137
22946, 1137
23543, 1137
44275, 1137
149015, 1137
183125, 1137
209329, 1137
257829, 1137
160848, 1136
171255, 1136
272524, 1136
286450, 1136
290063, 1136
18032, 1135
54880, 1135
199770, 1135
220472, 1135
233727, 1135
248154, 1134
4455, 1133
5209, 1133
5466, 1133
15200, 1133
31723, 1133
35295, 1133
37926, 1133
123691, 1133
171153, 1133
243782, 1133
277537, 1133
277650, 1133
290634, 1133
19274, 1132
257953, 1132
103276, 1131
166534, 1131
196967, 1131
295807, 1131
8242, 1130
89615, 1129
230970, 1129
252509, 1129
256215, 1129
263141, 1129
283466, 1129
81072, 1128
176652, 1128
1956, 1127
9505, 1127
117320, 1127
148121, 1127
271760, 1127
27961, 1126
38761, 1126
184984, 1126
219853, 1126
288676, 1126
90398, 1125
289340, 1125
67279, 1124
111962, 1124
200438, 1124
204241, 1124
283094, 1124
8650, 1123
9725, 1123
13683, 1123
256652, 1123
15228, 1122
47247, 1122
60865, 1122
88552, 1122
261329, 1122
263339, 1122
2183, 1121
61881, 1120
66593, 1120
85578, 1120
106445, 1120
113242, 1120
115867, 1120
123671, 1120
161101, 1120
182694, 1120
284452, 1120
192738, 1119
214737, 1119
237932, 1119
269233, 1119
273261, 1119
405, 1118
153725, 1116
27419, 1115
74380, 1114
77429, 1114
259313, 1114
20372, 1113
79657, 1113
160618, 1113
219437, 1113
84486, 1112
97238, 1112
160119, 1112
194168, 1112
4035, 1111
154864, 1110
188486, 1110
242182, 1110
251361, 1109
2540, 1108
66859, 1108
116957, 1108
158944, 1108
166626, 1108
176565, 1108
211120, 1108
231426, 1108
249072, 1108
251723, 1108
270425, 1108
268974, 1107
58881, 1106
74285, 1106
76571, 1106
82369, 1106
84808, 1106
89603, 1106
94355, 1106
191558, 1106
1187, 1105
8323, 1105
10490, 1105
16147, 1105
47239, 1105
50888, 1105
132145, 1105
140449, 1105
158220, 1105
246423, 1105
259774, 1105
268642, 1105
290190, 1105
2115, 1104
21098, 1104
101734, 1104
170340, 1104
26931, 1103
31444, 1103
57150, 1103
61179, 1103
71613, 1103
87526, 1103
115795, 1103
134110, 1103
141306, 1103
163563, 1103
176044, 1103
200165, 1103
217293, 1103
224354, 1103
245680, 1103
246405, 1103
255876, 1103
258087, 1103
269186, 1103
276796, 1103
296103, 1103
85657, 1102
157109, 1102
196488, 1102
258385, 1102
276655, 1102
15682, 1101
62148, 1101
77400, 1101
81409, 1101
134649, 1101
148711, 1101
152235, 1101
154285, 1101
182909, 1101
207507, 1101
221421, 1101
226821, 1101
234408, 1101
234537, 1101
245298, 1101
247302, 1101
251303, 1101
258821, 1101
262157, 1101
264351, 1101
275811, 1101
284887, 1101
3876, 1100
5217, 1100
68491, 1100
101046, 1100
201685, 1100
223747, 1100
278008, 1100
295686, 1100
45353, 1099
222020, 1099
239351, 1099
45701, 1098
60326, 1098
107212, 1098
130365, 1098
144758, 1098
153551, 1098
160612, 1098
162323, 1098
32251, 1097
47238, 1097
118645, 1097
162185, 1097
235809, 1097
240768, 1097
26851, 1096
39794, 1096
83841, 1096
103700, 1096
112255, 1096
120507, 1096
121083, 1096
162574, 1096
178959, 1096
212206, 1096
237759, 1096
5313, 1095
15546, 1095
40681, 1095
82045, 1095
87476, 1095
91095, 1095
130005, 1095
134032, 1095
146794, 1095
161607, 1095
172141, 1095
177969, 1095
179566, 1095
180748, 1095
250916, 1095
251556, 1095
273730, 1095
141153, 1094
114926, 1093
179727, 1093
246356, 1093
270739, 1093
42182, 1092
92581, 1092
273803, 1092
23889, 1091
25420, 1091
39280, 1091
51933, 1091
53997, 1091
87708, 1091
160554, 1091
163515, 1091
168859, 1091
200312, 1091
247326, 1091
249934, 1091
251734, 1091
258808, 1091
286932, 1091
12676, 1090
13262, 1090
44044, 1090
57078, 1090
85110, 1090
104850, 1090
180672, 1090
183896, 1090
202066, 1090
204997, 1090
210103, 1090
216884, 1090
217794, 1090
224116, 1090
239922, 1090
273391, 1090
277125, 1090
278147, 1090
280860, 1090
283028, 1090
33973, 1089
34794, 1089
34988, 1089
41059, 1089
57771, 1089
76723, 1089
95860, 1089
116669, 1089
128826, 1089
142538, 1089
167953, 1089
190253, 1089
192389, 1089
195215, 1089
206631, 1089
221454, 1089
257532, 1089
260182, 1089
266457, 1089
276211, 1089
5485, 1088
9482, 1088
64456, 1088
168841, 1088
199080, 1088
214182, 1088
222667, 1088
241270, 1088
280041, 1088
284326, 1088
58662, 1087
155053, 1087
211948, 1087
6467, 1086
65739, 1086
119084, 1086
186397, 1086
194753, 1086
210511, 1086
219582, 1086
221925, 1086
228529, 1086
247787, 1086
248070, 1086
295589, 1086
23503, 1085
103453, 1085
110118, 1085
119956, 1085
122077, 1085
122988, 1085
147214, 1085
158816, 1085
159103, 1085
167200, 1085
170335, 1085
173648, 1085
194833, 1085
197838, 1085
198533, 1085
231452, 1085
250525, 1085
256043, 1085
263666, 1085
267323, 1085
267730, 1085
282379, 1085
289767, 1085
17783, 1084
190408, 1084
260287, 1084
279584, 1084
22902, 1083
43310, 1083
152830, 1083
224850, 1083
229689, 1083
240222, 1083
246314, 1083
275548, 1083
77108, 1082
79335, 1082
91602, 1082
94552, 1082
220471, 1082
10728, 1081
14757, 1081
143367, 1081
144472, 1081
156749, 1081
166973, 1081
199850, 1081
220271, 1081
229016, 1081
229944, 1081
244099, 1081
252929, 1081
280252, 1081
283522, 1081
289926, 1081
294289, 1081
66433, 1080
77240, 1080
109444, 1080
118634, 1080
147286, 1080
170808, 1080
173192, 1080
175692, 1080
186366, 1080
232448, 1080
246136, 1080
249345, 1080
260775, 1080
263771, 1080
277110, 1080
278219, 1080
105093, 1079
133588, 1079
214599, 1079
75958, 1078
121028, 1078
154986, 1078
192063, 1078
205172, 1078
209188, 1078
231504, 1078
238279, 1078
271610, 1078
43825, 1077
61202, 1077
151989, 1077
178685, 1077
180528, 1077
211134, 1077
221554, 1077
237404, 1077
264364, 1077
42159, 1076
67496, 1076
68093, 1076
128593, 1076
164300, 1076
224084, 1076
280616, 1076
23988, 1075
33378, 1075
34948, 1075
141964, 1075
174458, 1075
189695, 1075
205942, 1075
231872, 1075
16618, 1074
18568, 1074
21955, 1074
42215, 1074
77737, 1074
115362, 1074
116115, 1074
132780, 1074
145838, 1074
185852, 1074
187917, 1074
197939, 1074
205154, 1074
207455, 1074
241403, 1074
247401, 1074
258153, 1074
268343, 1074
281952, 1074
284303, 1074
291014, 1074
117456, 1073
127988, 1073
179298, 1073
193090, 1073
195597, 1073
198156, 1073
251698, 1073
261586, 1073
277497, 1073
280257, 1073
1228, 1072
2178, 1072
61968, 1072
66921, 1072
89590, 1072
108376, 1072
113076, 1072
119101, 1072
135808, 1072
151816, 1072
151941, 1072
161238, 1072
169241, 1072
171367, 1072
189538, 1072
196702, 1072
223320, 1072
227813, 1072
256468, 1072
288238, 1072
41005, 1071
114515, 1071
192290, 1071
198572, 1071
267952, 1071
270331, 1071
275171, 1071
280819, 1071
160764, 1070
243123, 1070
250238, 1070
271893, 1070
9704, 1069
12862, 1069
88744, 1069
132219, 1069
163732, 1069
296127, 1069
24872, 1068
56430, 1068
58760, 1068
67058, 1068
88439, 1068
93974, 1068
95897, 1068
97596, 1068
98520, 1068
98713, 1068
103555, 1068
115701, 1068
116488, 1068
127923, 1068
131038, 1068
133133, 1068
135065, 1068
136509, 1068
138946, 1068
140431, 1068
141539, 1068
151732, 1068
167181, 1068
171769, 1068
175214, 1068
195320, 1068
203185, 1068
208754, 1068
218035, 1068
218075, 1068
219946, 1068
220197, 1068
225236, 1068
225982, 1068
243890, 1068
245406, 1068
246231, 1068
257435, 1068
267986, 1068
268714, 1068
269564, 1068
272944, 1068
275036, 1068
275340, 1068
279659, 1068
282863, 1068
289289, 1068
36645, 1067
40253, 1067
42248, 1067
197010, 1067
70713, 1066
131107, 1066
204578, 1066
256061, 1066
292764, 1066
18040, 1065
66825, 1065
128326, 1065
173919, 1065
243918, 1065
27258, 1064
115796, 1064
122892, 1064
124709, 1064
216552, 1064
24020, 1063
35720, 1063
40388, 1063
66560, 1063
142610, 1063
157404, 1063
171051, 1063
171227, 1063
171348, 1063
176347, 1063
185667, 1063
266686, 1063
70166, 1062
136430, 1062
19422, 1061
26317, 1061
29298, 1061
42611, 1061
46000, 1061
49800, 1061
59730, 1061
71804, 1061
81467, 1061
96702, 1061
98614, 1061
99074, 1061
99282, 1061
100177, 1061
106667, 1061
111256, 1061
118926, 1061
123562, 1061
132549, 1061
153331, 1061
164823, 1061
185658, 1061
186450, 1061
192864, 1061
195899, 1061
210447, 1061
210853, 1061
213079, 1061
213591, 1061
214489, 1061
214557, 1061
215516, 1061
215647, 1061
219180, 1061
224498, 1061
227330, 1061
235047, 1061
236133, 1061
237230, 1061
243194, 1061
248661, 1061
253232, 1061
254054, 1061
257695, 1061
270464, 1061
271077, 1061
282741, 1061
286953, 1061
291420, 1061
83288, 1060
126227, 1060
181227, 1060
187710, 1060
202202, 1060
208190, 1060
225562, 1060
245877, 1060
658, 1059
1516, 1059
25521, 1059
26522, 1059
40504, 1059
40662, 1059
45219, 1059
49404, 1059
54685, 1059
55798, 1059
56306, 1059
56332, 1059
62137, 1059
62343, 1059
67315, 1059
75442, 1059
80791, 1059
84371, 1059
85643, 1059
85881, 1059
96252, 1059
97567, 1059
115911, 1059
118466, 1059
119287, 1059
126095, 1059
130686, 1059
132633, 1059
138499, 1059
139701, 1059
140962, 1059
154047, 1059
156387, 1059
159857, 1059
177367, 1059
178083, 1059
179080, 1059
187053, 1059
190382, 1059
194063, 1059
195966, 1059
198717, 1059
201854, 1059
203407, 1059
203673, 1059
204148, 1059
208424, 1059
209104, 1059
212911, 1059
213818, 1059
214923, 1059
218737, 1059
226970, 1059
241862, 1059
243513, 1059
252505, 1059
255294, 1059
257684, 1059
258922, 1059
260929, 1059
261391, 1059
267391, 1059
274820, 1059
275988, 1059
277784, 1059
278143, 1059
279012, 1059
282567, 1059
292940, 1059
18873, 1058
47148, 1058
31471, 1057
32031, 1057
87171, 1057
117650, 1057
181829, 1057
2478, 1056
39511, 1056
165736, 1056
176754, 1056
195427, 1056
137818, 1055
142358, 1055
151675, 1055
237245, 1055
249183, 1055
31153, 1054
34866, 1054
91888, 1054
100875, 1054
130716, 1054
146346, 1054
159156, 1054
251921, 1054
264440, 1054
270479, 1054
8435, 1053
25235, 1053
38987, 1053
56034, 1053
84363, 1053
88922, 1053
93422, 1053
97896, 1053
135007, 1053
224060, 1053
249048, 1053
262727, 1053
43347, 1052
177847, 1052
182325, 1052
196984, 1052
253787, 1052
273293, 1052
39176, 1051
59470, 1051
89359, 1051
97548, 1051
105070, 1051
118505, 1051
213706, 1051
218140, 1051
279059, 1051
7795, 1050
236646, 1050
261715, 1050
19595, 1049
29376, 1049
56696, 1049
90474, 1049
144339, 1049
171174, 1049
173986, 1049
179137, 1049
198451, 1049
221505, 1049
15195, 1048
64741, 1048
78237, 1048
82419, 1048
89551, 1048
119788, 1048
135275, 1048
173582, 1048
195131, 1048
221016, 1048
271018, 1048
291030, 1048
292227, 1048
295750, 1048
21438, 1047
23351, 1047
63410, 1047
67382, 1047
81071, 1047
102592, 1047
113905, 1047
139499, 1047
154818, 1047
181107, 1047
182623, 1047
184448, 1047
206968, 1047
207319, 1047
225846, 1047
253022, 1047
287889, 1047
45286, 1046
50803, 1046
57267, 1046
75939, 1046
75962, 1046
122619, 1046
145172, 1046
175955, 1046
176345, 1046
176833, 1046
178995, 1046
181678, 1046
182443, 1046
190805, 1046
196004, 1046
216715, 1046
242742, 1046
246003, 1046
246474, 1046
254267, 1046
282692, 1046
108771, 1045
205044, 1045
237753, 1045
243889, 1045
290224, 1045
54254, 1044
57930, 1044
141096, 1044
146607, 1044
203204, 1044
248960, 1044
262311, 1044
267688, 1044
273460, 1044
278185, 1044
288562, 1044
293417, 1044
8225, 1043
61895, 1043
97796, 1043
120662, 1043
122986, 1043
140312, 1043
157876, 1043
222638, 1043
250532, 1043
265913, 1043
273116, 1043
296145, 1043
7802, 1042
30107, 1042
67512, 1042
104071, 1042
110389, 1042
135982, 1042
140586, 1042
173662, 1042
177536, 1042
193131, 1042
244876, 1042
25502, 1041
30546, 1041
36954, 1041
52124, 1041
109606, 1041
9175, 1040
30387, 1040
42423, 1040
48631, 1040
50909, 1040
99266, 1040
133256, 1040
137607, 1040
153264, 1040
154664, 1040
206323, 1040
210827, 1040
239945, 1040
274371, 1040
3422, 1039
57134, 1039
57399, 1039
60923, 1039
75177, 1039
82898, 1039
92410, 1039
117841, 1039
117886, 1039
133824, 1039
172112, 1039
224922, 1039
227892, 1039
237262, 1039
258159, 1039
270406, 1039
287983, 1039
3395, 1038
22245, 1038
36288, 1038
101458, 1038
120337, 1038
127653, 1038
128925, 1038
163569, 1038
197071, 1038
233966, 1038
235460, 1038
22874, 1037
31478, 1037
38718, 1037
94403, 1037
129513, 1037
148389, 1037
194007, 1037
201379, 1037
226506, 1037
241768, 1037
261863, 1037
276411, 1037
80618, 1036
90931, 1036
177055, 1036
227262, 1036
249100, 1036
255725, 1036
280429, 1036
2118, 1035
22405, 1035
61551, 1035
93834, 1035
104348, 1035
143812, 1035
201157, 1035
271513, 1035
7210, 1034
82518, 1034
109728, 1034
119269, 1034
120476, 1034
135597, 1034
159700, 1034
163505, 1034
242357, 1034
276874, 1034
1213, 1033
238894, 1033
251201, 1033
56245, 1032
83286, 1032
175540, 1032
221893, 1032
259727, 1032
280453, 1032
26824, 1031
46795, 1031
65922, 1031
136863, 1031
145714, 1031
188751, 1031
230717, 1031
12897, 1030
56115, 1030
75544, 1030
79379, 1030
142835, 1030
151885, 1030
156813, 1030
157442, 1030
157649, 1030
193503, 1030
210679, 1030
215996, 1030
226574, 1030
237183, 1030
254625, 1030
277495, 1030
284272, 1030
292656, 1030
88558, 1029
89048, 1029
111682, 1029
155702, 1029
160272, 1029
186822, 1029
202936, 1029
220076, 1029
230187, 1029
231438, 1029
233878, 1029
259709, 1029
269942, 1029
280638, 1029
284497, 1029
252210, 1028
256216, 1028
83163, 1027
127277, 1027
133125, 1027
136611, 1027
196706, 1027
238042, 1027
253875, 1027
289449, 1027
289696, 1027
197406, 1026
273351, 1026
26990, 1025
34830, 1025
145991, 1025
224605, 1025
247251, 1025
247953, 1025
6904, 1024
17070, 1024
19864, 1024
29085, 1024
38120, 1024
48449, 1024
77504, 1024
164265, 1024
193256, 1024
206073, 1024
230217, 1024
249409, 1024
296545, 1024
159994, 1023
166492, 1023
177618, 1023
250001, 1023
5036, 1022
87974, 1022
204281, 1022
223113, 1022
229310, 1022
236750, 1022
237191, 1022
243009, 1022
245126, 1022
281579, 1022
139798, 1021
19159, 1020
67327, 1020
132418, 1020
186278, 1020
188003, 1020
264283, 1020
272228, 1020
3289, 1019
20427, 1019
238358, 1019
52731, 1018
123701, 1018
146180, 1018
168310, 1018
172446, 1018
184172, 1018
275365, 1018
280465, 1018
2048, 1017
22370, 1017
28108, 1017
47259, 1017
62794, 1017
102135, 1017
164598, 1017
224106, 1017
239551, 1017
248402, 1017
248594, 1017
281998, 1017
241722, 1016
249219, 1016
60510, 1015
290119, 1015
5289, 1014
152812, 1014
271085, 1014
31258, 1012
36328, 1012
72252, 1012
167743, 1012
223623, 1012
249298, 1012
915, 1011
5210, 1011
64084, 1011
64819, 1011
109704, 1011
135281, 1011
149022, 1011
155200, 1011
164318, 1011
215257, 1011
247982, 1011
5742, 1010
77697, 1010
122862, 1010
254569, 1010
50173, 1009
112532, 1009
161332, 1009
231105, 1009
259661, 1009
274638, 1009
277946, 1009
280493, 1009
294827, 1009
4146, 1008
116651, 1008
252625, 1008
61964, 1007
110714, 1007
113221, 1007
130738, 1007
135102, 1007
135442, 1007
212208, 1007
216559, 1007
222123, 1007
229909, 1007
251068, 1007
265548, 1007
288916, 1007
149117, 1006
187605, 1006
192813, 1006
249143, 1006
60080, 1005
70875, 1005
70978, 1005
74628, 1005
225010, 1005
33133, 1004
78154, 1004
136833, 1004
210581, 1004
243744, 1004
34754, 1003
51371, 1003
106135, 1003
107084, 1003
131119, 1003
135602, 1003
220726, 1003
292817, 1003
22209, 1002
36112, 1002
38002, 1002
76370, 1002
79662, 1002
107152, 1002
154938, 1002
173983, 1002
219322, 1002
230468, 1002
255495, 1002
281375, 1002
286971, 1002
42814, 1001
69470, 1001
90789, 1001
92674, 1001
173799, 1001
202955, 1001
241707, 1001
281013, 1001
241295, 1000
250421, 1000
