4893, 62470
8598, 62470
15103, 62470
18765, 62470
23971, 62470
39387, 62470
86680, 62470
267, 62168
13393, 62168
44194, 56415
29166, 55751
108441, 55751
142127, 55751
20253, 54884
226638, 52802
2598, 52311
1350, 50463
2618, 50463
2890, 50463
2991, 50463
3090, 50463
3106, 50463
6581, 50463
15936, 50463
25380, 50463
66230, 50463
66729, 50463
1855, 49744
1955, 49744
2078, 49744
2512, 49744
2925, 49744
2982, 49744
185465, 49744
154247, 45372
158113, 45372
161572, 45372
137857, 45291
136255, 42104
37774, 38706
166882, 32931
170770, 32931
2901, 29228
2914, 27911
2436, 27614
178675, 27578
198119, 27578
227019, 27578
235970, 27578
2358, 26208
17689, 25526
262595, 24925
12627, 24840
167391, 24511
10123, 24440
20172, 24324
205384, 24155
7686, 24111
8395, 24111
5801, 24106
7321, 24106
20657, 24085
31513, 24034
7271, 23947
8622, 23927
8870, 23927
10023, 23927
14248, 23927
18184, 23927
29684, 23920
30433, 23885
13146, 23848
17179, 23848
18692, 23848
6664, 23801
8397, 23801
11653, 23712
13959, 23712
14638, 23712
116476, 23712
282841, 23712
73683, 23552
164579, 23552
150780, 23546
176233, 23546
12774, 23420
10659, 23406
1995, 23313
22108, 23280
3111, 23265
9151, 22964
27773, 22958
35, 22757
3381, 22757
27631, 22757
31055, 22757
264825, 22711
145677, 22630
201772, 22541
212343, 22541
224567, 22541
52581, 22168
59067, 22168
59627, 22168
61421, 22168
66914, 22168
147826, 22117
7007, 21962
9882, 21962
23177, 21962
44798, 21755
140790, 21755
170427, 21755
11957, 21637
13028, 21637
13506, 21637
13846, 21637
14593, 21637
15935, 21637
16457, 21637
17134, 21637
17463, 21637
17595, 21637
17906, 21637
18848, 21637
73613, 21637
105877, 21637
161505, 21637
173218, 21637
240449, 21637
250543, 21637
290433, 21637
291263, 21637
296385, 21637
292355, 21610
65893, 21575
58869, 21561
59087, 21561
64714, 21561
147092, 21273
206535, 21273
233919, 21273
23211, 21264
55713, 21067
55985, 21067
64475, 21067
65423, 21067
55398, 21042
41838, 20958
9367, 20952
5418, 20727
22282, 20727
3468, 20526
133292, 20370
48149, 20353
131315, 20271
70610, 20230
72768, 20230
74145, 20230
36250, 20199
67884, 20199
8482, 20107
12058, 20107
15190, 20107
16207, 20107
17346, 20107
19902, 20107
21094, 20107
25748, 20107
179602, 20107
1181, 20003
12573, 20003
104029, 20003
1201, 19922
13230, 19905
15233, 19905
101829, 19905
169367, 19905
205166, 19905
217646, 19905
261405, 19905
36471, 19858
19525, 19723
108711, 19623
25066, 19613
25853, 19613
27651, 19613
28040, 19613
29742, 19613
43440, 19613
72703, 19613
101459, 19613
105319, 19613
129729, 19613
142928, 19613
99793, 19593
110797, 19593
110968, 19593
112900, 19593
185417, 19593
143190, 19552
293089, 19552
16570, 19542
16844, 19542
17048, 19542
18348, 19542
18505, 19542
18715, 19542
19102, 19542
19989, 19542
20182, 19542
95896, 19542
2, 19456
163, 19456
21509, 19330
25095, 19330
25154, 19330
62765, 19259
68160, 19259
90179, 19178
21785, 19123
21908, 19123
22644, 19123
22671, 19123
22818, 19123
23411, 19123
24091, 19123
28610, 19123
58166, 19022
29399, 18848
49644, 18848
50453, 18848
5474, 18774
205, 18703
562, 18703
1823, 18703
2282, 18703
3091, 18703
3903, 18703
13858, 18703
65058, 18703
884, 18535
3195, 18535
5171, 18535
51848, 18525
26194, 18246
26831, 18246
27379, 18246
27980, 18246
28440, 18246
29283, 18246
68029, 18097
89766, 18045
90275, 18018
116690, 18018
130289, 18018
172535, 18018
110869, 17963
235838, 17963
223802, 17938
19514, 17936
1099, 17924
36138, 17497
72290, 17497
68763, 17428
123467, 17428
38125, 17290
41670, 17290
25918, 17256
76196, 17201
28227, 17129
44897, 17071
85589, 17024
85674, 17024
86314, 17024
86977, 17024
87600, 17024
91693, 17024
91737, 17024
92984, 17024
103279, 17024
105950, 17024
147376, 17024
180510, 17024
94220, 16996
120891, 16996
124371, 16996
131099, 16996
131245, 16996
131712, 16996
132031, 16996
135788, 16996
140264, 16996
141362, 16996
152186, 16996
164777, 16996
166763, 16996
167651, 16996
167773, 16996
172418, 16996
203593, 16996
206487, 16996
208706, 16996
217261, 16996
232230, 16996
238006, 16996
243541, 16996
256418, 16996
286001, 16996
289195, 16996
5556, 16965
116096, 16882
122769, 16882
20096, 16873
29982, 16552
31190, 16552
36225, 16552
39478, 16552
40809, 16552
45911, 16552
93701, 16410
81868, 16295
92775, 16295
148783, 16295
187503, 16295
28547, 16198
122112, 16197
150570, 16197
164472, 16197
42941, 16079
12214, 15917
14027, 15917
15609, 15917
133267, 15530
168937, 15530
177870, 15530
183130, 15530
187144, 15530
198333, 15530
198513, 15530
201842, 15530
214321, 15530
221504, 15530
221902, 15530
235356, 15530
241376, 15530
241972, 15530
245210, 15530
246463, 15530
248656, 15530
251672, 15530
252844, 15530
253840, 15530
264602, 15530
264736, 15530
265525, 15530
282476, 15530
283303, 15530
283636, 15530
286524, 15530
286596, 15530
292078, 15530
293204, 15530
293436, 15530
296314, 15530
123396, 15471
124793, 15471
128795, 15471
132102, 15471
132665, 15471
137325, 15471
147415, 15471
149295, 15471
152665, 15471
153138, 15471
166938, 15471
199013, 15471
203377, 15471
242859, 15471
137782, 15430
130002, 15422
140084, 15422
148384, 15422
173055, 15422
121978, 14907
135622, 14907
136945, 14907
144054, 14907
162980, 14907
166810, 14907
180204, 14907
208180, 14907
231494, 14907
117653, 14888
124240, 14888
132421, 14888
140853, 14888
155875, 14888
157968, 14888
159324, 14888
5806, 14431
115563, 14431
135854, 14431
221275, 14387
211026, 14332
259181, 14332
107924, 14192
110578, 14192
116536, 14192
120823, 14192
121407, 14192
130741, 14192
135035, 14192
150562, 14192
159741, 14192
284001, 14127
232658, 14098
196451, 13967
7116, 13966
145594, 13907
235914, 13891
7387, 13864
9747, 13864
19676, 13864
58592, 13864
79414, 13864
84205, 13864
152405, 13864
175991, 13864
19394, 13764
10030, 13688
10241, 13688
12137, 13688
22289, 13688
64829, 13688
71559, 13688
104241, 13688
113466, 13688
126661, 13688
258749, 13688
118984, 13585
20960, 13534
156583, 13534
113, 13522
33215, 13490
69268, 13466
101558, 13379
117934, 13379
129612, 13379
135203, 13379
141394, 13379
141958, 13379
143700, 13379
145424, 13379
151139, 13379
294407, 13379
106290, 13371
126016, 13371
132609, 13371
136165, 13371
137837, 13371
138117, 13371
139379, 13371
140227, 13371
142148, 13371
144899, 13371
150465, 13371
150820, 13371
151082, 13371
153561, 13371
154611, 13371
158764, 13371
160689, 13371
161223, 13371
162240, 13371
168477, 13371
169072, 13371
170330, 13371
171370, 13371
180077, 13371
186255, 13371
188917, 13371
198250, 13371
202275, 13371
205281, 13371
220815, 13371
14013, 13359
125642, 13359
217314, 13359
8943, 13341
13509, 13341
68833, 13341
147543, 13341
177092, 13341
4209, 13252
19071, 13252
21279, 13155
11199, 13093
91921, 12960
117737, 12960
121195, 12960
125404, 12960
164569, 12960
176495, 12960
191346, 12960
197876, 12960
127729, 12901
135063, 12901
141842, 12901
147720, 12901
25744, 12647
221705, 12538
215376, 12532
10895, 12455
16016, 12455
10324, 12438
201735, 12433
15866, 12258
1132, 12116
76930, 12075
234775, 12033
168042, 11859
247425, 11859
139490, 11780
235246, 11780
7878, 11749
294795, 11706
20732, 11684
45376, 11673
30586, 11583
128937, 11564
135466, 11564
154330, 11564
159442, 11564
180474, 11564
30625, 11542
34567, 11542
37169, 11542
55136, 11542
79745, 11445
12694, 11415
17342, 11415
36642, 11415
204280, 11415
243387, 11415
255737, 11415
45896, 11144
48105, 11144
88681, 11144
201665, 11144
276170, 11144
40282, 11136
35518, 11060
39388, 10987
55877, 10987
62952, 10987
72320, 10987
83247, 10987
279517, 10901
25719, 10887
168468, 10885
273560, 10859
40298, 10846
106122, 10711
149148, 10711
192091, 10644
58132, 10611
61195, 10611
137557, 10611
138113, 10611
221613, 10601
48947, 10596
54970, 10596
64153, 10596
20378, 10569
136020, 10419
136805, 10419
142130, 10419
156421, 10419
161342, 10419
275073, 10343
35267, 10165
117516, 10165
123169, 10160
159625, 10160
30879, 10146
52103, 10077
169277, 10071
63340, 10070
242515, 10038
255036, 10038
216213, 10012
3866, 9995
30085, 9995
54376, 9995
183488, 9995
81525, 9991
125550, 9981
138673, 9981
167294, 9981
110882, 9939
278316, 9937
294, 9934
15458, 9934
49407, 9934
59461, 9934
88168, 9934
184609, 9934
164710, 9853
119773, 9844
282402, 9844
137127, 9832
36851, 9804
75384, 9804
294891, 9794
213410, 9751
48197, 9735
54113, 9669
58090, 9669
58255, 9669
64867, 9669
66788, 9669
67709, 9669
79228, 9669
92187, 9669
94659, 9669
96958, 9669
97022, 9669
106591, 9669
12259, 9603
263254, 9532
64577, 9433
106735, 9433
178117, 9421
179256, 9421
259363, 9421
231588, 9329
51265, 9292
250764, 9292
103482, 9245
12429, 9227
13446, 9227
25772, 9227
210598, 9227
152142, 9226
193410, 9226
4367, 9205
7215, 9205
41020, 9205
69930, 9205
83569, 9205
188500, 9205
2357, 9198
17326, 9198
32585, 9198
39907, 9198
72099, 9198
119770, 9198
148728, 9198
290156, 9198
3890, 9158
154110, 9158
70886, 9126
80665, 9126
2457, 9114
5453, 9114
13923, 9114
28300, 9114
29927, 9114
61007, 9114
72081, 9114
84372, 9114
111074, 9114
136829, 9114
196683, 9114
233678, 9114
287139, 9114
16687, 9090
29974, 9090
32335, 9090
37898, 9090
49211, 9090
113051, 9090
269002, 9090
2593, 9069
24171, 9069
44283, 9069
58702, 9069
72288, 9069
238223, 9069
1417, 9015
1446, 9015
1481, 9015
1755, 9015
3913, 9015
4785, 9015
7875, 9015
8288, 9015
11333, 9015
17469, 9015
18059, 9015
18650, 9015
20108, 9015
20875, 9015
22338, 9015
25957, 9015
37392, 9015
68620, 9015
72911, 9015
83059, 9015
84944, 9015
90185, 9015
93086, 9015
117541, 9015
123886, 9015
138772, 9015
154887, 9015
159085, 9015
162167, 9015
253247, 9015
256532, 9009
14738, 8978
17535, 8978
18566, 8978
19458, 8978
20131, 8978
26599, 8978
68448, 8978
86522, 8978
93295, 8978
122691, 8978
169176, 8978
178658, 8978
284053, 8978
211852, 8959
247989, 8959
63224, 8958
142485, 8958
4537, 8947
46572, 8921
34073, 8854
7132, 8852
11280, 8852
18218, 8852
25044, 8852
103774, 8852
130067, 8852
147350, 8852
176619, 8852
255599, 8852
44752, 8851
89931, 8851
97015, 8851
124595, 8851
127475, 8851
135683, 8851
137985, 8851
172687, 8851
173483, 8851
261064, 8851
262682, 8851
282310, 8851
80888, 8802
25644, 8792
26797, 8792
30068, 8792
39076, 8792
41551, 8792
66040, 8792
69232, 8792
82760, 8792
124273, 8792
128380, 8792
165916, 8792
166749, 8792
178127, 8792
185085, 8792
193531, 8792
200585, 8792
204263, 8792
209824, 8792
210125, 8792
219427, 8792
226182, 8792
251819, 8792
224446, 8785
230125, 8785
246245, 8785
277688, 8785
20617, 8764
24592, 8764
26768, 8764
37135, 8764
40932, 8764
45351, 8764
50451, 8764
6497, 8750
251, 8699
20275, 8699
23627, 8699
155348, 8699
167574, 8699
19036, 8691
29025, 8691
31032, 8691
42690, 8691
56132, 8691
65573, 8691
85406, 8691
85653, 8691
86923, 8691
98225, 8691
120818, 8691
122067, 8691
134377, 8691
139156, 8691
141489, 8691
188849, 8691
218907, 8691
220223, 8691
230299, 8691
246654, 8691
288226, 8691
248358, 8646
124922, 8629
41897, 8614
68478, 8614
82021, 8614
91093, 8614
107467, 8614
137253, 8614
148661, 8614
215185, 8614
220801, 8614
244620, 8614
276413, 8614
292003, 8614
13500, 8594
17583, 8594
19130, 8594
26348, 8594
31533, 8594
38470, 8594
43863, 8594
55466, 8594
61682, 8594
64521, 8594
76056, 8594
85078, 8594
95110, 8594
118868, 8594
128059, 8594
130428, 8594
155518, 8594
166977, 8594
176629, 8594
183833, 8594
184225, 8594
184228, 8594
184570, 8594
255717, 8594
258274, 8594
170150, 8558
238120, 8558
12730, 8557
20407, 8557
118832, 8557
168526, 8557
245710, 8557
47342, 8547
32521, 8512
40401, 8512
40671, 8512
106278, 8512
144612, 8512
211135, 8512
256736, 8512
97026, 8507
29984, 8477
104144, 8477
227839, 8454
16851, 8424
76974, 8424
190802, 8395
266965, 8278
214221, 8265
206444, 8155
252974, 8155
268333, 8155
132890, 8138
154244, 8138
178571, 8138
73374, 8044
120226, 8044
191948, 8024
266258, 8024
278701, 8024
55885, 8018
125644, 8012
89377, 8001
59814, 7984
167555, 7984
177452, 7984
197708, 7984
58202, 7916
164351, 7890
178679, 7890
230015, 7890
28083, 7873
166604, 7851
175182, 7851
246450, 7851
277322, 7851
266974, 7846
249856, 7812
112165, 7811
175086, 7798
177752, 7798
198649, 7798
209265, 7798
217887, 7798
250860, 7798
273361, 7798
235121, 7780
42620, 7696
130977, 7673
156987, 7673
70016, 7651
268815, 7651
158190, 7650
141797, 7578
81363, 7562
218515, 7510
239884, 7510
248962, 7510
253524, 7510
187894, 7505
272186, 7505
290945, 7504
202811, 7500
54233, 7452
196423, 7452
231435, 7452
149387, 7438
151492, 7438
228391, 7438
261739, 7438
40890, 7409
141116, 7401
5611, 7376
192307, 7268
126318, 7246
146684, 7246
148470, 7246
160578, 7246
161830, 7246
165397, 7246
201330, 7246
202671, 7246
233346, 7246
245283, 7246
245903, 7246
263500, 7246
83769, 7152
294482, 7103
83003, 7076
211376, 7076
214231, 7076
246952, 7076
271046, 7076
20649, 7044
13217, 7007
46871, 6960
219194, 6960
255082, 6960
292962, 6838
125855, 6831
219091, 6831
266145, 6831
111430, 6830
138765, 6675
52, 6662
75234, 6464
84263, 6464
84873, 6464
126084, 6464
130854, 6464
136012, 6464
153812, 6464
175792, 6049
84984, 5878
45989, 5755
281974, 5755
136577, 5708
3, 5701
74885, 5682
115898, 5682
4018, 5664
4576, 5664
5040, 5664
5271, 5664
7098, 5664
19950, 5664
20123, 5664
20156, 5664
21674, 5664
24965, 5664
31909, 5664
119304, 5664
125060, 5664
211859, 5664
278868, 5664
283165, 5664
69042, 5563
78222, 5563
85707, 5563
115466, 5563
115891, 5563
180305, 5544
216280, 5514
130681, 5410
20986, 5400
93395, 5400
4058, 5358
24356, 5358
123501, 5358
265749, 5358
159611, 5354
202820, 5354
210007, 5354
138289, 5351
28955, 5347
31373, 5347
74535, 5261
27766, 5259
63337, 5255
11289, 5131
16262, 5129
16277, 5129
25476, 5129
27760, 5129
28522, 5129
37290, 5129
38344, 5129
44563, 5129
47992, 5129
51887, 5129
60999, 5129
62534, 5129
69873, 5129
80285, 5129
91043, 5129
134787, 5129
139160, 5129
193409, 5129
200601, 5129
218619, 5129
243772, 5129
245731, 5129
268040, 5129
286032, 5129
290111, 5129
163264, 5096
182069, 5096
190975, 5096
56267, 5027
28328, 5003
36676, 5003
36840, 5003
43708, 5003
66169, 5003
96930, 5003
111380, 5003
154113, 5003
164498, 5003
204164, 5003
204210, 5003
210145, 5003
213532, 5003
247802, 5003
279525, 5003
279729, 5003
13183, 4992
18518, 4992
23081, 4992
27278, 4992
31851, 4992
32908, 4992
40383, 4992
40525, 4992
42890, 4992
44306, 4992
48825, 4992
53246, 4992
59376, 4992
60169, 4992
66899, 4992
67457, 4992
69490, 4992
72664, 4992
77970, 4992
81872, 4992
87603, 4992
90236, 4992
91330, 4992
92393, 4992
92944, 4992
94594, 4992
94750, 4992
96270, 4992
114735, 4992
116164, 4992
116786, 4992
117265, 4992
120724, 4992
127962, 4992
138597, 4992
139448, 4992
143867, 4992
151705, 4992
154125, 4992
157829, 4992
160194, 4992
161941, 4992
199090, 4992
208592, 4992
213924, 4992
250820, 4992
255292, 4992
263667, 4992
137259, 4977
161416, 4977
262170, 4927
131616, 4911
194408, 4911
30671, 4886
115057, 4886
215423, 4881
174216, 4879
18033, 4854
14643, 4852
15063, 4852
16327, 4852
19009, 4852
50104, 4852
56117, 4852
100943, 4852
141742, 4852
201555, 4852
211696, 4852
241186, 4852
251075, 4852
264179, 4852
42980, 4851
122427, 4851
219767, 4851
223563, 4851
627, 4839
240033, 4786
51457, 4749
279990, 4711
24224, 4702
30685, 4702
34559, 4702
56489, 4702
65306, 4702
71072, 4702
77901, 4702
81451, 4702
111282, 4702
140316, 4702
144769, 4702
150106, 4702
203543, 4702
205219, 4702
254280, 4702
293246, 4702
375, 4700
60933, 4700
69592, 4700
71825, 4700
78782, 4700
121760, 4700
148519, 4700
148970, 4700
155088, 4700
158797, 4700
173312, 4700
237994, 4700
255533, 4700
265220, 4700
281081, 4700
141965, 4667
101550, 4657
129759, 4657
134289, 4657
134767, 4657
168868, 4657
169733, 4657
174807, 4657
229785, 4657
256964, 4657
287879, 4657
236686, 4656
44877, 4649
16138, 4642
27798, 4642
60093, 4642
82528, 4642
150997, 4642
194937, 4642
293396, 4642
94764, 4638
234712, 4477
288378, 4448
78697, 4428
237814, 4415
52339, 4397
89210, 4397
118723, 4397
129439, 4397
138782, 4397
153644, 4397
266699, 4397
268299, 4397
36975, 4391
63689, 4391
2038, 4334
46316, 4229
91370, 4229
39492, 4087
45058, 4087
73975, 4087
101390, 4087
106512, 4087
107749, 4087
122816, 4087
144221, 4087
146208, 4087
158150, 4087
166277, 4087
197801, 4087
209797, 4087
216424, 4087
289826, 4087
138510, 4005
174831, 3960
26654, 3803
283322, 3789
990, 3724
256706, 3705
195742, 3670
216184, 3670
226332, 3670
246702, 3670
255485, 3670
189830, 3652
217133, 3652
222951, 3652
232521, 3652
146451, 3644
21154, 3427
264398, 3427
156219, 3425
73814, 3392
26929, 3388
42752, 3373
181680, 3362
33789, 3336
53140, 3336
82602, 3336
202906, 3336
230359, 3336
23937, 3330
71046, 3330
3485, 3299
3764, 3299
9126, 3299
270086, 3284
28991, 3258
225, 3248
198507, 3248
58288, 3239
102114, 3239
194925, 3239
3419, 3235
98371, 3235
93343, 3226
105098, 3200
110995, 3200
134376, 3200
140371, 3200
143177, 3200
173318, 3200
253381, 3200
263417, 3200
271562, 3200
224578, 3184
35195, 3157
87940, 3154
140850, 3154
203168, 3154
216962, 3154
156096, 3151
217196, 3151
273145, 3135
254328, 3089
178841, 3081
85202, 3074
96004, 3074
105978, 3074
107870, 3074
112152, 3074
125570, 3074
127568, 3074
132204, 3074
143603, 3074
156380, 3074
159239, 3074
162862, 3074
169223, 3074
183918, 3074
185407, 3074
189624, 3074
189974, 3074
190207, 3074
192923, 3074
195657, 3074
196437, 3074
197416, 3074
202353, 3074
203991, 3074
214085, 3074
214979, 3074
219506, 3074
221095, 3074
223587, 3074
224023, 3074
231057, 3074
233828, 3074
233930, 3074
234312, 3074
243240, 3074
249214, 3074
249718, 3074
252106, 3074
255034, 3074
258554, 3074
259604, 3074
262732, 3074
266848, 3074
266918, 3074
267026, 3074
267771, 3074
268953, 3074
270038, 3074
271480, 3074
272991, 3074
274038, 3074
277141, 3074
280658, 3074
284327, 3074
285549, 3074
286803, 3074
287707, 3074
287882, 3074
289370, 3074
289778, 3074
290406, 3074
291468, 3074
107609, 3061
107829, 3061
120059, 3061
139030, 3061
184727, 3061
243682, 3061
246994, 3061
248543, 3061
256102, 3061
269563, 3061
273651, 3061
279272, 3061
282378, 3061
290854, 3061
293076, 3061
293539, 3061
237171, 3055
44068, 3046
73562, 3046
103564, 3046
130516, 3046
150291, 3046
166567, 3046
172388, 3046
181017, 3046
185904, 3046
194577, 3046
203207, 3046
215837, 3046
238409, 3046
239444, 3046
267958, 3046
154734, 3045
171652, 3045
174358, 3045
204179, 3045
225959, 3045
228372, 3045
236584, 3045
244312, 3045
256952, 3045
278778, 3045
291146, 3045
263438, 3034
218012, 3022
154677, 3021
253784, 3021
292393, 3021
187040, 3018
249140, 3018
270054, 3018
273646, 3018
280203, 3018
289631, 3018
76066, 3016
100686, 3016
116160, 3016
150008, 3016
206701, 3016
232741, 3016
272838, 3016
275530, 3016
285562, 3016
287838, 3016
292769, 3016
116979, 3011
277619, 3011
22686, 3010
79204, 3010
210680, 3010
245697, 3010
248421, 3010
255765, 3010
266966, 3010
276777, 3010
283784, 3010
287063, 3010
294534, 3010
170013, 3005
202835, 3005
212551, 3005
228000, 3005
236611, 3005
240825, 3005
247180, 3005
249911, 3005
254392, 3005
265309, 3005
270364, 3005
276066, 3005
278262, 3005
292971, 3005
293573, 3005
295844, 3005
220886, 2997
74809, 2994
262802, 2994
124875, 2992
183813, 2990
116195, 2986
240569, 2984
87290, 2978
108198, 2978
128733, 2978
144409, 2978
151808, 2978
287888, 2978
93702, 2976
110884, 2976
287854, 2976
248526, 2972
150150, 2971
162010, 2971
122428, 2966
149636, 2966
192358, 2966
195798, 2966
24510, 2965
211582, 2955
213364, 2954
137892, 2953
18228, 2940
61411, 2940
66494, 2940
79239, 2940
19733, 2937
85072, 2933
17345, 2928
2776, 2896
261902, 2868
23726, 2862
161244, 2852
148742, 2846
105069, 2831
280065, 2790
108086, 2775
35272, 2767
2558, 2766
3358, 2762
4722, 2735
9372, 2735
73480, 2735
11228, 2711
52667, 2709
30679, 2706
28805, 2701
278093, 2701
1011, 2685
559, 2669
280554, 2666
4845, 2566
163380, 2548
186414, 2548
86979, 2547
166390, 2547
178886, 2547
205222, 2547
66997, 2527
68139, 2527
190233, 2527
203600, 2527
209221, 2527
251548, 2527
97209, 2525
198430, 2525
202648, 2525
60371, 2522
160158, 2522
288669, 2522
291004, 2522
50014, 2509
63711, 2509
65586, 2509
101461, 2509
208584, 2509
210054, 2509
68754, 2501
258200, 2501
31560, 2496
87078, 2496
111399, 2496
153567, 2496
152736, 2492
38173, 2490
160067, 2490
174024, 2490
191364, 2490
207471, 2490
287047, 2490
40135, 2481
83508, 2481
86098, 2478
46089, 2473
61003, 2468
238851, 2468
270178, 2468
44544, 2467
54179, 2467
66178, 2467
96870, 2467
151669, 2467
120196, 2460
294385, 2460
3173, 2458
173484, 2457
229955, 2457
141660, 2455
281794, 2455
191676, 2452
265044, 2452
1299, 2449
204935, 2449
238076, 2449
293450, 2444
10129, 2437
25828, 2437
35780, 2435
20278, 2431
250256, 2431
40020, 2429
75913, 2429
19152, 2426
62341, 2426
73831, 2426
118464, 2426
233385, 2426
262621, 2426
285678, 2426
116513, 2423
219199, 2423
120887, 2418
130273, 2418
140157, 2418
140621, 2418
141500, 2418
183981, 2418
189438, 2418
208440, 2418
237403, 2418
271283, 2418
119970, 2416
147361, 2416
158225, 2416
182385, 2416
197217, 2416
204441, 2416
236839, 2416
244206, 2416
282158, 2416
29189, 2415
31150, 2415
136843, 2415
152269, 2415
157919, 2415
160937, 2415
171004, 2415
207000, 2415
238740, 2415
5079, 2414
87911, 2414
39840, 2413
63303, 2413
81511, 2412
191024, 2412
1698, 2410
175121, 2408
211705, 2407
262718, 2407
122291, 2405
130259, 2405
135959, 2405
138257, 2405
143085, 2405
147387, 2405
152698, 2405
168599, 2405
169337, 2405
184697, 2405
188197, 2405
240782, 2405
260015, 2405
276422, 2405
65836, 2394
213550, 2394
7379, 2381
53996, 2381
56926, 2381
74919, 2381
110983, 2381
114844, 2381
152960, 2381
154505, 2381
274690, 2381
61334, 2380
115305, 2380
184868, 2380
188706, 2380
34351, 2379
145983, 2374
163142, 2374
170183, 2374
35336, 2370
77553, 2370
169788, 2370
256492, 2370
206594, 2364
216315, 2362
188580, 2361
13504, 2358
248820, 2357
24760, 2356
35533, 2356
55987, 2356
112018, 2356
135373, 2356
150814, 2356
154786, 2356
159276, 2356
165555, 2356
247557, 2356
247627, 2356
288763, 2356
218962, 2355
166371, 2353
267999, 2353
273335, 2353
277062, 2353
36960, 2350
56203, 2350
76833, 2350
77496, 2350
82115, 2350
83556, 2350
107004, 2350
111832, 2350
116473, 2350
153446, 2350
223759, 2350
27571, 2349
116593, 2348
12073, 2347
225549, 2333
30999, 2332
50919, 2332
129218, 2332
192869, 2332
204530, 2332
254434, 2332
271150, 2332
39684, 2329
181535, 2329
292245, 2329
16433, 2325
208168, 2324
16227, 2322
41714, 2318
262086, 2318
59467, 2317
42008, 2316
250036, 2316
27767, 2315
99264, 2315
259888, 2315
59531, 2311
75213, 2311
90152, 2311
120078, 2311
258, 2310
68008, 2310
182748, 2310
50881, 2309
10847, 2307
12046, 2307
81639, 2307
121661, 2307
141639, 2306
22896, 2304
68015, 2304
268561, 2304
276120, 2304
1379, 2301
43231, 2301
247792, 2301
38941, 2300
40441, 2300
137583, 2299
234780, 2299
10439, 2297
60287, 2297
63050, 2297
74184, 2297
87503, 2297
115602, 2297
154344, 2297
163921, 2297
173921, 2297
91674, 2294
15252, 2293
29621, 2293
83341, 2293
234900, 2293
20554, 2291
82934, 2291
47377, 2290
142934, 2290
292857, 2290
23998, 2289
36453, 2289
38134, 2289
38159, 2289
55404, 2289
62298, 2289
84403, 2289
92906, 2289
100654, 2289
101911, 2289
103696, 2289
154860, 2289
162531, 2289
163279, 2289
171129, 2289
185312, 2289
250448, 2289
281503, 2289
37534, 2288
91175, 2288
129441, 2288
172824, 2288
21530, 2286
26322, 2286
95385, 2286
124241, 2286
143055, 2286
79797, 2285
110096, 2285
151475, 2285
51257, 2283
220380, 2280
19060, 2279
157082, 2279
162024, 2277
15097, 2274
15792, 2274
199898, 2274
207883, 2274
137099, 2273
26455, 2269
51598, 2269
127592, 2269
131604, 2269
179682, 2269
184668, 2269
185481, 2269
231690, 2269
37486, 2263
45686, 2263
53368, 2263
127179, 2262
142278, 2262
118144, 2260
231180, 2259
80787, 2258
127210, 2258
7462, 2257
21095, 2257
238419, 2254
7350, 2248
14620, 2248
28953, 2248
33685, 2248
34935, 2248
54524, 2248
59363, 2248
65808, 2248
75636, 2248
131247, 2248
156836, 2248
168231, 2248
189277, 2248
27508, 2245
73639, 2245
132084, 2245
193994, 2245
194626, 2245
205248, 2245
269798, 2245
270159, 2245
81020, 2243
70822, 2242
81888, 2242
12032, 2241
77759, 2241
119503, 2241
217299, 2241
247276, 2241
99601, 2238
204758, 2238
250486, 2238
215077, 2235
1283, 2234
28828, 2234
28946, 2234
34901, 2234
36604, 2234
45188, 2234
80515, 2234
84241, 2234
141625, 2234
23536, 2233
9231, 2232
109961, 2231
146702, 2231
34243, 2230
75315, 2230
243966, 2230
271460, 2230
20665, 2228
82071, 2228
82160, 2228
98140, 2228
103901, 2228
112482, 2228
126835, 2228
130489, 2228
146459, 2228
162468, 2228
166031, 2228
176265, 2228
192095, 2228
220651, 2228
230752, 2228
252649, 2228
271745, 2228
280614, 2228
281278, 2228
294666, 2228
4055, 2225
66990, 2225
4870, 2223
193188, 2223
9314, 2221
242836, 2219
56017, 2218
52645, 2214
241610, 2214
177623, 2213
266494, 2211
43599, 2209
62396, 2209
212985, 2209
249906, 2209
4189, 2206
19719, 2206
29020, 2206
71617, 2206
93437, 2206
152018, 2206
175522, 2206
199562, 2206
257438, 2206
277171, 2206
51349, 2205
53437, 2205
136275, 2205
180608, 2203
218409, 2203
20110, 2199
38188, 2199
68683, 2199
6201, 2198
31307, 2198
176545, 2198
180144, 2198
420, 2196
4180, 2196
185287, 2196
5456, 2194
205109, 2193
79688, 2192
34309, 2191
36329, 2189
50457, 2189
53675, 2189
80147, 2188
175468, 2188
193377, 2188
231949, 2188
21392, 2184
33624, 2184
10438, 2183
55603, 2183
100442, 2183
115722, 2183
135618, 2183
143155, 2183
154305, 2183
170476, 2183
261337, 2183
38090, 2181
10857, 2179
16889, 2179
264072, 2178
292632, 2178
134830, 2177
178577, 2177
284513, 2177
159934, 2174
50491, 2172
6250, 2171
51253, 2171
65855, 2171
154819, 2171
34404, 2170
57168, 2170
48823, 2163
138027, 2163
173832, 2163
7491, 2162
13017, 2162
17545, 2162
28624, 2162
36271, 2162
40106, 2162
48839, 2162
71466, 2162
72847, 2162
85153, 2162
92076, 2162
97917, 2162
100711, 2162
125057, 2162
127851, 2162
140632, 2162
143206, 2162
156943, 2162
181518, 2162
209474, 2162
238447, 2162
241446, 2162
258229, 2162
261499, 2162
273263, 2162
287710, 2162
39243, 2161
57586, 2161
167220, 2161
248623, 2161
99428, 2160
10104, 2159
13686, 2157
18992, 2157
135662, 2157
55470, 2156
187637, 2156
10686, 2154
11501, 2154
16547, 2154
37213, 2154
39440, 2154
64189, 2154
82423, 2154
88241, 2154
93656, 2154
121373, 2154
126355, 2154
127346, 2154
139685, 2154
144400, 2154
148024, 2154
156349, 2154
160148, 2154
177007, 2154
180838, 2154
185233, 2154
196846, 2154
197637, 2154
215079, 2154
234733, 2154
239537, 2154
244438, 2154
260165, 2154
266357, 2154
269282, 2154
290287, 2154
290516, 2154
165339, 2153
252910, 2151
69111, 2150
132475, 2149
180620, 2149
256245, 2149
65462, 2145
85373, 2144
144779, 2144
22555, 2143
94652, 2143
134442, 2143
276753, 2142
69172, 2131
81166, 2131
98044, 2131
121785, 2131
78, 2128
117240, 2128
117485, 2128
119209, 2128
132702, 2128
136672, 2128
137291, 2128
143425, 2128
163209, 2128
165123, 2128
166110, 2128
166981, 2128
167047, 2128
168296, 2128
173633, 2128
173806, 2128
175073, 2128
179796, 2128
182753, 2128
189926, 2128
191969, 2128
192661, 2128
192806, 2128
193469, 2128
193874, 2128
197440, 2128
206832, 2128
217897, 2128
222024, 2128
245147, 2128
245570, 2128
191815, 2127
217194, 2127
220893, 2127
227372, 2127
210859, 2126
13014, 2125
31220, 2125
41294, 2125
45488, 2125
64941, 2125
87285, 2125
124553, 2125
134991, 2125
172591, 2125
71077, 2123
86900, 2120
127441, 2120
130169, 2120
135610, 2120
138776, 2120
170005, 2120
180872, 2120
189566, 2120
199138, 2120
211922, 2120
219550, 2120
223885, 2120
238886, 2120
247141, 2120
259100, 2120
263260, 2120
265025, 2120
279931, 2120
290510, 2120
32201, 2119
66763, 2118
74253, 2118
61719, 2117
47153, 2116
51571, 2116
63461, 2116
68482, 2116
73910, 2116
83016, 2116
89039, 2116
89157, 2116
89581, 2116
97055, 2116
97323, 2116
110504, 2116
118498, 2116
128284, 2116
129065, 2116
132491, 2116
161092, 2116
181476, 2116
225772, 2116
262276, 2116
265717, 2116
6212, 2115
30452, 2115
123998, 2115
148006, 2115
204024, 2115
54877, 2112
106291, 2112
72635, 2111
75410, 2111
152927, 2111
198183, 2111
122883, 2109
266199, 2109
287830, 2109
282972, 2108
107758, 2107
130271, 2107
289495, 2107
46852, 2106
93988, 2104
102334, 2104
1734, 2103
15869, 2103
32652, 2103
88188, 2103
141087, 2103
154879, 2103
2256, 2101
21393, 2101
26977, 2101
79606, 2101
90709, 2101
171925, 2101
216590, 2101
20, 2098
3991, 2097
40811, 2097
78785, 2097
200541, 2097
268627, 2097
39995, 2094
40687, 2094
42325, 2094
45676, 2094
56230, 2094
58392, 2094
58843, 2094
69586, 2094
86594, 2094
734, 2092
839, 2089
151908, 2089
167676, 2089
231923, 2089
286600, 2089
20380, 2088
61855, 2087
156711, 2087
99433, 2086
239943, 2086
223913, 2085
5299, 2084
6602, 2084
5743, 2083
138945, 2083
21, 2082
14866, 2082
87515, 2082
97092, 2082
100201, 2081
174752, 2080
200107, 2080
217176, 2080
220329, 2080
221134, 2080
236465, 2080
237386, 2080
2045, 2079
11478, 2079
18257, 2079
38653, 2079
38876, 2079
76520, 2079
76674, 2079
77102, 2079
82634, 2079
95344, 2079
101849, 2079
146484, 2079
166686, 2079
191219, 2079
250161, 2079
16235, 2078
19978, 2077
87799, 2077
49506, 2076
6164, 2075
97292, 2073
120949, 2073
19478, 2070
63239, 2069
279461, 2067
277823, 2066
17135, 2065
137841, 2065
158464, 2065
208476, 2065
74080, 2064
1784, 2062
1997, 2062
2641, 2062
45436, 2062
85250, 2062
57137, 2061
73185, 2061
91169, 2061
128944, 2061
212318, 2061
217950, 2061
236585, 2061
47242, 2057
176711, 2057
281030, 2057
9515, 2056
17537, 2054
18857, 2054
32008, 2054
32853, 2054
39588, 2054
43713, 2054
62015, 2054
84095, 2054
85124, 2054
95428, 2054
118319, 2054
143492, 2054
182391, 2054
185689, 2054
277617, 2054
282185, 2054
36104, 2053
164237, 2053
38391, 2051
23722, 2050
31144, 2050
47655, 2050
195229, 2050
7877, 2049
14146, 2049
115546, 2049
145581, 2049
166528, 2049
36681, 2048
96360, 2046
100441, 2046
738, 2045
31614, 2045
89388, 2045
99659, 2045
101262, 2045
102305, 2045
103312, 2045
107604, 2045
109913, 2045
114250, 2045
119045, 2045
124857, 2045
164732, 2045
170226, 2045
219335, 2045
220541, 2045
251372, 2045
261131, 2045
20166, 2044
21303, 2044
48819, 2044
148774, 2044
210728, 2044
216328, 2044
238456, 2044
194212, 2041
291260, 2041
11363, 2040
72511, 2040
131263, 2040
37899, 2036
79696, 2035
197630, 2035
136494, 2031
25767, 2030
32116, 2030
32539, 2030
32647, 2030
37297, 2030
37988, 2030
49712, 2030
59723, 2030
63643, 2030
65207, 2030
77377, 2030
80822, 2030
87080, 2030
146944, 2030
285251, 2029
98590, 2026
100331, 2026
156078, 2026
186779, 2026
217140, 2026
256644, 2026
278558, 2026
29131, 2025
13121, 2023
35584, 2023
37912, 2023
42066, 2023
66135, 2023
111524, 2023
148398, 2023
287812, 2023
12416, 2021
28886, 2021
30383, 2021
36949, 2021
51607, 2021
59567, 2021
122302, 2021
146437, 2021
147748, 2021
170785, 2021
171591, 2021
197097, 2021
198689, 2021
213068, 2021
220110, 2021
232553, 2021
277628, 2021
50194, 2020
121194, 2020
158929, 2020
238636, 2020
275015, 2020
34787, 2018
59038, 2018
61807, 2018
99019, 2018
109385, 2018
114966, 2018
135123, 2018
156737, 2018
179430, 2018
198818, 2018
81964, 2017
91214, 2016
111253, 2016
181693, 2016
222989, 2015
48959, 2014
54744, 2014
58556, 2014
60509, 2014
93156, 2014
99247, 2014
110110, 2014
113213, 2014
128048, 2014
136888, 2014
148777, 2014
149506, 2014
163145, 2014
176706, 2014
195266, 2014
266893, 2014
290918, 2014
295277, 2014
33917, 2013
49626, 2013
95298, 2013
2509, 2012
6277, 2012
13307, 2012
26910, 2012
33388, 2012
34152, 2012
54628, 2012
54833, 2012
105722, 2012
108735, 2012
121171, 2012
266606, 2012
290466, 2012
99148, 2011
125923, 2011
267712, 2011
154847, 2009
14353, 2008
26926, 2007
97476, 2007
42354, 2005
193475, 2005
216704, 2005
64712, 2003
162075, 2003
111637, 2002
173471, 2002
18961, 2001
41787, 2000
158770, 1999
239276, 1999
67630, 1998
225538, 1998
53620, 1996
221361, 1991
91083, 1989
96196, 1989
196513, 1989
288224, 1988
77962, 1987
251871, 1987
48175, 1983
138654, 1983
9696, 1980
41071, 1980
50226, 1979
56593, 1979
200534, 1979
212054, 1979
32502, 1974
33173, 1974
90725, 1974
281895, 1974
59555, 1972
135526, 1972
16510, 1969
20468, 1969
47296, 1969
62710, 1969
86211, 1969
111306, 1969
123453, 1969
214482, 1969
280464, 1969
16483, 1968
106148, 1966
154306, 1966
176857, 1966
222654, 1966
254864, 1966
25687, 1965
86197, 1962
186463, 1962
22446, 1961
67995, 1961
223773, 1961
3016, 1960
16926, 1960
64748, 1959
134684, 1959
22836, 1955
31816, 1955
134085, 1955
158714, 1955
172927, 1955
180604, 1955
185001, 1955
205703, 1955
267438, 1955
164432, 1953
203107, 1953
49427, 1951
91212, 1951
98244, 1951
56518, 1950
82277, 1950
100878, 1950
38622, 1948
160801, 1948
70794, 1946
288197, 1946
43899, 1945
44387, 1945
132845, 1945
196687, 1945
157120, 1941
204774, 1941
280538, 1941
7066, 1939
58167, 1939
161823, 1939
25390, 1938
35849, 1938
67677, 1938
101761, 1938
144656, 1938
165497, 1938
232409, 1938
258367, 1938
264974, 1938
270283, 1938
277400, 1938
278166, 1938
284652, 1938
288954, 1938
4006, 1937
67931, 1935
94825, 1934
11984, 1933
152725, 1933
10541, 1930
15275, 1930
16312, 1929
36694, 1929
577, 1925
614, 1925
683, 1923
713, 1923
44791, 1923
51244, 1923
52759, 1923
64433, 1923
74453, 1923
74762, 1923
75481, 1923
89411, 1923
90343, 1923
104370, 1923
114208, 1923
119499, 1923
124287, 1923
125456, 1917
27138, 1916
131371, 1913
166135, 1913
186604, 1912
245953, 1912
228835, 1911
146335, 1910
90260, 1909
351, 1907
355, 1907
96185, 1907
140, 1906
218, 1906
253, 1906
314, 1906
21200, 1906
55656, 1906
72434, 1906
158871, 1906
180867, 1906
184404, 1906
208617, 1906
249976, 1906
251216, 1906
272291, 1906
279120, 1906
19133, 1905
37748, 1905
63890, 1905
108297, 1905
141387, 1905
204677, 1905
119617, 1902
219126, 1902
226430, 1901
68201, 1900
280477, 1900
1060, 1899
19911, 1899
80069, 1897
202826, 1897
204372, 1897
245086, 1897
44176, 1896
7963, 1893
64971, 1893
85847, 1893
89591, 1893
98577, 1893
123605, 1893
136357, 1893
173907, 1893
177797, 1893
213432, 1893
222990, 1893
256951, 1893
267943, 1893
277689, 1893
289626, 1893
278161, 1892
3613, 1891
35453, 1891
141148, 1891
169385, 1891
197336, 1891
223556, 1891
229113, 1891
234776, 1891
250544, 1891
35298, 1890
78110, 1890
283870, 1890
117552, 1889
52919, 1887
78137, 1887
145143, 1887
160565, 1887
192507, 1887
230012, 1887
258833, 1887
73375, 1886
108926, 1886
110680, 1886
121066, 1886
122705, 1886
135482, 1886
140380, 1886
189894, 1886
27426, 1885
115733, 1885
122680, 1885
290207, 1885
45492, 1884
49810, 1884
53175, 1884
58155, 1884
66756, 1884
74624, 1884
75643, 1884
76916, 1884
78276, 1884
78588, 1884
85032, 1884
86780, 1884
96592, 1884
103712, 1884
122643, 1884
138364, 1884
145985, 1884
147324, 1884
148075, 1884
150187, 1884
177894, 1884
179110, 1884
181641, 1884
226714, 1884
249188, 1884
11797, 1883
36771, 1883
41692, 1883
53527, 1883
66120, 1883
66946, 1883
108177, 1883
116187, 1883
194361, 1883
235355, 1883
57962, 1882
80400, 1880
125446, 1880
242091, 1880
254077, 1880
36367, 1878
41975, 1878
72527, 1878
77716, 1878
81082, 1878
85186, 1878
101978, 1878
120691, 1878
149063, 1878
190707, 1878
1174, 1877
3472, 1877
16909, 1877
34107, 1877
53029, 1877
72061, 1877
91355, 1877
141504, 1877
164752, 1877
194087, 1877
275414, 1877
293599, 1877
69382, 1876
100006, 1876
101760, 1876
115634, 1876
7267, 1875
76059, 1875
153623, 1875
220379, 1875
220707, 1875
575, 1874
269, 1872
6259, 1872
14088, 1872
53366, 1872
78228, 1872
158117, 1872
289215, 1872
620, 1871
621, 1871
99409, 1869
223572, 1869
3492, 1867
3772, 1867
129378, 1867
33520, 1865
51307, 1865
57445, 1865
59955, 1865
129085, 1865
448, 1864
479, 1864
513, 1864
517, 1864
78256, 1864
15038, 1862
127705, 1862
139661, 1862
144450, 1862
179028, 1862
188105, 1862
249354, 1862
267634, 1862
39216, 1861
70953, 1861
61426, 1859
135681, 1859
47795, 1858
168184, 1857
15321, 1856
32527, 1856
7958, 1855
248187, 1855
37110, 1854
161468, 1854
101878, 1853
65269, 1852
159264, 1852
15369, 1851
10812, 1850
62605, 1850
65561, 1850
65875, 1850
102574, 1850
103930, 1850
151488, 1850
162967, 1850
167005, 1850
168894, 1850
173880, 1850
189269, 1850
195467, 1850
199126, 1850
238214, 1850
242518, 1850
247331, 1850
263132, 1850
268706, 1850
270921, 1850
271834, 1850
281594, 1850
289781, 1850
3062, 1848
15414, 1848
15490, 1848
16014, 1848
21455, 1848
78395, 1848
105534, 1848
108549, 1848
130930, 1848
140711, 1848
152096, 1848
162352, 1848
163606, 1848
165320, 1848
170777, 1848
205814, 1848
217736, 1848
234748, 1848
251886, 1848
280888, 1848
282733, 1848
284095, 1848
15491, 1847
90389, 1847
250032, 1847
7706, 1846
45346, 1845
45809, 1845
113347, 1845
147461, 1845
150293, 1845
192882, 1845
220179, 1845
251689, 1845
267781, 1845
168056, 1844
252860, 1844
120850, 1843
122503, 1843
189998, 1842
24152, 1841
114980, 1841
115172, 1841
198556, 1841
236490, 1841
2082, 1840
113037, 1840
194074, 1840
204860, 1840
286050, 1840
288085, 1840
29321, 1839
84633, 1839
91763, 1839
155686, 1839
9133, 1837
21388, 1837
56673, 1837
65316, 1837
74427, 1837
249653, 1836
8189, 1835
68395, 1835
88680, 1835
149381, 1835
166233, 1835
179527, 1835
182746, 1835
192698, 1835
199641, 1835
219031, 1835
220375, 1835
242265, 1835
83633, 1833
205026, 1832
561, 1831
23121, 1831
65715, 1830
129297, 1829
136949, 1829
140665, 1829
140735, 1829
144086, 1829
152809, 1829
176250, 1829
178837, 1829
190629, 1829
201138, 1829
91683, 1827
35443, 1826
19481, 1825
37598, 1825
39327, 1825
65431, 1825
14926, 1824
19691, 1824
50365, 1824
74908, 1824
151795, 1824
187456, 1824
285046, 1824
25186, 1823
148080, 1822
158342, 1822
42044, 1821
55304, 1821
88602, 1821
96312, 1821
97137, 1821
101451, 1821
110908, 1821
111820, 1821
115404, 1821
137459, 1821
140211, 1821
145012, 1821
150942, 1821
169188, 1821
197736, 1821
201701, 1821
219695, 1821
241758, 1821
257453, 1821
292222, 1821
18215, 1820
31348, 1820
36342, 1820
98848, 1820
161649, 1820
192840, 1820
76419, 1819
82718, 1819
83183, 1819
99085, 1819
104415, 1818
231473, 1818
293117, 1818
75859, 1817
96130, 1817
17420, 1815
67886, 1815
20309, 1813
231381, 1813
5566, 1812
7389, 1812
12417, 1812
19020, 1812
19993, 1812
77890, 1812
96256, 1812
192464, 1811
296015, 1811
43818, 1810
54473, 1810
55270, 1810
60381, 1810
68941, 1810
83773, 1810
109098, 1810
209738, 1810
12638, 1809
13586, 1809
22258, 1809
22290, 1809
24907, 1809
30326, 1809
49475, 1809
55720, 1809
62591, 1809
68689, 1809
88015, 1809
133786, 1809
166546, 1809
221137, 1809
226121, 1809
265446, 1809
15121, 1807
129390, 1807
248731, 1807
252897, 1807
13347, 1806
177408, 1806
51223, 1805
65314, 1805
88351, 1805
120049, 1805
125163, 1805
163277, 1805
201404, 1805
202147, 1805
216201, 1805
225669, 1805
238834, 1805
246910, 1805
278652, 1805
510, 1803
76548, 1803
276278, 1803
291374, 1802
103495, 1801
155126, 1800
258412, 1800
32662, 1799
33379, 1799
33614, 1799
36496, 1799
39500, 1799
40433, 1799
42566, 1799
43039, 1799
52499, 1799
62084, 1799
69910, 1799
70310, 1799
77163, 1799
79369, 1799
82217, 1799
100063, 1799
126740, 1799
137134, 1799
157259, 1799
159213, 1799
205929, 1799
216916, 1799
217055, 1799
217668, 1799
233994, 1799
255925, 1799
257268, 1799
260153, 1799
261454, 1799
266004, 1799
283381, 1799
292520, 1799
7113, 1798
17377, 1798
27576, 1798
257915, 1798
87682, 1797
139696, 1797
221276, 1797
284773, 1797
81762, 1796
83818, 1796
89140, 1796
287650, 1793
3628, 1791
215763, 1791
20289, 1789
61784, 1789
81454, 1789
88833, 1789
115648, 1789
163162, 1789
215188, 1789
1957, 1788
56893, 1788
89572, 1788
104082, 1788
179847, 1788
3407, 1787
20129, 1787
51747, 1787
56978, 1787
103703, 1787
143238, 1787
41789, 1786
121384, 1786
210112, 1786
249490, 1783
211767, 1782
268327, 1782
11452, 1781
20616, 1781
19365, 1780
60471, 1780
212938, 1780
12842, 1778
69692, 1778
98360, 1778
136537, 1778
150470, 1778
150709, 1778
148546, 1775
157609, 1775
236295, 1775
280321, 1775
291267, 1775
16573, 1774
80335, 1774
172871, 1774
156282, 1773
295572, 1773
95788, 1771
150387, 1771
160437, 1771
269781, 1771
296445, 1771
25201, 1770
55680, 1770
58457, 1770
117724, 1770
164681, 1770
175265, 1770
199609, 1770
281649, 1770
282520, 1770
283699, 1770
284332, 1770
37274, 1768
180487, 1768
182301, 1768
208261, 1768
227129, 1768
281692, 1768
37870, 1767
64141, 1767
82611, 1767
116645, 1767
211921, 1767
223270, 1767
244689, 1767
254883, 1767
280577, 1767
295266, 1767
56185, 1766
102015, 1766
109581, 1766
39037, 1765
42063, 1765
48343, 1765
64810, 1765
67355, 1765
68628, 1765
77059, 1765
85937, 1765
87402, 1765
98522, 1765
117449, 1765
137969, 1765
146057, 1765
167626, 1765
170326, 1765
170971, 1765
217323, 1765
247328, 1765
268157, 1765
276535, 1765
30723, 1762
87224, 1762
212868, 1762
184567, 1760
273577, 1760
51569, 1759
62932, 1759
129372, 1759
135134, 1759
184250, 1759
193268, 1759
85739, 1758
245303, 1758
1305, 1757
165544, 1756
278576, 1756
184744, 1755
213124, 1755
13284, 1754
199684, 1754
54657, 1753
70270, 1753
76282, 1753
80457, 1753
114598, 1753
166782, 1753
88279, 1752
162049, 1752
22213, 1751
26954, 1751
31948, 1751
267155, 1751
119187, 1750
146242, 1750
9216, 1749
27290, 1749
48362, 1748
67394, 1748
69537, 1748
121011, 1748
126942, 1748
181271, 1748
246614, 1748
255992, 1748
256670, 1748
272003, 1748
285745, 1748
218099, 1747
48632, 1746
86423, 1745
119999, 1745
132884, 1745
147867, 1745
148809, 1745
224618, 1745
274871, 1745
285841, 1745
145903, 1744
147969, 1744
167449, 1744
171573, 1744
217705, 1744
227318, 1744
229907, 1744
232994, 1744
242128, 1744
263361, 1744
264968, 1744
284187, 1744
284605, 1744
171522, 1743
173017, 1743
181921, 1743
184148, 1743
188947, 1743
189409, 1743
189839, 1743
198448, 1743
200146, 1743
202171, 1743
211500, 1743
213312, 1743
231508, 1743
236604, 1743
243407, 1743
244288, 1743
254884, 1743
281341, 1743
285898, 1743
41126, 1742
81826, 1742
100939, 1742
136257, 1742
155800, 1742
223408, 1742
8386, 1741
38946, 1741
49148, 1741
55966, 1741
57145, 1741
68566, 1741
69161, 1741
74442, 1741
81834, 1741
85954, 1741
91107, 1741
92246, 1741
93466, 1741
99250, 1741
111146, 1741
112160, 1741
112332, 1741
114072, 1741
123911, 1741
124125, 1741
132704, 1741
134738, 1741
141401, 1741
147485, 1741
151456, 1741
155276, 1741
159968, 1741
170813, 1741
171386, 1741
177707, 1741
179444, 1741
184782, 1741
188470, 1741
190856, 1741
191589, 1741
200965, 1741
204843, 1741
207254, 1741
224232, 1741
235035, 1741
243776, 1741
250843, 1741
251968, 1741
252654, 1741
253362, 1741
255438, 1741
263328, 1741
263774, 1741
265050, 1741
265603, 1741
266415, 1741
291663, 1741
292717, 1741
90934, 1739
179140, 1739
140806, 1738
102974, 1737
136982, 1737
22341, 1736
23923, 1736
33444, 1736
48914, 1735
87840, 1735
251859, 1734
159838, 1733
176713, 1733
185067, 1733
277349, 1732
74487, 1731
77501, 1731
209129, 1731
101128, 1730
138169, 1729
5934, 1728
56877, 1728
78338, 1728
197811, 1728
229585, 1728
293026, 1728
110686, 1726
116299, 1726
129458, 1726
185772, 1726
10909, 1725
161131, 1725
163460, 1725
228149, 1725
9610, 1724
169937, 1724
190238, 1724
283141, 1724
144162, 1723
37555, 1721
13987, 1720
19104, 1719
170448, 1719
75244, 1718
23608, 1717
68769, 1716
77928, 1716
82971, 1716
89481, 1716
90837, 1716
145819, 1716
150306, 1716
182333, 1716
182965, 1716
191566, 1716
198713, 1716
199233, 1716
218372, 1716
24591, 1715
65710, 1715
166574, 1715
175879, 1715
183083, 1715
218113, 1715
263923, 1715
27927, 1714
71125, 1714
26519, 1713
29464, 1713
195374, 1713
210613, 1713
223351, 1713
255234, 1713
256700, 1713
272538, 1713
275584, 1713
277798, 1713
279430, 1713
282262, 1713
79224, 1712
115253, 1712
160056, 1712
63694, 1711
157003, 1711
288600, 1711
130593, 1709
171949, 1709
191807, 1709
92832, 1708
156406, 1708
186783, 1708
202922, 1708
263833, 1708
274326, 1708
276918, 1708
12196, 1707
50100, 1707
62898, 1707
103504, 1707
111173, 1707
111462, 1707
130577, 1707
144623, 1707
149884, 1707
163285, 1707
163937, 1707
180295, 1707
180954, 1707
185203, 1707
188174, 1707
212856, 1707
216395, 1707
223195, 1707
235547, 1707
239159, 1707
239356, 1707
245469, 1707
248260, 1707
283800, 1707
288893, 1707
81985, 1706
132484, 1706
154138, 1706
202966, 1706
215101, 1706
266449, 1706
77158, 1705
212812, 1704
160839, 1703
168237, 1703
74026, 1702
96095, 1702
257127, 1702
22240, 1701
34052, 1701
72815, 1701
197334, 1701
267381, 1701
109630, 1700
252181, 1700
253698, 1700
146778, 1698
40193, 1697
32387, 1696
75853, 1696
78185, 1696
88715, 1696
159791, 1696
215579, 1696
230545, 1696
251526, 1696
78193, 1694
113301, 1694
114869, 1694
182997, 1694
1567, 1693
126474, 1693
28910, 1692
69838, 1692
180843, 1692
28494, 1691
29470, 1691
82880, 1691
170211, 1690
31733, 1689
55424, 1689
77218, 1689
2918, 1687
47624, 1687
64886, 1687
131174, 1687
296492, 1687
275474, 1686
54120, 1684
205915, 1684
15266, 1683
26589, 1683
92726, 1683
173886, 1683
189444, 1683
259250, 1683
280925, 1683
23731, 1682
136462, 1682
196415, 1682
27381, 1681
161132, 1681
47414, 1680
113728, 1680
171382, 1680
25323, 1679
52336, 1679
204156, 1679
39655, 1678
98570, 1678
163415, 1678
269988, 1678
107656, 1677
161326, 1677
220063, 1677
143782, 1676
238097, 1676
24268, 1675
27048, 1674
28484, 1674
29519, 1674
78218, 1674
135400, 1674
249594, 1674
134663, 1673
138799, 1673
147197, 1673
287856, 1672
68775, 1670
226710, 1670
61601, 1669
85710, 1668
134383, 1668
186846, 1668
17800, 1667
58284, 1667
98763, 1667
217964, 1667
252747, 1667
63684, 1666
108152, 1666
209902, 1666
223316, 1666
226629, 1666
51950, 1665
189786, 1665
150444, 1664
126385, 1663
144011, 1663
22038, 1662
94495, 1662
95148, 1662
123857, 1662
143388, 1662
13671, 1660
17760, 1660
22791, 1660
81344, 1660
88042, 1660
107275, 1660
165759, 1660
200030, 1660
270787, 1660
273996, 1660
142746, 1659
35504, 1658
135635, 1658
180552, 1658
44614, 1657
31387, 1656
82028, 1656
82413, 1656
88136, 1656
112982, 1656
161040, 1656
70596, 1655
140381, 1655
262287, 1655
5496, 1653
34008, 1653
73420, 1653
157298, 1651
275620, 1651
16257, 1650
92920, 1650
118651, 1650
185292, 1650
9700, 1649
32990, 1649
52215, 1648
80595, 1648
256409, 1648
47604, 1647
82316, 1647
97162, 1647
166116, 1647
175229, 1647
277367, 1647
18290, 1646
60959, 1646
281282, 1646
128296, 1645
21540, 1643
34983, 1643
98837, 1643
151766, 1643
168919, 1643
179396, 1643
280148, 1643
37322, 1642
59052, 1642
100849, 1642
154261, 1642
241379, 1642
292517, 1642
122232, 1640
14511, 1637
41647, 1637
46115, 1637
47211, 1637
55879, 1637
135177, 1637
135993, 1637
180842, 1637
173920, 1634
254586, 1634
17026, 1633
27747, 1633
50479, 1633
187669, 1633
10645, 1632
35684, 1632
37177, 1632
138120, 1632
118536, 1631
124272, 1631
295410, 1631
102583, 1628
136201, 1628
161187, 1628
217714, 1628
40591, 1627
172197, 1627
260358, 1627
71712, 1625
294266, 1625
73980, 1624
289003, 1624
180095, 1623
13469, 1622
63979, 1622
72833, 1621
108981, 1620
287963, 1619
27339, 1618
2846, 1617
23797, 1617
52411, 1617
107389, 1617
112443, 1617
140194, 1617
292382, 1617
19927, 1616
43099, 1616
69303, 1616
209803, 1616
26261, 1615
144946, 1615
200502, 1615
286922, 1615
43798, 1613
87242, 1613
79698, 1612
82918, 1612
84753, 1612
191027, 1612
244376, 1612
283468, 1612
232950, 1611
3121, 1610
49374, 1610
136488, 1610
247423, 1610
205507, 1609
42907, 1608
129908, 1608
36004, 1606
59045, 1605
73227, 1605
74333, 1605
84783, 1605
106686, 1605
171711, 1605
182358, 1605
199713, 1605
220876, 1605
229173, 1605
244753, 1605
247049, 1605
294095, 1604
33123, 1603
84688, 1603
282357, 1603
140149, 1601
108490, 1598
251936, 1598
282048, 1598
198961, 1597
100049, 1596
265068, 1596
177342, 1595
41284, 1594
175525, 1594
142721, 1593
180774, 1591
53729, 1590
176187, 1590
192039, 1590
7427, 1589
107691, 1589
23125, 1587
178392, 1587
149868, 1586
169193, 1586
226005, 1585
26392, 1584
32260, 1584
35054, 1584
70055, 1584
102339, 1584
130901, 1584
145843, 1584
156872, 1584
163229, 1584
214385, 1584
234015, 1584
260371, 1584
168857, 1583
17553, 1582
78647, 1582
254391, 1581
68211, 1579
177583, 1578
260562, 1578
284557, 1578
51064, 1577
75211, 1577
85280, 1577
87744, 1577
8850, 1576
120661, 1576
194115, 1576
209292, 1576
253541, 1574
58842, 1573
61002, 1573
66351, 1573
106713, 1573
141478, 1573
213127, 1573
217303, 1573
233870, 1573
244840, 1573
252437, 1573
215938, 1572
60526, 1571
39043, 1570
61694, 1570
73925, 1570
106990, 1570
164259, 1570
202618, 1570
233569, 1570
96268, 1569
176674, 1569
123901, 1568
290091, 1568
62128, 1567
117674, 1567
29879, 1566
38501, 1566
43941, 1566
65034, 1566
92834, 1566
71752, 1565
106739, 1565
113974, 1565
178936, 1565
185305, 1565
204625, 1565
223230, 1565
278319, 1565
83315, 1564
250358, 1564
160798, 1563
6661, 1562
51183, 1562
80901, 1562
151038, 1562
158800, 1562
227429, 1562
239620, 1562
13054, 1561
25610, 1561
39283, 1561
75062, 1561
129169, 1561
179031, 1561
33250, 1559
34451, 1559
100640, 1559
208504, 1559
273543, 1559
288660, 1559
29426, 1558
6803, 1557
19216, 1557
112624, 1557
2736, 1556
6173, 1556
17380, 1556
56244, 1556
158258, 1556
120203, 1555
68074, 1554
97354, 1554
124725, 1554
239625, 1554
26478, 1553
37231, 1553
49072, 1552
86496, 1552
276156, 1552
15398, 1551
77793, 1551
259299, 1551
9923, 1550
135320, 1550
43833, 1549
57635, 1549
81842, 1549
88571, 1549
134608, 1549
152917, 1549
221162, 1549
81371, 1548
136316, 1548
137361, 1548
141374, 1548
145271, 1548
16390, 1547
64074, 1547
260397, 1547
50854, 1546
81493, 1546
143351, 1546
162515, 1546
185947, 1546
78145, 1545
239972, 1545
87707, 1544
131741, 1544
31327, 1543
261773, 1543
288693, 1543
28201, 1542
47039, 1542
49244, 1542
261675, 1542
119185, 1541
193296, 1541
57028, 1540
119331, 1540
205606, 1540
217149, 1540
4707, 1539
44311, 1539
289208, 1539
291656, 1539
18458, 1538
21759, 1538
260067, 1538
30692, 1537
690, 1536
4040, 1536
87273, 1536
176884, 1536
16987, 1535
105934, 1535
291780, 1535
8828, 1534
9625, 1534
9965, 1534
10417, 1534
18054, 1534
18972, 1534
19288, 1534
21466, 1534
22551, 1534
24318, 1534
37969, 1534
288262, 1533
38320, 1532
60594, 1532
147428, 1532
211707, 1532
231696, 1532
67803, 1531
79917, 1531
114760, 1531
129760, 1531
124207, 1530
46255, 1529
68866, 1529
140325, 1529
170719, 1529
9916, 1528
26564, 1528
79493, 1528
126909, 1528
147009, 1528
274509, 1528
127624, 1527
206083, 1527
281418, 1527
22760, 1526
25519, 1526
54795, 1526
86739, 1526
131314, 1526
169334, 1526
182711, 1526
183218, 1526
202823, 1526
205489, 1526
229254, 1526
253473, 1526
265819, 1526
26713, 1525
42084, 1525
88938, 1525
94154, 1525
153809, 1525
21545, 1524
34634, 1524
41940, 1524
46137, 1524
94486, 1524
97858, 1524
102078, 1524
117091, 1524
205733, 1524
263745, 1524
33313, 1523
78184, 1523
201606, 1523
83134, 1522
247108, 1522
2157, 1520
74269, 1520
127956, 1520
131765, 1520
1441, 1519
6235, 1519
14403, 1519
72561, 1519
102791, 1519
125464, 1519
125938, 1519
131466, 1519
140261, 1519
154059, 1519
161788, 1519
190543, 1519
192429, 1519
199582, 1519
221883, 1519
248762, 1519
38948, 1518
162294, 1518
274255, 1518
5131, 1517
95578, 1517
189548, 1517
47080, 1516
99636, 1516
123828, 1516
127663, 1516
128626, 1516
237904, 1516
22594, 1515
98902, 1515
107559, 1515
289357, 1515
17878, 1514
36810, 1514
55219, 1514
67003, 1514
116124, 1514
124033, 1514
285435, 1514
76979, 1513
87942, 1513
130048, 1513
236832, 1513
251651, 1513
11257, 1512
13377, 1512
18912, 1512
84844, 1512
265046, 1512
927, 1511
3746, 1511
7456, 1511
31344, 1511
71987, 1511
72722, 1511
74130, 1511
75844, 1511
83052, 1511
88255, 1511
109583, 1511
110095, 1511
126115, 1511
132707, 1511
137577, 1511
153917, 1511
157887, 1511
194456, 1511
197329, 1511
200559, 1511
208442, 1511
218900, 1511
222472, 1511
243138, 1511
273738, 1511
273921, 1511
282962, 1511
14572, 1510
20639, 1510
102667, 1510
105021, 1510
169047, 1510
268030, 1510
30226, 1509
67340, 1507
83747, 1507
74240, 1506
118029, 1506
279042, 1506
91651, 1505
13914, 1504
189138, 1504
236312, 1504
66499, 1503
87923, 1503
106466, 1503
123590, 1503
25890, 1502
56755, 1501
78527, 1501
127308, 1500
237578, 1500
11973, 1499
36040, 1499
41887, 1499
57338, 1499
78031, 1499
130123, 1499
142356, 1499
145497, 1499
152522, 1499
184661, 1499
197243, 1499
198812, 1499
236218, 1499
20299, 1498
64807, 1498
83942, 1498
162366, 1498
182822, 1498
229954, 1498
268334, 1498
21267, 1497
31342, 1497
38154, 1497
43228, 1497
52366, 1497
57095, 1497
70040, 1497
84611, 1497
87165, 1497
96969, 1497
116570, 1497
116628, 1497
154994, 1497
158544, 1497
162218, 1497
174196, 1497
181232, 1497
187193, 1497
192473, 1497
205422, 1497
217051, 1497
287950, 1497
29562, 1496
46896, 1496
119053, 1496
131002, 1496
205935, 1496
230019, 1496
239064, 1496
240253, 1496
257513, 1496
270189, 1496
295123, 1496
69201, 1495
145222, 1495
182490, 1495
61043, 1494
80444, 1494
108171, 1494
110756, 1494
20604, 1493
28514, 1493
118216, 1493
141746, 1493
230134, 1493
96024, 1492
99024, 1492
122278, 1492
156560, 1492
169012, 1492
191983, 1492
234722, 1492
236479, 1492
256894, 1492
32001, 1491
189530, 1491
202317, 1491
218730, 1491
225107, 1491
12585, 1490
21205, 1490
68762, 1490
71347, 1490
112326, 1490
122924, 1490
186903, 1490
196020, 1490
208304, 1490
224786, 1490
140858, 1489
27050, 1488
99427, 1488
243854, 1488
266952, 1486
282926, 1486
116994, 1484
205790, 1484
215673, 1484
279959, 1484
11169, 1483
109754, 1482
119264, 1482
186219, 1482
188551, 1482
219285, 1482
296340, 1482
158132, 1481
82809, 1480
103106, 1480
14159, 1479
23096, 1479
28027, 1479
77767, 1479
150644, 1479
270985, 1479
3347, 1478
25125, 1478
27687, 1478
96064, 1478
246305, 1478
262764, 1478
6081, 1477
21714, 1477
32595, 1477
49035, 1477
65798, 1477
66876, 1477
76759, 1477
79996, 1477
108180, 1477
113246, 1477
135596, 1477
140557, 1477
175089, 1477
204009, 1477
266964, 1477
175404, 1475
35665, 1474
41592, 1474
54830, 1474
33695, 1473
176085, 1473
203985, 1473
271628, 1473
18682, 1472
221846, 1472
255922, 1472
7201, 1471
30274, 1471
68371, 1471
78435, 1471
80076, 1471
88940, 1471
104051, 1471
104058, 1471
111594, 1471
123841, 1471
193714, 1471
293995, 1471
4999, 1470
25174, 1470
276723, 1470
5815, 1469
61856, 1469
63859, 1469
187653, 1469
278348, 1469
293149, 1469
132870, 1468
162882, 1468
2714, 1467
46977, 1467
87196, 1467
111872, 1467
112640, 1467
122633, 1467
194596, 1467
202134, 1467
225795, 1467
294384, 1467
11288, 1466
110249, 1466
174078, 1466
11170, 1465
42009, 1465
106749, 1465
127024, 1465
135334, 1464
140094, 1464
5777, 1463
119131, 1463
83234, 1462
11834, 1460
30435, 1460
110129, 1460
132701, 1459
162432, 1459
200026, 1459
164687, 1457
46563, 1455
199681, 1455
212610, 1455
9434, 1454
10882, 1454
32920, 1454
136652, 1454
157607, 1454
230057, 1454
250022, 1454
7886, 1453
9821, 1453
20353, 1453
20564, 1453
22308, 1453
46919, 1453
129315, 1453
161884, 1453
214967, 1453
246058, 1453
1782, 1452
225748, 1452
154212, 1450
158244, 1450
176001, 1450
70455, 1449
175217, 1449
192160, 1449
10290, 1448
67867, 1448
126581, 1448
129111, 1448
179358, 1448
262756, 1448
25199, 1447
113800, 1447
25148, 1446
34722, 1446
66538, 1446
87571, 1446
170139, 1446
268101, 1446
289972, 1445
41525, 1444
67822, 1444
172538, 1444
241127, 1444
61133, 1443
274889, 1443
65738, 1442
67000, 1442
203360, 1442
185351, 1441
190740, 1441
225086, 1441
288043, 1441
4963, 1440
14015, 1440
28075, 1440
33265, 1440
57929, 1440
77401, 1440
90438, 1440
92743, 1440
95186, 1440
98028, 1440
106028, 1440
113171, 1440
142611, 1440
149344, 1440
177043, 1440
190444, 1440
192763, 1440
290278, 1440
45069, 1439
62326, 1439
72272, 1439
78692, 1439
84515, 1439
118773, 1439
120784, 1439
143879, 1439
157164, 1439
175023, 1439
80840, 1436
97288, 1436
168454, 1436
260031, 1436
93394, 1435
96324, 1435
121986, 1435
163304, 1435
182881, 1435
239298, 1435
42892, 1432
161963, 1432
63231, 1431
142305, 1431
296478, 1431
2957, 1430
21978, 1430
48477, 1430
161334, 1430
268690, 1430
5931, 1429
23690, 1429
52497, 1429
106010, 1429
174858, 1429
190642, 1428
81425, 1427
17670, 1425
41435, 1425
150813, 1425
169486, 1425
184453, 1425
185116, 1424
9200, 1423
20653, 1423
25662, 1423
94464, 1423
133763, 1423
163393, 1423
207431, 1423
216868, 1423
30645, 1422
36659, 1422
38059, 1422
41650, 1422
46899, 1422
57367, 1422
176814, 1422
205567, 1422
19031, 1421
48020, 1421
3721, 1420
31145, 1420
87881, 1420
14510, 1419
83146, 1419
186227, 1419
84185, 1418
109175, 1418
115883, 1417
249190, 1417
289330, 1417
3548, 1414
80142, 1414
292891, 1414
37937, 1413
37339, 1412
134749, 1412
195902, 1412
29034, 1411
40368, 1411
82059, 1411
153752, 1411
164245, 1411
22915, 1409
31486, 1409
212655, 1409
270257, 1409
84126, 1408
102662, 1408
278025, 1408
8815, 1407
134988, 1407
159251, 1407
163464, 1407
185239, 1407
194263, 1407
244588, 1407
11940, 1406
29308, 1406
56862, 1406
205152, 1406
231333, 1406
32733, 1405
121847, 1405
7823, 1402
19979, 1402
60552, 1402
118362, 1402
140656, 1402
177040, 1402
228995, 1402
272393, 1402
13233, 1401
52144, 1401
255639, 1401
275314, 1401
281420, 1401
5944, 1400
148263, 1400
69788, 1398
80180, 1398
6751, 1397
52294, 1396
55640, 1396
107740, 1396
141386, 1396
272758, 1396
12843, 1395
40153, 1395
63902, 1395
67682, 1395
74683, 1395
96571, 1395
116872, 1395
123380, 1395
130359, 1395
140213, 1395
170136, 1395
275423, 1395
280507, 1395
284928, 1395
5967, 1394
42908, 1393
58867, 1392
88417, 1392
1711, 1391
2187, 1391
2556, 1391
3735, 1391
5202, 1391
5214, 1391
5661, 1391
23022, 1391
64837, 1391
148417, 1391
205739, 1391
247637, 1391
263760, 1391
283905, 1391
36755, 1390
97615, 1390
117683, 1390
250058, 1390
286223, 1390
5871, 1389
273634, 1389
285862, 1389
15793, 1388
29967, 1387
94052, 1387
9607, 1386
33053, 1386
41547, 1386
75319, 1386
160746, 1386
224822, 1386
11425, 1385
15499, 1385
24546, 1385
52272, 1385
159581, 1385
168610, 1385
187723, 1385
66428, 1384
106199, 1384
258875, 1384
291746, 1384
169218, 1383
57735, 1382
71058, 1382
189676, 1382
130655, 1381
208942, 1381
275050, 1381
289508, 1381
291818, 1381
22261, 1380
156972, 1379
240089, 1379
53697, 1378
65967, 1378
111245, 1378
205585, 1378
213004, 1378
33543, 1377
78087, 1377
226800, 1377
271975, 1377
123943, 1376
105951, 1375
110763, 1375
206347, 1375
47834, 1374
60113, 1374
162871, 1374
19346, 1373
27148, 1373
50770, 1373
58667, 1373
88006, 1373
121763, 1373
147983, 1373
176677, 1373
203772, 1373
276105, 1373
19078, 1372
58331, 1372
32308, 1371
104635, 1371
68136, 1370
127018, 1370
229360, 1370
141364, 1369
162343, 1369
31022, 1368
132804, 1368
24418, 1367
40721, 1367
99632, 1367
101096, 1367
153967, 1367
187261, 1367
200902, 1367
12763, 1366
99421, 1366
3786, 1365
90546, 1365
111044, 1365
156890, 1365
835, 1364
17390, 1364
36102, 1364
203676, 1364
47724, 1362
91476, 1362
149524, 1362
171739, 1362
225984, 1362
138528, 1361
212322, 1361
134361, 1360
154558, 1360
162195, 1360
260444, 1360
15509, 1359
86515, 1359
166079, 1359
34251, 1358
59343, 1358
65283, 1358
86301, 1358
94372, 1358
117357, 1358
154923, 1358
242497, 1358
41390, 1357
64656, 1357
30212, 1356
125910, 1356
16025, 1355
41959, 1355
55215, 1355
83174, 1355
86848, 1355
103472, 1355
116285, 1355
245654, 1355
283479, 1355
1160, 1354
9567, 1354
73041, 1354
119199, 1354
10861, 1353
45339, 1352
70434, 1352
179429, 1352
184376, 1352
242813, 1352
266642, 1352
277108, 1352
64599, 1351
77551, 1351
96394, 1351
136721, 1351
136934, 1351
140610, 1351
142225, 1351
150593, 1351
152553, 1351
163941, 1351
171394, 1351
172733, 1351
177722, 1351
185185, 1351
194337, 1351
195678, 1351
202929, 1351
215985, 1351
225022, 1351
231799, 1351
233328, 1351
239651, 1351
241436, 1351
259664, 1351
269190, 1351
205016, 1350
33503, 1349
52535, 1349
94654, 1349
276462, 1349
14011, 1348
18640, 1348
195875, 1348
14651, 1347
38754, 1347
57224, 1347
58305, 1347
61512, 1347
75992, 1347
107077, 1347
147749, 1347
162438, 1347
187919, 1347
230712, 1347
247852, 1347
254038, 1347
147592, 1346
4680, 1345
157622, 1345
219762, 1345
63043, 1344
71694, 1344
155079, 1344
168301, 1344
193396, 1344
272394, 1344
290508, 1344
16528, 1342
36295, 1342
42839, 1342
104813, 1342
157914, 1342
188304, 1342
257376, 1342
19202, 1341
30192, 1341
56467, 1341
175754, 1341
276316, 1341
265790, 1340
35733, 1339
210770, 1338
43815, 1337
70312, 1337
72415, 1337
75589, 1337
130766, 1337
135422, 1337
208931, 1337
217869, 1337
258987, 1337
38135, 1336
124608, 1336
216351, 1336
278674, 1336
28978, 1335
44694, 1335
45536, 1335
51262, 1335
62397, 1335
103480, 1335
105292, 1335
111319, 1335
114558, 1335
194453, 1335
237905, 1335
252499, 1335
268187, 1335
276859, 1335
20369, 1334
81557, 1334
86761, 1334
101298, 1334
107229, 1334
113715, 1334
132969, 1334
189809, 1334
255350, 1334
277204, 1334
294392, 1334
20355, 1331
46442, 1331
47429, 1331
74312, 1331
134068, 1331
191021, 1331
50443, 1330
61541, 1330
74893, 1330
75137, 1330
92059, 1330
95104, 1330
100194, 1330
106414, 1330
109860, 1330
112164, 1330
116479, 1330
128051, 1330
128417, 1330
128841, 1330
137216, 1330
141420, 1330
142728, 1330
150438, 1330
152524, 1330
153652, 1330
156020, 1330
159354, 1330
167558, 1330
187944, 1330
192322, 1330
202600, 1330
203359, 1330
206425, 1330
207214, 1330
214567, 1330
226129, 1330
231715, 1330
244625, 1330
248064, 1330
249064, 1330
252763, 1330
261502, 1330
263677, 1330
272325, 1330
277897, 1330
293101, 1330
250438, 1329
10667, 1328
21358, 1328
152017, 1328
192094, 1328
216300, 1328
254484, 1328
11229, 1326
52003, 1326
77667, 1326
23824, 1325
47062, 1325
72534, 1325
82346, 1325
214116, 1325
265234, 1325
167431, 1324
201190, 1324
24731, 1323
143441, 1323
256791, 1323
9881, 1322
13373, 1322
226050, 1322
215, 1321
224946, 1321
66140, 1319
179932, 1319
121853, 1318
5635, 1317
15643, 1317
91164, 1317
147820, 1317
240671, 1317
264911, 1317
35946, 1316
187267, 1316
238618, 1316
278614, 1316
80409, 1315
13423, 1314
14246, 1314
42729, 1314
47187, 1314
61896, 1314
63335, 1314
77545, 1314
135581, 1314
192563, 1314
209228, 1314
51483, 1313
61423, 1313
102456, 1313
122532, 1313
210630, 1313
219450, 1313
222415, 1313
155770, 1312
111182, 1311
147119, 1311
25963, 1310
133222, 1310
178051, 1310
255183, 1310
279052, 1310
288761, 1310
43015, 1309
72915, 1309
62830, 1308
88133, 1308
211624, 1308
62482, 1307
104600, 1307
177267, 1307
197870, 1307
23419, 1306
34549, 1306
87663, 1306
106648, 1306
224914, 1306
235261, 1306
296211, 1306
84481, 1303
175255, 1303
178305, 1303
200547, 1303
246978, 1303
274189, 1303
68571, 1302
148562, 1302
176447, 1302
58229, 1301
247945, 1301
108784, 1300
111266, 1300
112121, 1300
144444, 1300
159059, 1300
161380, 1300
237620, 1300
69076, 1299
130298, 1299
200519, 1299
209948, 1299
242577, 1299
260246, 1299
62616, 1298
71976, 1298
122509, 1298
123070, 1298
74580, 1297
88194, 1297
124940, 1297
232734, 1297
247488, 1297
256531, 1297
33116, 1296
57600, 1296
85344, 1296
124026, 1296
187215, 1296
281541, 1296
35297, 1295
58852, 1295
100413, 1295
165336, 1295
170872, 1295
211521, 1295
110853, 1294
69347, 1293
103863, 1293
112011, 1293
138912, 1293
170654, 1293
172245, 1293
178914, 1293
191319, 1293
217453, 1293
225738, 1293
257802, 1293
271862, 1293
293264, 1293
295873, 1293
134128, 1292
151841, 1292
199142, 1292
284829, 1292
13569, 1291
93472, 1291
134328, 1291
141048, 1291
164618, 1291
187779, 1291
234815, 1291
246270, 1291
294082, 1291
5952, 1290
20318, 1290
35090, 1290
16174, 1289
53186, 1289
48658, 1288
55239, 1288
296448, 1288
98882, 1287
103436, 1287
112352, 1287
210138, 1287
247686, 1287
248227, 1287
250173, 1287
262280, 1287
271580, 1287
272736, 1287
50399, 1286
143309, 1286
37195, 1285
57663, 1285
65292, 1285
75436, 1285
102770, 1285
120091, 1285
140565, 1285
240095, 1285
247171, 1285
60950, 1284
213379, 1284
258192, 1284
296566, 1284
146198, 1283
150933, 1283
175641, 1283
193747, 1283
213356, 1283
224117, 1283
290404, 1283
7617, 1282
114899, 1282
125267, 1282
175428, 1282
227583, 1282
7744, 1280
49683, 1280
95281, 1280
113220, 1280
130356, 1280
138217, 1280
29026, 1279
48709, 1279
53952, 1279
126603, 1279
266189, 1279
17711, 1278
91361, 1278
101290, 1278
102405, 1278
120965, 1278
138767, 1278
150249, 1278
198631, 1278
247894, 1278
276645, 1278
296230, 1278
11699, 1277
36538, 1277
42472, 1277
119903, 1277
22112, 1275
29888, 1275
97815, 1274
50464, 1273
57342, 1273
60222, 1273
232153, 1273
263194, 1273
33826, 1272
81520, 1272
131109, 1272
228078, 1272
268207, 1272
10441, 1271
23028, 1271
28931, 1271
65698, 1271
68313, 1271
123301, 1271
2661, 1270
10331, 1270
26500, 1270
28022, 1270
35833, 1270
54128, 1270
107817, 1270
212061, 1270
247691, 1270
132729, 1269
143527, 1269
175793, 1269
212467, 1269
248552, 1269
251010, 1269
285690, 1269
71273, 1268
24216, 1267
74846, 1267
96547, 1267
151798, 1267
12101, 1266
52997, 1266
60728, 1266
285149, 1266
49003, 1265
51134, 1265
69383, 1265
85660, 1265
105310, 1265
118609, 1265
152029, 1265
159997, 1265
223884, 1265
12928, 1263
59370, 1263
93507, 1263
145521, 1263
162547, 1263
169842, 1263
191651, 1263
269816, 1263
76087, 1262
79730, 1262
170942, 1262
62941, 1261
85468, 1261
180001, 1261
247071, 1261
126269, 1260
150290, 1260
118537, 1259
15049, 1258
56378, 1258
57628, 1258
127337, 1258
135980, 1258
17332, 1257
21221, 1257
30150, 1257
45224, 1257
133772, 1257
141645, 1257
183112, 1257
223639, 1257
293380, 1257
13042, 1256
54451, 1256
120985, 1256
213282, 1256
227328, 1256
785, 1255
50868, 1255
239259, 1254
17232, 1252
21743, 1252
103557, 1252
146935, 1252
213471, 1252
229278, 1252
18434, 1251
84142, 1251
284843, 1251
30928, 1250
137123, 1250
250576, 1250
255711, 1250
36532, 1249
131323, 1249
147425, 1249
179646, 1249
291012, 1249
23325, 1248
77569, 1248
80878, 1248
86904, 1248
114925, 1248
131747, 1248
145394, 1248
198067, 1248
223715, 1248
15006, 1247
29788, 1247
43389, 1247
60043, 1247
88777, 1247
96964, 1247
119261, 1247
147446, 1247
147972, 1247
150046, 1247
151084, 1247
163767, 1247
11187, 1246
53452, 1246
83605, 1246
99820, 1246
133364, 1246
235414, 1246
240171, 1246
6384, 1245
19059, 1245
20360, 1245
35568, 1245
188597, 1245
233877, 1245
254512, 1245
67770, 1244
125706, 1244
174724, 1244
180518, 1244
11160, 1243
46621, 1243
72748, 1243
74349, 1243
86847, 1243
55784, 1242
25737, 1241
38855, 1241
74096, 1241
80968, 1241
84197, 1241
84360, 1241
102193, 1241
131429, 1241
162856, 1241
181018, 1241
200213, 1241
294187, 1241
1013, 1240
48396, 1240
55109, 1240
80971, 1240
104021, 1240
106986, 1240
132942, 1240
138291, 1240
157683, 1240
21060, 1239
27643, 1239
65929, 1239
144921, 1239
3359, 1238
10840, 1238
32949, 1237
64863, 1237
92069, 1237
102190, 1237
102320, 1236
203212, 1236
230992, 1236
13818, 1235
98817, 1235
30842, 1234
235927, 1234
39745, 1233
159012, 1233
209912, 1233
214162, 1233
4944, 1232
49939, 1232
192260, 1232
15673, 1231
28971, 1231
86878, 1231
90503, 1231
103860, 1231
117017, 1231
217070, 1231
5413, 1230
42003, 1230
112703, 1230
187101, 1230
235426, 1230
916, 1229
6397, 1229
73424, 1229
192097, 1229
57716, 1228
41677, 1227
45658, 1227
89115, 1227
132180, 1227
207636, 1227
215998, 1227
89073, 1226
139889, 1226
164904, 1226
257052, 1226
263580, 1226
82181, 1225
144675, 1225
20010, 1224
29922, 1224
68236, 1224
176429, 1224
13614, 1223
19092, 1223
33405, 1223
82313, 1223
157304, 1223
286873, 1223
18142, 1222
51406, 1222
57074, 1222
92771, 1222
145471, 1222
196430, 1222
277094, 1222
286213, 1222
4452, 1221
9944, 1221
12523, 1221
40560, 1221
93910, 1221
141676, 1221
173161, 1221
175035, 1221
226079, 1221
228680, 1221
287816, 1221
39786, 1220
80511, 1220
294323, 1220
38931, 1219
42251, 1219
47990, 1219
62323, 1219
117158, 1219
166808, 1219
227854, 1219
14452, 1218
43946, 1218
49168, 1218
55284, 1218
63819, 1218
183418, 1218
195088, 1218
286557, 1218
25513, 1217
60633, 1217
166707, 1216
238903, 1216
28250, 1215
50367, 1215
65985, 1215
70728, 1215
106162, 1215
109778, 1215
118096, 1215
157562, 1215
164974, 1215
65658, 1214
72419, 1214
126068, 1214
139882, 1214
214022, 1214
225261, 1214
293414, 1214
55659, 1213
96986, 1213
105308, 1213
146627, 1213
153404, 1213
216455, 1213
14458, 1212
38724, 1212
77206, 1212
255631, 1212
6616, 1211
36871, 1211
74079, 1211
102499, 1211
134603, 1211
181162, 1211
9273, 1210
179165, 1210
36666, 1209
80070, 1209
133207, 1209
141769, 1209
250780, 1208
1678, 1207
46520, 1207
70691, 1207
114817, 1207
115755, 1207
132563, 1207
190203, 1207
209770, 1207
260503, 1207
9185, 1206
50429, 1206
64744, 1206
67237, 1206
99172, 1206
119845, 1206
141277, 1206
152508, 1206
242621, 1206
258093, 1206
17361, 1205
42281, 1205
49864, 1205
207546, 1205
217915, 1205
231915, 1205
258299, 1205
284011, 1205
32492, 1204
61345, 1204
123436, 1204
146068, 1204
163628, 1204
243247, 1204
40203, 1203
46683, 1203
50852, 1203
20317, 1202
32264, 1202
34078, 1202
41036, 1202
44657, 1202
105943, 1202
174027, 1202
206303, 1202
8933, 1201
14876, 1201
15663, 1201
92350, 1201
177208, 1201
7851, 1200
8983, 1200
15407, 1200
15875, 1200
17835, 1200
19531, 1200
26870, 1200
43712, 1200
83334, 1200
94378, 1200
100141, 1200
161576, 1200
234085, 1200
11777, 1199
22073, 1199
48273, 1199
81512, 1199
93035, 1199
165209, 1199
218606, 1199
239996, 1199
247716, 1199
256931, 1199
31544, 1198
80603, 1198
97430, 1198
137904, 1198
70600, 1197
107574, 1197
132334, 1197
210652, 1197
263483, 1197
278555, 1197
15627, 1196
20519, 1196
20688, 1196
128237, 1196
134066, 1196
163300, 1196
5780, 1195
8519, 1195
12729, 1195
26009, 1195
34276, 1195
58966, 1195
80719, 1195
119443, 1195
139558, 1195
1387, 1194
12931, 1194
14582, 1194
52442, 1194
89392, 1194
93290, 1194
130851, 1194
148800, 1194
275432, 1194
282931, 1194
116082, 1193
183678, 1193
270097, 1193
660, 1192
22489, 1192
35244, 1192
52328, 1192
80712, 1192
98306, 1192
114124, 1192
137688, 1192
173095, 1192
213759, 1192
239455, 1192
295811, 1192
10189, 1191
22562, 1191
49561, 1191
23356, 1190
55308, 1190
72332, 1190
205434, 1190
208322, 1190
15539, 1189
118668, 1189
195600, 1189
29460, 1188
46907, 1188
53515, 1188
57616, 1188
59828, 1188
73362, 1188
112877, 1188
172898, 1188
188343, 1188
1439, 1187
80569, 1187
1330, 1186
13839, 1186
113450, 1186
135619, 1186
139306, 1186
208869, 1186
277696, 1186
61392, 1185
73298, 1185
78661, 1185
151322, 1185
154536, 1185
156918, 1185
167527, 1185
197144, 1185
247624, 1185
285942, 1185
268584, 1184
77060, 1183
276893, 1183
284787, 1183
2919, 1182
17790, 1182
18959, 1182
35293, 1182
64635, 1182
128010, 1182
154238, 1182
159223, 1182
201381, 1182
235290, 1182
270134, 1182
284690, 1182
12905, 1181
13635, 1181
14342, 1181
38733, 1181
49946, 1181
55736, 1181
80270, 1181
106193, 1181
146155, 1181
172989, 1181
175826, 1181
250812, 1181
259387, 1181
275152, 1181
296479, 1181
8701, 1180
11350, 1180
63318, 1180
226522, 1180
1034, 1179
67181, 1179
78511, 1179
100039, 1179
106065, 1179
106126, 1179
153437, 1179
269466, 1179
79756, 1178
170349, 1178
171286, 1178
179333, 1178
210922, 1178
242411, 1178
255812, 1178
283924, 1178
24075, 1177
36081, 1177
88480, 1177
168011, 1177
263469, 1177
286457, 1177
41531, 1176
83780, 1176
85200, 1176
87741, 1176
92606, 1176
112906, 1176
103633, 1175
105485, 1175
118883, 1175
285860, 1175
7525, 1174
18117, 1174
27205, 1174
45088, 1174
47107, 1174
55055, 1174
81899, 1174
105408, 1174
106136, 1174
143262, 1174
179846, 1174
24749, 1173
39627, 1173
104307, 1173
105825, 1173
109775, 1173
117918, 1173
155441, 1173
186156, 1173
217604, 1173
295631, 1173
3050, 1172
7501, 1172
12090, 1172
28370, 1172
40865, 1172
46064, 1172
66139, 1172
67655, 1172
114261, 1172
143099, 1172
219226, 1172
223066, 1172
50622, 1171
113592, 1171
114941, 1171
118407, 1171
225869, 1171
1162, 1170
1312, 1170
1343, 1170
1809, 1170
37018, 1170
41633, 1170
45726, 1170
54997, 1170
122712, 1170
253487, 1170
277839, 1170
50999, 1169
71242, 1169
104179, 1169
117923, 1169
133071, 1169
177782, 1169
186548, 1169
236739, 1169
926, 1168
1702, 1168
35933, 1168
47518, 1168
240412, 1168
5373, 1167
13650, 1167
14485, 1167
17720, 1167
28310, 1167
31661, 1167
36996, 1167
65236, 1167
87792, 1167
160183, 1167
284017, 1167
288270, 1167
29790, 1166
284021, 1166
7738, 1165
11391, 1165
19415, 1165
80493, 1165
185447, 1165
14843, 1164
40952, 1164
61577, 1164
107845, 1164
170245, 1164
224141, 1164
261561, 1164
11624, 1163
53317, 1163
60674, 1163
89407, 1163
108879, 1163
207811, 1163
211012, 1163
259907, 1163
156498, 1162
165321, 1162
204264, 1162
247762, 1162
3595, 1161
32112, 1161
45283, 1161
72525, 1161
102296, 1161
192060, 1161
27629, 1160
32893, 1160
42332, 1160
102244, 1160
145377, 1160
233819, 1160
59298, 1159
91367, 1159
172826, 1159
273616, 1159
280143, 1159
1372, 1158
1557, 1158
10263, 1158
33032, 1158
45755, 1158
76229, 1158
80956, 1158
148414, 1158
177576, 1158
216738, 1158
250548, 1158
250840, 1158
257392, 1158
273202, 1158
21949, 1157
50488, 1157
68352, 1157
75287, 1157
83995, 1157
138365, 1157
188993, 1157
242011, 1157
263929, 1157
47801, 1156
104940, 1156
128684, 1156
17407, 1155
88814, 1155
157800, 1155
159659, 1155
269594, 1155
1471, 1154
1496, 1154
17701, 1154
49158, 1154
76284, 1154
101706, 1154
135306, 1154
148065, 1154
154098, 1154
250503, 1154
266260, 1154
275507, 1154
276967, 1154
285466, 1154
120634, 1153
228419, 1153
234119, 1153
293524, 1153
4695, 1152
18534, 1152
38891, 1152
80378, 1152
94228, 1152
100606, 1152
106196, 1152
115481, 1152
143273, 1152
149144, 1152
152232, 1152
155499, 1152
176415, 1152
261742, 1152
296105, 1152
1370, 1151
17775, 1151
20499, 1151
24228, 1151
45463, 1151
52608, 1151
54823, 1151
55374, 1151
87754, 1151
94250, 1151
111009, 1151
161142, 1151
202305, 1151
280130, 1151
62955, 1150
80992, 1150
83583, 1150
88713, 1150
126724, 1150
161220, 1150
165498, 1150
178885, 1150
226127, 1150
264155, 1150
281595, 1150
1448, 1149
5785, 1149
11758, 1149
12250, 1149
19974, 1149
33412, 1149
38593, 1149
57166, 1149
70303, 1149
70642, 1149
102106, 1149
117429, 1149
194131, 1149
208138, 1149
213230, 1149
215559, 1149
217110, 1149
256375, 1149
2060, 1148
14108, 1148
73836, 1148
137378, 1148
211395, 1148
268073, 1148
295259, 1148
3824, 1147
66955, 1147
99449, 1147
134452, 1147
136216, 1147
1689, 1145
11267, 1145
26476, 1145
28306, 1145
31263, 1145
61127, 1145
80453, 1145
83472, 1145
94161, 1145
97787, 1145
118148, 1145
150160, 1145
201869, 1145
218863, 1145
287006, 1145
76156, 1144
103934, 1144
104785, 1144
114389, 1144
124397, 1144
257292, 1144
34945, 1143
110623, 1143
121144, 1143
225730, 1143
289711, 1143
296125, 1143
16666, 1142
62261, 1142
68362, 1142
68542, 1142
98326, 1142
98800, 1142
228760, 1142
229389, 1142
13386, 1141
14681, 1141
28537, 1141
61157, 1141
95168, 1141
159430, 1141
219076, 1141
74539, 1140
106847, 1140
114755, 1140
150170, 1140
188858, 1140
240734, 1140
123315, 1139
131868, 1139
171893, 1139
175195, 1139
217731, 1139
265609, 1139
276765, 1139
28311, 1138
43069, 1138
64648, 1138
84644, 1138
87305, 1138
98725, 1138
115341, 1138
137232, 1138
149962, 1138
157801, 1138
175113, 1138
198221, 1138
207874, 1138
227578, 1138
262473, 1138
284911, 1138
292863, 1138
15651, 1137
25609, 1137
66186, 1137
96113, 1137
114965, 1137
130762, 1137
138474, 1137
229476, 1137
286167, 1137
1357, 1136
9741, 1136
65697, 1136
175587, 1136
219292, 1136
289124, 1136
15858, 1135
66093, 1135
76014, 1135
127959, 1135
153307, 1135
170610, 1135
29171, 1134
56223, 1134
89703, 1134
140366, 1134
146048, 1134
154543, 1134
210161, 1134
60851, 1133
73024, 1133
84219, 1133
100869, 1133
126443, 1133
169357, 1133
208137, 1133
215456, 1133
288647, 1133
33564, 1132
70748, 1132
83109, 1132
90379, 1132
94319, 1132
164973, 1132
187232, 1132
232070, 1132
3606, 1131
31677, 1131
33172, 1131
64733, 1131
71138, 1131
91439, 1131
104000, 1131
109434, 1131
111545, 1131
141063, 1131
149349, 1131
163528, 1131
169130, 1131
175780, 1131
187462, 1131
196313, 1131
217902, 1131
219998, 1131
227994, 1131
234599, 1131
235814, 1131
244074, 1131
293251, 1131
20830, 1130
41327, 1130
72471, 1130
96000, 1130
177638, 1130
196821, 1130
211562, 1130
27595, 1129
35310, 1129
53686, 1129
123342, 1129
155260, 1129
166078, 1129
167985, 1129
181594, 1129
229320, 1129
287860, 1129
1277, 1128
5532, 1128
14357, 1128
14742, 1128
15382, 1128
65679, 1128
95927, 1128
102359, 1128
106973, 1128
170214, 1128
175074, 1128
230482, 1128
236239, 1128
286576, 1128
287364, 1128
291664, 1128
15694, 1127
61118, 1127
277377, 1127
11463, 1126
56012, 1126
177525, 1126
200181, 1126
203747, 1126
248440, 1126
6884, 1125
58279, 1125
108288, 1125
32270, 1124
45782, 1124
93596, 1124
112899, 1124
136655, 1124
145307, 1124
24689, 1123
73207, 1123
94926, 1123
111277, 1123
132573, 1123
225516, 1123
17766, 1122
70795, 1122
92236, 1122
109730, 1122
233893, 1122
277648, 1122
1275, 1121
12008, 1121
18427, 1121
28897, 1121
33714, 1121
72262, 1121
203132, 1121
51136, 1120
213102, 1120
1167, 1119
1363, 1119
14457, 1119
83744, 1119
127790, 1119
132599, 1119
226529, 1119
296477, 1119
9400, 1118
41881, 1118
67784, 1118
77949, 1118
90888, 1118
100648, 1118
100814, 1118
196406, 1118
220734, 1118
271465, 1118
275425, 1118
277011, 1118
3069, 1117
7477, 1117
8364, 1117
10689, 1117
15652, 1117
22234, 1117
22542, 1117
57573, 1117
71769, 1117
155332, 1117
200607, 1117
212115, 1117
243394, 1117
24048, 1116
42172, 1116
49935, 1116
89724, 1116
107531, 1116
112830, 1116
186119, 1116
208570, 1116
240609, 1116
1756, 1115
15380, 1115
23464, 1115
53305, 1115
66031, 1115
71721, 1115
77043, 1115
100716, 1115
105926, 1115
119594, 1115
122872, 1115
146612, 1115
165345, 1115
189684, 1115
191451, 1115
205734, 1115
217199, 1115
232925, 1115
259283, 1115
259708, 1115
271214, 1115
288952, 1115
44906, 1114
72987, 1114
101632, 1114
129156, 1114
206844, 1114
225990, 1114
291405, 1114
6131, 1113
6243, 1113
19400, 1113
32868, 1113
80371, 1113
85542, 1113
261833, 1113
265299, 1113
280209, 1113
7702, 1112
8506, 1112
45231, 1112
88928, 1112
90384, 1112
93808, 1112
139457, 1112
160280, 1112
161554, 1112
193389, 1112
222480, 1112
252235, 1112
1359, 1111
28261, 1111
41532, 1111
59842, 1111
106905, 1111
133565, 1111
193965, 1111
200170, 1111
209133, 1111
267571, 1111
41250, 1110
49081, 1110
54025, 1110
62350, 1110
63349, 1110
85936, 1110
86096, 1110
109227, 1110
122092, 1110
128377, 1110
176694, 1110
181306, 1110
287180, 1110
39645, 1109
72932, 1109
110505, 1109
134567, 1109
175177, 1109
214546, 1109
224971, 1109
225905, 1109
232995, 1109
286160, 1109
1467, 1108
31472, 1108
31531, 1108
48238, 1108
133826, 1108
135877, 1108
177003, 1108
186400, 1108
248086, 1108
264633, 1108
25384, 1107
40684, 1107
41545, 1107
45925, 1107
105659, 1107
193755, 1107
6511, 1106
13238, 1106
27037, 1106
40232, 1106
113416, 1106
125251, 1106
140355, 1106
151218, 1106
155720, 1106
251854, 1106
13287, 1105
27449, 1105
62652, 1105
128483, 1105
148830, 1105
149086, 1105
197570, 1105
203621, 1105
233999, 1105
282031, 1105
154534, 1104
229213, 1104
9337, 1103
16507, 1103
17190, 1103
30404, 1103
41616, 1103
51936, 1103
55401, 1103
57602, 1103
67127, 1103
99609, 1103
106860, 1103
108076, 1103
111581, 1103
185378, 1103
198106, 1103
222630, 1103
227806, 1103
31607, 1102
37332, 1102
59164, 1102
78003, 1102
147122, 1102
162133, 1102
234076, 1102
243756, 1102
246000, 1102
286146, 1102
1311, 1101
78069, 1101
81416, 1101
86076, 1101
109658, 1101
117341, 1101
171841, 1101
35552, 1100
39622, 1100
62672, 1100
143874, 1100
179864, 1100
238387, 1100
18560, 1099
23402, 1099
114958, 1099
122841, 1099
124377, 1099
265653, 1099
295297, 1099
7332, 1098
110196, 1098
173418, 1098
184922, 1098
187604, 1098
1044, 1097
24936, 1097
49747, 1097
186064, 1097
280535, 1097
292385, 1097
11383, 1096
37052, 1096
38032, 1096
39988, 1096
76576, 1096
78427, 1096
95048, 1096
96722, 1096
104304, 1096
117193, 1096
5809, 1095
7598, 1095
14917, 1095
15184, 1095
23519, 1095
108146, 1095
125083, 1095
159106, 1095
180965, 1095
194562, 1095
204549, 1095
215204, 1095
247360, 1095
4466, 1094
31157, 1094
31556, 1094
90665, 1094
158199, 1094
196975, 1094
9439, 1093
171139, 1093
188528, 1093
242486, 1093
273067, 1093
40484, 1092
53255, 1092
159359, 1092
167464, 1092
169492, 1092
249980, 1092
1313, 1091
18605, 1091
29897, 1091
69756, 1091
83437, 1091
166844, 1091
191281, 1091
200894, 1091
201918, 1091
214662, 1091
257837, 1091
295015, 1091
10886, 1090
15610, 1090
45870, 1090
80224, 1090
110186, 1090
191409, 1090
231582, 1090
242583, 1090
243299, 1090
282564, 1090
67013, 1089
71331, 1089
80510, 1089
85799, 1089
112530, 1089
115011, 1089
117450, 1089
268003, 1089
1159, 1088
27701, 1088
32579, 1088
50144, 1088
75414, 1088
104916, 1088
147846, 1088
167423, 1088
248763, 1088
6310, 1087
18700, 1087
24245, 1087
42950, 1087
65185, 1087
69636, 1087
89985, 1087
127321, 1087
160752, 1087
165633, 1087
187989, 1087
201762, 1087
214926, 1087
216252, 1087
217414, 1087
223371, 1087
226609, 1087
230862, 1087
234053, 1087
234832, 1087
240300, 1087
243163, 1087
253496, 1087
267593, 1087
275203, 1087
287870, 1087
294445, 1087
294672, 1087
296615, 1087
271, 1086
8476, 1086
21050, 1086
29123, 1086
39760, 1086
40495, 1086
57211, 1086
57317, 1086
78419, 1086
82516, 1086
85242, 1086
88605, 1086
90465, 1086
92557, 1086
100563, 1086
116320, 1086
121676, 1086
128322, 1086
171014, 1086
207034, 1086
207949, 1086
224256, 1086
231756, 1086
235050, 1086
267784, 1086
283179, 1086
44288, 1085
49296, 1085
59234, 1085
59290, 1085
61008, 1085
74249, 1085
90266, 1085
132747, 1085
175371, 1085
217653, 1085
5476, 1084
7441, 1084
33683, 1084
40431, 1084
62307, 1084
77599, 1084
95634, 1084
168664, 1084
175628, 1084
237470, 1084
244108, 1084
250363, 1084
3188, 1083
6353, 1083
12277, 1083
35686, 1083
61704, 1083
67994, 1083
237125, 1083
252769, 1083
2835, 1082
19096, 1082
21648, 1082
52603, 1082
138764, 1082
178629, 1082
184747, 1082
252856, 1082
252873, 1082
254567, 1082
255937, 1082
276835, 1082
50912, 1081
54737, 1081
74904, 1081
107721, 1081
131508, 1081
275391, 1081
277054, 1081
19315, 1080
61566, 1080
76703, 1080
142138, 1080
219272, 1080
271425, 1080
4289, 1079
4503, 1079
18498, 1079
32628, 1079
123078, 1079
188367, 1079
224915, 1079
237491, 1079
238349, 1079
259012, 1079
270913, 1079
17806, 1078
43734, 1078
44349, 1078
58850, 1078
63541, 1078
87288, 1078
139068, 1078
229558, 1078
33004, 1077
41254, 1077
48163, 1077
284510, 1077
403, 1076
4443, 1076
5747, 1076
6247, 1076
55566, 1076
64632, 1076
89270, 1076
92950, 1076
135887, 1076
180822, 1076
210158, 1076
23158, 1075
70137, 1075
86974, 1075
139710, 1075
150775, 1075
155533, 1075
157895, 1075
177218, 1075
2891, 1074
10185, 1074
10693, 1074
39945, 1074
43781, 1074
64197, 1074
96415, 1074
102266, 1074
103402, 1074
104198, 1074
119659, 1074
146571, 1074
195468, 1074
235506, 1074
262997, 1074
285272, 1074
292122, 1074
25275, 1073
73164, 1073
75296, 1073
76327, 1073
146622, 1073
154620, 1073
182809, 1073
212399, 1073
221518, 1073
225572, 1073
285914, 1073
31572, 1072
40937, 1072
45025, 1072
87693, 1072
110969, 1072
129491, 1072
143949, 1072
148480, 1072
152563, 1072
162671, 1072
224528, 1072
241563, 1072
264678, 1072
270401, 1072
285184, 1072
7881, 1071
45325, 1071
61138, 1071
72891, 1071
238807, 1071
6363, 1070
10529, 1070
11274, 1070
33338, 1070
55551, 1070
76942, 1070
155393, 1070
156622, 1070
162070, 1070
189873, 1070
210793, 1070
221503, 1070
232960, 1070
234084, 1070
237369, 1070
277870, 1070
27590, 1069
28278, 1069
34223, 1069
34327, 1069
43970, 1069
44699, 1069
75778, 1069
119479, 1069
125664, 1069
131400, 1069
134228, 1069
141616, 1069
183470, 1069
193055, 1069
231331, 1069
240380, 1069
253646, 1069
259291, 1069
268276, 1069
268345, 1069
487, 1068
8220, 1068
26441, 1068
46465, 1068
73539, 1068
903, 1067
959, 1067
11434, 1067
17081, 1067
19948, 1067
22963, 1067
30017, 1067
38341, 1067
40047, 1067
45390, 1067
46312, 1067
48808, 1067
49467, 1067
50396, 1067
51029, 1067
60392, 1067
60505, 1067
84164, 1067
88438, 1067
92890, 1067
101318, 1067
118912, 1067
152262, 1067
153317, 1067
153472, 1067
160829, 1067
163282, 1067
172593, 1067
174631, 1067
190397, 1067
205941, 1067
221244, 1067
246613, 1067
273298, 1067
29416, 1066
40486, 1066
65706, 1066
73448, 1066
126628, 1066
133681, 1066
134434, 1066
143014, 1066
148606, 1066
149944, 1066
152539, 1066
154275, 1066
155375, 1066
162258, 1066
165766, 1066
170405, 1066
198815, 1066
240027, 1066
240834, 1066
241781, 1066
256073, 1066
256100, 1066
261949, 1066
268190, 1066
273957, 1066
41629, 1065
48411, 1065
57553, 1065
68164, 1065
107183, 1065
107564, 1065
118901, 1065
132691, 1065
181367, 1065
193758, 1065
203374, 1065
210316, 1065
215330, 1065
231592, 1065
37199, 1064
40710, 1064
50425, 1064
91817, 1064
95988, 1064
102879, 1064
141223, 1064
216046, 1064
254321, 1064
288727, 1064
8283, 1063
12955, 1063
14169, 1063
18080, 1063
24845, 1063
44714, 1063
61434, 1063
61575, 1063
65003, 1063
65030, 1063
75915, 1063
78307, 1063
89746, 1063
95117, 1063
121018, 1063
122040, 1063
125906, 1063
200178, 1063
233486, 1063
251376, 1063
19596, 1062
27896, 1062
45297, 1062
172799, 1062
175694, 1062
179589, 1062
185509, 1062
186840, 1062
192277, 1062
193751, 1062
216525, 1062
285012, 1062
1710, 1061
2421, 1061
4338, 1061
30664, 1061
128761, 1061
134882, 1061
201548, 1061
1233, 1060
41828, 1060
73054, 1060
78287, 1060
123806, 1060
142599, 1060
156648, 1060
159023, 1060
161714, 1060
193564, 1060
196223, 1060
197813, 1060
200908, 1060
218625, 1060
10855, 1059
48813, 1059
102285, 1059
107513, 1059
142389, 1059
143128, 1059
187079, 1059
204822, 1059
219480, 1059
255547, 1059
256109, 1059
261146, 1059
265798, 1059
273868, 1059
275950, 1059
277397, 1059
280474, 1059
285135, 1059
20504, 1058
21711, 1058
29699, 1058
87362, 1058
136477, 1058
173508, 1058
14913, 1057
33830, 1057
39358, 1057
39378, 1057
59213, 1057
111295, 1057
114590, 1057
140124, 1057
170888, 1057
177368, 1057
198724, 1057
210143, 1057
215398, 1057
218433, 1057
294546, 1057
473, 1056
31301, 1056
73728, 1056
138757, 1056
183912, 1056
249136, 1056
272536, 1056
65980, 1055
84631, 1055
103579, 1055
122824, 1055
127270, 1055
151679, 1055
179263, 1055
185691, 1055
5098, 1054
7234, 1054
11830, 1054
22346, 1054
32484, 1054
33845, 1054
34333, 1054
39620, 1054
58304, 1054
90069, 1054
92786, 1054
107548, 1054
196152, 1054
225552, 1054
231173, 1054
239619, 1054
244968, 1054
246460, 1054
279305, 1054
281778, 1054
281825, 1054
290143, 1054
11000, 1053
108722, 1053
203395, 1053
210043, 1053
240509, 1053
250248, 1053
262138, 1053
271488, 1053
273268, 1053
292300, 1053
38100, 1052
45992, 1052
47756, 1052
127239, 1052
254272, 1052
270289, 1052
861, 1051
869, 1051
1138, 1051
26697, 1051
97319, 1051
156589, 1051
163323, 1051
216022, 1051
242682, 1051
6892, 1050
22638, 1050
56475, 1050
59189, 1050
68037, 1050
96223, 1050
99753, 1050
116550, 1050
119077, 1050
119098, 1050
124483, 1050
147652, 1050
163557, 1050
168094, 1050
186820, 1050
216107, 1050
2573, 1049
32079, 1049
33556, 1049
103286, 1049
183436, 1049
186297, 1049
197174, 1049
261538, 1049
261901, 1049
16604, 1048
63747, 1048
75100, 1048
76573, 1048
91727, 1048
111567, 1048
160599, 1048
164556, 1048
191270, 1048
193661, 1048
219659, 1048
246430, 1048
1077, 1047
13039, 1047
26760, 1047
34117, 1047
57974, 1047
116108, 1047
122497, 1047
150227, 1047
151240, 1047
193369, 1047
194243, 1047
213950, 1047
280484, 1047
41162, 1046
55411, 1046
78249, 1046
91731, 1046
110057, 1046
149398, 1046
150021, 1046
170066, 1046
173811, 1046
220194, 1046
222094, 1046
286053, 1046
45595, 1045
53536, 1045
61152, 1045
62143, 1045
71343, 1045
94100, 1045
94609, 1045
95212, 1045
103366, 1045
169649, 1045
265281, 1045
285273, 1045
1642, 1044
11706, 1044
24780, 1044
25027, 1044
25498, 1044
34392, 1044
39972, 1044
91931, 1044
115570, 1044
142605, 1044
153969, 1044
159335, 1044
166181, 1044
166482, 1044
197512, 1044
199029, 1044
217148, 1044
256927, 1044
271501, 1044
62649, 1043
115384, 1043
164796, 1043
221811, 1043
249964, 1043
1368, 1042
19545, 1042
39713, 1042
42866, 1042
43942, 1042
62173, 1042
92831, 1042
133290, 1042
144088, 1042
156780, 1042
158683, 1042
171176, 1042
171933, 1042
172225, 1042
208288, 1042
214146, 1042
232091, 1042
283990, 1042
285290, 1042
46291, 1041
50260, 1041
56107, 1041
65684, 1041
79634, 1041
85748, 1041
106984, 1041
115820, 1041
126049, 1041
132009, 1041
185078, 1041
232245, 1041
87950, 1040
106985, 1040
139714, 1040
203008, 1040
235000, 1040
10668, 1039
15258, 1039
26597, 1039
65401, 1039
82224, 1039
113653, 1039
130253, 1039
147580, 1039
164165, 1039
167152, 1039
190809, 1039
5789, 1038
128893, 1038
171211, 1038
217719, 1038
263220, 1038
1059, 1037
2941, 1037
11135, 1037
46829, 1037
74016, 1037
99350, 1037
104493, 1037
108261, 1037
128900, 1037
154951, 1037
186595, 1037
196696, 1037
234413, 1037
276844, 1037
281861, 1037
35731, 1036
52414, 1036
80042, 1036
150655, 1036
155932, 1036
187388, 1036
215907, 1036
8832, 1035
9948, 1035
26401, 1035
73742, 1035
140087, 1035
179628, 1035
255269, 1035
281624, 1035
174127, 1034
207385, 1034
253713, 1034
4508, 1033
8150, 1033
16600, 1033
24155, 1033
29626, 1033
37182, 1033
44076, 1033
56987, 1033
68375, 1033
182230, 1033
261563, 1033
9571, 1032
11870, 1032
15941, 1032
89860, 1032
113128, 1032
119671, 1032
143615, 1032
147375, 1032
170274, 1032
193556, 1032
204923, 1032
210241, 1032
217980, 1032
269317, 1032
277671, 1032
6061, 1031
7340, 1031
16155, 1031
23788, 1031
29682, 1031
36433, 1031
46274, 1031
65872, 1031
113180, 1031
114960, 1031
149220, 1031
157902, 1031
210389, 1031
268062, 1031
21253, 1030
63144, 1030
85365, 1030
94149, 1030
139503, 1030
247948, 1030
277416, 1030
37631, 1029
39230, 1029
116691, 1029
236203, 1029
5576, 1028
26529, 1028
26621, 1028
34010, 1028
87999, 1028
93243, 1028
118347, 1028
198378, 1028
198840, 1028
215583, 1028
254094, 1028
259021, 1028
265435, 1028
31332, 1027
35950, 1027
75699, 1027
122971, 1027
162553, 1027
168707, 1027
183759, 1027
206043, 1027
254170, 1027
267241, 1027
281180, 1027
294472, 1027
294726, 1027
38272, 1026
56959, 1026
65067, 1026
79158, 1026
91423, 1026
121426, 1026
126021, 1026
164683, 1026
224209, 1026
283128, 1026
31364, 1025
34790, 1025
39237, 1025
72747, 1025
80885, 1025
93411, 1025
105287, 1025
107119, 1025
124283, 1025
124745, 1025
238652, 1025
254133, 1025
295439, 1025
1920, 1024
1964, 1024
2019, 1024
8647, 1024
9106, 1024
9863, 1024
13309, 1024
41916, 1024
63464, 1024
137043, 1024
231725, 1024
1433, 1023
1729, 1023
1821, 1023
1867, 1023
1910, 1023
1937, 1023
1938, 1023
2010, 1023
2042, 1023
8104, 1023
29772, 1023
37289, 1023
56883, 1023
57541, 1023
66264, 1023
174329, 1023
210351, 1023
262614, 1023
269485, 1023
18622, 1022
30951, 1022
43384, 1022
51419, 1022
79148, 1022
84981, 1022
67116, 1021
122224, 1021
173125, 1021
231738, 1021
246793, 1021
258283, 1021
19106, 1020
24803, 1020
52431, 1020
75526, 1020
115684, 1020
131253, 1020
153938, 1020
86897, 1019
105548, 1019
115631, 1019
143835, 1019
183954, 1019
197500, 1019
202866, 1019
205058, 1019
211870, 1019
218629, 1019
236752, 1019
286585, 1019
35415, 1018
142421, 1018
146294, 1018
169669, 1018
272521, 1018
276022, 1018
281392, 1018
17464, 1017
57033, 1017
115152, 1017
124750, 1017
182036, 1017
209834, 1017
235691, 1017
571, 1016
900, 1016
4931, 1016
6973, 1016
12444, 1016
34253, 1016
55429, 1016
79628, 1016
83776, 1016
92110, 1016
108830, 1016
134942, 1016
153860, 1016
169656, 1016
193108, 1016
193903, 1016
199163, 1016
208564, 1016
230231, 1016
236699, 1016
238406, 1016
257161, 1016
280617, 1016
7418, 1015
28109, 1015
33539, 1015
41829, 1015
50606, 1015
66435, 1015
67796, 1015
74964, 1015
78607, 1015
105554, 1015
147894, 1015
204991, 1015
205055, 1015
258727, 1015
294641, 1015
26848, 1014
33560, 1014
38722, 1014
104064, 1014
116996, 1014
132514, 1014
138352, 1014
155604, 1014
192988, 1014
203802, 1014
218830, 1014
242770, 1014
279300, 1014
288590, 1014
54181, 1013
74287, 1013
97157, 1013
182462, 1013
8978, 1012
27161, 1012
65299, 1012
76854, 1012
87456, 1012
121809, 1012
129200, 1012
152369, 1012
186927, 1012
8049, 1011
9070, 1011
13516, 1011
24847, 1011
29993, 1011
30745, 1011
52938, 1011
77659, 1011
111422, 1011
133996, 1011
195435, 1011
207642, 1011
296188, 1011
19644, 1010
36321, 1010
59507, 1010
96802, 1010
135946, 1010
221125, 1010
262976, 1010
264684, 1010
14660, 1009
57742, 1009
230974, 1009
253459, 1009
191, 1008
41358, 1008
54925, 1008
109725, 1008
113253, 1008
180558, 1008
197641, 1008
244720, 1008
282051, 1008
2504, 1007
10979, 1007
11537, 1007
52263, 1007
65864, 1007
100217, 1007
115900, 1007
181866, 1007
252743, 1007
17092, 1006
54446, 1006
55176, 1006
79384, 1006
140720, 1006
171715, 1006
173384, 1006
210348, 1006
2429, 1005
12430, 1005
28769, 1005
36240, 1005
38356, 1005
61478, 1005
65381, 1005
135175, 1005
162078, 1005
166609, 1005
189970, 1005
276522, 1005
1150, 1004
40352, 1004
90159, 1004
101294, 1004
115304, 1004
171799, 1004
177549, 1004
202579, 1004
212371, 1004
215502, 1004
227985, 1004
231454, 1004
238817, 1004
240373, 1004
764, 1003
2063, 1003
20909, 1003
24361, 1003
56491, 1003
75975, 1003
104704, 1003
115685, 1003
140341, 1003
142536, 1003
144390, 1003
159551, 1003
168568, 1003
169493, 1003
175917, 1003
189743, 1003
201177, 1003
214693, 1003
216621, 1003
218982, 1003
248160, 1003
3079, 1002
8707, 1002
23472, 1002
57777, 1002
99889, 1002
104163, 1002
154291, 1002
217898, 1002
939, 1001
962, 1001
19195, 1001
21902, 1001
22897, 1001
31672, 1001
46933, 1001
61680, 1001
121120, 1001
124493, 1001
137810, 1001
258575, 1001
29557, 1000
33929, 1000
38701, 1000
127151, 1000
219579, 1000
