153091, 57759
197827, 57759
249147, 57759
253327, 57759
255517, 57759
260833, 57759
261540, 57759
273768, 57759
285600, 57759
295351, 57759
262392, 57078
264069, 57078
265186, 57078
271752, 57078
273524, 57078
284917, 57078
290474, 57078
294634, 57078
295420, 57078
145047, 56808
111539, 55708
506, 54821
1200, 54821
258997, 54821
285907, 54821
293100, 54821
295532, 54821
651, 49643
280843, 45258
268155, 4322
275416, 4314
291377, 4313
172551, 4288
141375, 4273
295120, 4273
94559, 4266
291729, 4213
232128, 4194
245426, 4186
250343, 4156
12886, 3856
79396, 3331
88541, 3331
104060, 3331
160995, 3331
116978, 3327
13432, 3283
84269, 3283
102005, 3283
112140, 3283
167734, 3283
196431, 3283
223032, 3283
276789, 3283
44850, 3278
56100, 3278
71729, 3278
86675, 3278
110092, 3278
112464, 3278
129080, 3278
139872, 3278
140834, 3278
148907, 3278
176409, 3278
201963, 3278
208838, 3278
208973, 3278
219098, 3278
227369, 3278
242595, 3278
266067, 3278
266327, 3278
279858, 3278
291576, 3278
296435, 3278
111604, 3275
158375, 3275
164626, 3275
224386, 3275
152107, 3270
177726, 3270
210266, 3270
228667, 3270
272508, 3270
277794, 3270
17917, 3267
80868, 3267
126939, 3267
155530, 3259
203551, 3259
223164, 3259
242697, 3259
262666, 3259
74074, 3258
105632, 3258
117065, 3258
164947, 3258
224761, 3258
293176, 3258
257240, 3253
59699, 3251
265600, 3248
226481, 3240
17257, 3234
18584, 3234
22764, 3234
26655, 3234
33155, 3234
33814, 3234
35981, 3234
40699, 3234
41812, 3234
44106, 3234
55676, 3234
62553, 3234
68422, 3234
93305, 3234
102950, 3234
110007, 3234
110157, 3234
111135, 3234
128060, 3234
141033, 3234
145356, 3234
158670, 3234
164921, 3234
181683, 3234
195173, 3234
241450, 3234
19534, 3232
70298, 3232
71634, 3232
72593, 3232
80981, 3232
87201, 3232
89676, 3232
94229, 3232
111308, 3232
111479, 3232
122900, 3232
127865, 3232
162908, 3232
177828, 3232
184326, 3232
193647, 3232
197916, 3232
198019, 3232
206841, 3232
210874, 3232
221826, 3232
242784, 3232
248351, 3232
258591, 3232
265282, 3232
265834, 3232
275905, 3232
284207, 3232
290533, 3232
290829, 3232
293676, 3232
296128, 3232
180429, 3229
195430, 3229
235854, 3229
140083, 3223
72302, 3212
5631, 3209
29578, 3209
38072, 3209
39751, 3209
41865, 3209
47140, 3209
55998, 3209
84935, 3209
87368, 3209
93887, 3209
105964, 3209
113752, 3209
126181, 3209
129180, 3209
130983, 3209
133022, 3209
135165, 3209
151635, 3209
162107, 3209
166566, 3209
173166, 3209
180716, 3209
195328, 3209
206824, 3209
234435, 3209
267757, 3209
272470, 3209
233961, 3207
212441, 3203
268633, 3202
233734, 3201
241057, 3196
242503, 3196
72853, 3185
5272, 3182
35191, 3182
81841, 3182
88724, 3182
256226, 3182
134781, 3180
111171, 3174
17754, 3172
57136, 3172
95032, 3172
164901, 3172
169053, 3172
173742, 3172
247985, 3172
276228, 3172
280368, 3172
246404, 3167
277225, 3161
8904, 3153
177738, 3153
93452, 3149
119169, 3149
143448, 3149
149341, 3149
173978, 3149
176773, 3149
194785, 3149
17894, 3148
54992, 3148
84409, 3148
84628, 3148
92124, 3148
116482, 3148
130386, 3148
136096, 3148
175854, 3148
26622, 3145
35662, 3145
42409, 3145
42561, 3145
52961, 3145
67826, 3145
75260, 3145
77674, 3145
129531, 3145
138186, 3145
146495, 3145
164390, 3145
164451, 3145
166599, 3145
171431, 3145
174390, 3145
175136, 3145
176678, 3145
177788, 3145
191977, 3145
203312, 3145
228860, 3145
273549, 3145
274278, 3145
95853, 3137
186371, 3129
191226, 3129
231387, 3129
174274, 3122
13746, 3120
77612, 3120
177749, 3120
109139, 3096
79611, 3069
106151, 3069
108244, 3069
238072, 3057
70766, 3040
50418, 3022
150504, 2913
39916, 2862
250837, 2823
286465, 2759
207599, 2524
108265, 2523
255107, 2523
199566, 2510
284389, 2510
251181, 2478
64822, 2475
93670, 2475
178196, 2475
235723, 2475
294122, 2465
255704, 2455
199009, 2441
234221, 2441
106332, 2437
140245, 2437
140360, 2437
143920, 2437
163131, 2437
182814, 2437
296261, 2437
132938, 2436
161839, 2436
206346, 2436
213400, 2436
221823, 2436
4540, 2435
190846, 2435
221192, 2435
73091, 2428
143334, 2428
65061, 2424
211982, 2424
32917, 2420
84406, 2420
142596, 2420
158630, 2413
191615, 2413
201296, 2413
219168, 2413
228460, 2413
128185, 2412
135639, 2412
190514, 2412
257184, 2412
41494, 2411
129745, 2411
274713, 2411
290957, 2411
75541, 2408
115691, 2408
191504, 2408
5292, 2406
143103, 2406
288437, 2406
66105, 2404
66960, 2404
72221, 2404
76708, 2404
101393, 2404
133536, 2404
209872, 2404
211761, 2404
90500, 2389
126568, 2389
179067, 2389
279334, 2389
288312, 2389
16519, 2377
106619, 2377
114328, 2377
126629, 2377
146159, 2377
153481, 2377
162102, 2377
166690, 2377
168820, 2377
176068, 2377
193210, 2377
212592, 2377
213540, 2377
292094, 2377
12495, 2376
243973, 2376
86571, 2372
222702, 2364
16080, 2360
72340, 2360
98639, 2360
179762, 2360
38866, 2358
39013, 2358
40183, 2358
58897, 2358
136153, 2358
229501, 2358
266151, 2358
36784, 2356
99452, 2356
225032, 2356
258477, 2356
62977, 2352
73507, 2352
98161, 2352
100493, 2352
180223, 2352
229231, 2352
251204, 2352
263680, 2352
86465, 2340
157004, 2340
192991, 2340
238963, 2340
96522, 2337
116213, 2337
116418, 2337
135236, 2337
145823, 2337
215413, 2337
249921, 2333
276582, 2333
291344, 2333
45527, 2328
84413, 2328
97788, 2328
102713, 2328
116730, 2328
127091, 2328
151359, 2328
169753, 2328
204946, 2328
207530, 2328
147255, 2317
238311, 2316
185528, 2313
191154, 2313
48312, 2312
50960, 2312
191572, 2311
263128, 2311
109812, 2309
166504, 2309
217420, 2309
17715, 2308
197623, 2307
200279, 2307
2675, 2296
199655, 2296
170653, 2293
248068, 2293
274891, 2293
68330, 2292
123195, 2283
159214, 2283
210583, 2283
237982, 2283
243492, 2283
249299, 2282
274465, 2282
33952, 2279
126527, 2279
200961, 2279
223110, 2279
7727, 2276
91946, 2276
2400, 2275
145799, 2275
276207, 2275
174828, 2270
9343, 2269
254575, 2262
22622, 2260
36662, 2260
51109, 2260
73899, 2260
102271, 2260
120039, 2260
126656, 2260
136678, 2260
165889, 2260
193491, 2260
198688, 2260
211477, 2260
230907, 2260
252241, 2260
274572, 2260
36935, 2258
110413, 2258
211810, 2249
56574, 2246
58833, 2246
178554, 2245
98753, 2244
218174, 2244
30970, 2240
30992, 2240
32002, 2240
35488, 2240
38612, 2240
38756, 2240
44619, 2240
46497, 2240
48215, 2240
52502, 2240
54459, 2240
54746, 2240
57096, 2240
68296, 2240
68691, 2240
74975, 2240
82689, 2240
84697, 2240
93903, 2240
97260, 2240
97497, 2240
107355, 2240
119884, 2240
122254, 2240
125625, 2240
146507, 2240
152322, 2240
153339, 2240
164110, 2240
213810, 2240
263327, 2240
280473, 2240
293825, 2240
45115, 2238
87437, 2238
234845, 2238
292162, 2238
95924, 2234
109987, 2234
114918, 2234
119962, 2234
124198, 2234
140941, 2234
152974, 2234
162168, 2234
227636, 2234
227830, 2234
257616, 2234
287846, 2234
282639, 2231
146354, 2225
258262, 2219
203112, 2215
2440, 2213
186810, 2213
44840, 2210
64693, 2210
80002, 2210
100860, 2210
141419, 2210
167039, 2210
195249, 2210
273103, 2210
191549, 2204
215764, 2200
2708, 2199
20928, 2199
30097, 2199
86431, 2199
91294, 2199
112074, 2199
129285, 2199
130882, 2199
133066, 2199
167826, 2199
186001, 2199
255450, 2199
279452, 2199
22534, 2190
39209, 2190
53390, 2190
86291, 2190
92615, 2190
112189, 2190
241917, 2190
259000, 2190
295535, 2190
11190, 2189
155942, 2189
14006, 2186
98532, 2186
223038, 2186
285932, 2186
64438, 2185
123633, 2185
144234, 2185
167717, 2185
185826, 2185
187733, 2185
203958, 2185
231402, 2185
237065, 2185
252660, 2185
258861, 2185
263708, 2185
269268, 2185
287877, 2185
292691, 2185
296300, 2185
62895, 2183
195113, 2183
44116, 2180
40309, 2177
71099, 2177
125289, 2177
126612, 2177
223829, 2177
271722, 2177
293216, 2177
201906, 2176
230929, 2176
169500, 2175
220832, 2175
78399, 2174
227528, 2174
191239, 2173
111515, 2160
49739, 2159
94226, 2159
101589, 2159
116039, 2159
174295, 2159
279751, 2159
21276, 2155
32470, 2155
52983, 2155
57372, 2155
57989, 2155
58223, 2155
96219, 2155
99676, 2155
127294, 2155
134118, 2155
253948, 2154
276662, 2148
187608, 2147
242559, 2147
261148, 2147
282766, 2147
9746, 2137
83050, 2137
90021, 2137
121254, 2137
138245, 2137
135609, 2133
184731, 2131
35894, 2126
38708, 2126
84766, 2126
89330, 2126
131884, 2126
138342, 2126
140438, 2126
151348, 2126
152293, 2126
180166, 2126
208677, 2126
220449, 2126
249682, 2126
254372, 2126
266388, 2126
56363, 2121
223560, 2120
270743, 2120
271886, 2120
39316, 2119
178591, 2119
110534, 2118
291851, 2118
124524, 2117
34197, 2115
222877, 2112
296384, 2112
254221, 2110
265537, 2110
95757, 2109
117326, 2109
173752, 2109
191649, 2109
271813, 2109
17605, 2106
233198, 2106
87041, 2105
224223, 2105
252854, 2105
287646, 2105
49932, 2101
97732, 2101
116999, 2101
117698, 2101
174590, 2101
177689, 2101
190006, 2101
202412, 2101
204845, 2101
245182, 2101
272444, 2101
40529, 2090
221436, 2090
82089, 2087
117938, 2087
134945, 2087
140379, 2087
221222, 2087
253343, 2087
282305, 2087
292275, 2087
78876, 2086
114610, 2086
140200, 2085
249022, 2085
258675, 2085
271020, 2085
87158, 2082
114165, 2082
216875, 2082
43597, 2081
284059, 2081
190923, 2079
54655, 2072
129687, 2072
130929, 2072
133843, 2072
164288, 2072
167518, 2072
168014, 2072
176606, 2072
189547, 2072
209678, 2072
228102, 2072
254915, 2072
272685, 2072
274773, 2072
293258, 2072
269238, 2071
9650, 2070
95676, 2070
132047, 2070
141943, 2070
150864, 2070
156390, 2070
170478, 2070
177785, 2070
237055, 2070
255319, 2070
266691, 2070
272655, 2070
274511, 2070
282361, 2070
100353, 2066
277374, 2066
85956, 2063
81771, 2060
152317, 2060
197871, 2060
238832, 2060
255754, 2060
260058, 2060
263544, 2060
265988, 2060
42826, 2059
33975, 2056
118341, 2056
157377, 2056
158968, 2056
199175, 2056
220252, 2056
221635, 2056
227190, 2056
279488, 2056
17252, 2051
30137, 2051
93498, 2051
96277, 2051
110913, 2051
113312, 2051
134472, 2051
144546, 2051
156731, 2051
191679, 2051
203151, 2051
235899, 2051
240954, 2051
242494, 2051
254049, 2051
266744, 2051
56169, 2050
264573, 2050
117307, 2047
132553, 2047
167268, 2047
202422, 2047
213969, 2047
293745, 2047
45685, 2045
79422, 2045
123310, 2045
146106, 2045
211959, 2045
215529, 2045
216056, 2045
87622, 2041
77854, 2038
45910, 2030
63584, 2028
106123, 2028
151799, 2028
178941, 2028
223030, 2028
130782, 2021
180090, 2021
205183, 2021
78958, 2019
95839, 2019
186845, 2019
187371, 2019
188373, 2019
214484, 2019
234090, 2019
236976, 2019
293779, 2019
144831, 2010
258882, 2010
261264, 2010
135637, 2007
168102, 2006
84092, 2005
85862, 2004
188425, 2004
188782, 2004
213038, 2004
223853, 2004
101430, 2003
137240, 2003
190277, 2003
245497, 2002
185065, 1999
208593, 1999
259671, 1999
78571, 1996
64237, 1994
123524, 1994
182606, 1994
202592, 1994
240937, 1994
95125, 1992
170277, 1992
72244, 1990
105279, 1990
132697, 1990
219196, 1990
65952, 1989
142156, 1988
234674, 1987
284666, 1987
113247, 1985
203987, 1982
213797, 1981
220192, 1980
81379, 1978
144816, 1978
149391, 1978
153366, 1978
154699, 1978
223610, 1978
242828, 1978
270621, 1978
278472, 1978
285698, 1978
286301, 1978
294553, 1978
181740, 1977
185761, 1974
241480, 1974
154943, 1973
227006, 1973
256238, 1973
279450, 1972
294708, 1972
188466, 1971
253328, 1971
215442, 1970
244616, 1970
8526, 1969
147666, 1969
111364, 1968
222625, 1968
270564, 1968
274678, 1968
275207, 1968
284602, 1968
153142, 1967
157286, 1967
213657, 1967
222286, 1967
224925, 1967
269083, 1967
272093, 1967
4554, 1962
75896, 1962
91740, 1962
109285, 1962
152823, 1962
166226, 1962
231321, 1962
235075, 1962
20233, 1959
179533, 1959
143748, 1958
167067, 1958
182597, 1951
201354, 1951
201634, 1951
230504, 1951
77114, 1949
144883, 1949
250493, 1949
122599, 1947
186601, 1947
98756, 1946
2391, 1945
221274, 1944
256371, 1944
55413, 1942
78210, 1942
81542, 1942
99891, 1942
105513, 1942
106687, 1942
121577, 1942
150101, 1942
158825, 1942
177090, 1942
204070, 1942
211965, 1942
243669, 1942
267480, 1942
275621, 1942
172086, 1937
172974, 1937
187945, 1937
224160, 1937
262877, 1937
125845, 1936
228204, 1936
47371, 1935
87815, 1935
135185, 1935
194035, 1935
252902, 1935
264705, 1935
289461, 1935
40051, 1932
152325, 1931
79518, 1928
154353, 1928
224638, 1928
260663, 1928
258786, 1926
227834, 1924
268474, 1918
94562, 1917
222186, 1917
267055, 1917
269777, 1917
272142, 1917
134594, 1916
215310, 1916
292210, 1916
111536, 1915
153166, 1915
14372, 1914
164094, 1914
214365, 1914
288885, 1914
131881, 1912
101213, 1910
120638, 1909
5360, 1907
41211, 1907
181235, 1907
202999, 1907
222365, 1907
279768, 1907
255637, 1902
185186, 1896
266788, 1896
161794, 1895
39596, 1893
90319, 1893
132779, 1893
157014, 1893
184243, 1893
188905, 1893
226958, 1893
224173, 1890
65627, 1889
100453, 1889
122797, 1889
187681, 1889
231051, 1889
243958, 1889
265934, 1889
295629, 1889
16676, 1888
170727, 1885
212297, 1884
169809, 1883
236523, 1882
56678, 1881
65414, 1881
87010, 1881
90188, 1881
91550, 1881
108085, 1881
114104, 1881
127543, 1881
135254, 1881
137473, 1881
142570, 1881
144285, 1881
148146, 1881
148817, 1881
154178, 1881
165607, 1881
177641, 1881
178677, 1881
200544, 1881
213651, 1881
221185, 1881
233860, 1881
236432, 1881
237970, 1881
240544, 1881
255172, 1881
269351, 1881
276757, 1881
293614, 1881
296547, 1881
273352, 1878
48012, 1877
59437, 1877
114593, 1877
131220, 1877
136117, 1877
163592, 1877
234253, 1877
236746, 1877
260954, 1877
64568, 1876
75413, 1876
79464, 1876
159903, 1876
204953, 1876
217638, 1876
296481, 1876
19395, 1869
115334, 1866
120214, 1866
178166, 1866
213447, 1865
224004, 1865
121596, 1864
160661, 1864
181133, 1864
226919, 1864
929, 1854
77942, 1854
82022, 1852
206216, 1852
181845, 1850
50386, 1845
135938, 1845
266919, 1845
96701, 1843
97193, 1843
98746, 1843
132676, 1843
145268, 1843
170958, 1843
181339, 1843
238477, 1843
44258, 1842
49395, 1837
93517, 1837
177916, 1837
202860, 1837
212485, 1837
245631, 1837
183494, 1836
34135, 1833
40179, 1833
43204, 1833
48456, 1833
54257, 1833
62107, 1833
68358, 1833
70955, 1833
72120, 1833
81804, 1833
88404, 1833
96562, 1833
98287, 1833
104870, 1833
106376, 1833
116024, 1833
119889, 1833
123417, 1833
125119, 1833
134194, 1833
174099, 1833
266410, 1833
34676, 1832
115862, 1832
122690, 1832
154282, 1832
221497, 1832
63927, 1831
91020, 1831
91552, 1831
97340, 1831
120791, 1831
170487, 1831
197281, 1831
149276, 1830
164608, 1830
282955, 1826
98682, 1825
98844, 1825
114701, 1825
143163, 1825
195031, 1825
262852, 1825
24486, 1824
216814, 1824
45300, 1822
190056, 1820
242041, 1820
199644, 1818
188313, 1816
269763, 1812
210725, 1810
102130, 1809
171327, 1809
178595, 1809
188968, 1809
192616, 1809
291508, 1809
90826, 1807
111650, 1807
123557, 1807
237721, 1807
248466, 1807
57537, 1806
276817, 1806
288353, 1806
251492, 1803
51784, 1801
82429, 1801
231938, 1797
244816, 1797
100064, 1796
130007, 1796
94414, 1795
99229, 1795
154703, 1795
189908, 1795
218946, 1795
224855, 1795
227506, 1795
243454, 1795
249625, 1795
1754, 1793
29335, 1790
48212, 1790
50019, 1790
109867, 1790
123951, 1790
124934, 1790
161123, 1790
187166, 1790
251453, 1790
254470, 1790
192551, 1789
226560, 1789
151765, 1788
36834, 1785
122406, 1784
135582, 1784
229786, 1784
40512, 1781
54627, 1780
66289, 1780
88549, 1780
91540, 1780
95887, 1780
100639, 1780
124212, 1780
124301, 1780
125407, 1780
130439, 1780
133742, 1780
150880, 1780
171736, 1780
182896, 1780
200292, 1780
237457, 1780
243479, 1780
248572, 1780
254523, 1780
259329, 1780
289046, 1780
141392, 1779
257816, 1779
268284, 1779
35644, 1778
38079, 1778
47257, 1778
49217, 1778
54732, 1778
57091, 1778
75390, 1778
81062, 1778
100500, 1778
115306, 1778
115480, 1778
120198, 1778
121134, 1778
139755, 1778
178608, 1778
189610, 1778
289842, 1777
178423, 1776
266650, 1776
18641, 1775
19829, 1775
36402, 1775
38186, 1775
39332, 1775
71513, 1775
99345, 1775
115196, 1775
131473, 1775
145757, 1775
169050, 1775
205461, 1775
219225, 1773
30853, 1772
49994, 1772
67043, 1772
75494, 1772
114016, 1772
177403, 1772
215368, 1771
259439, 1771
237216, 1765
262195, 1765
183533, 1764
289355, 1764
265817, 1763
287787, 1763
140620, 1762
5119, 1761
219391, 1761
251983, 1761
56588, 1760
84294, 1760
98433, 1760
144355, 1760
177644, 1760
60068, 1759
76523, 1759
115651, 1759
211095, 1759
125471, 1758
134680, 1758
136801, 1758
290101, 1758
293691, 1758
123170, 1757
253930, 1757
36993, 1755
37372, 1755
72137, 1755
86993, 1755
114930, 1755
121640, 1755
145080, 1755
155948, 1755
181073, 1755
204020, 1755
209035, 1755
216795, 1755
223566, 1755
230522, 1755
235887, 1755
237121, 1755
237461, 1755
259425, 1755
263670, 1755
265552, 1755
271618, 1755
168680, 1754
97027, 1753
127601, 1753
64880, 1752
136302, 1752
147062, 1752
161832, 1752
181399, 1752
192870, 1752
10397, 1748
21753, 1748
123577, 1748
261642, 1748
272915, 1748
113927, 1747
187822, 1747
43167, 1745
44816, 1745
46553, 1745
59999, 1745
115096, 1745
119171, 1745
126571, 1745
214634, 1745
229604, 1745
240737, 1745
275388, 1745
235933, 1744
126035, 1743
174486, 1743
172655, 1742
291069, 1739
92745, 1736
204783, 1736
44359, 1734
61325, 1734
103631, 1734
64125, 1733
69098, 1733
70096, 1733
98154, 1733
113379, 1733
120482, 1733
137840, 1733
145728, 1733
157582, 1733
171885, 1733
189817, 1733
242792, 1733
242824, 1733
258839, 1733
87897, 1732
114776, 1732
120709, 1732
181290, 1732
254424, 1732
12204, 1731
30536, 1731
40354, 1731
64885, 1731
100102, 1731
110573, 1731
145727, 1730
235463, 1730
277994, 1730
32572, 1729
107853, 1729
118276, 1729
167912, 1729
191964, 1729
226985, 1729
248134, 1729
280966, 1729
287143, 1729
287505, 1729
82004, 1728
233122, 1728
58703, 1726
67035, 1726
75588, 1726
77755, 1726
84331, 1726
89673, 1726
89913, 1726
95204, 1726
104464, 1726
121243, 1726
146748, 1726
154560, 1726
170702, 1726
177909, 1726
193931, 1726
212464, 1726
235122, 1726
236097, 1726
258814, 1726
288266, 1726
78638, 1725
159016, 1725
194903, 1725
74474, 1724
118575, 1724
122420, 1724
182441, 1724
197695, 1724
212270, 1724
241008, 1724
269894, 1724
139128, 1722
234703, 1722
25129, 1719
31955, 1719
41372, 1719
41511, 1719
45249, 1719
48003, 1719
53218, 1719
62618, 1719
63637, 1719
68123, 1719
71309, 1719
78887, 1719
110965, 1719
150283, 1719
153215, 1719
194744, 1719
220392, 1719
255880, 1719
124438, 1715
144498, 1715
153873, 1715
159568, 1715
159995, 1715
181039, 1715
182941, 1715
202498, 1715
204201, 1715
219347, 1715
224192, 1715
226354, 1715
234518, 1715
246947, 1715
292596, 1715
31135, 1713
54151, 1712
207905, 1712
222500, 1712
287053, 1712
11302, 1708
19215, 1708
112496, 1708
126782, 1708
223160, 1708
225299, 1708
163126, 1706
187263, 1706
157752, 1703
54207, 1701
114757, 1701
140934, 1701
166421, 1701
205431, 1701
218789, 1701
244155, 1701
256707, 1701
257629, 1701
167453, 1700
241239, 1700
271974, 1700
47004, 1699
89086, 1699
96366, 1699
113773, 1699
129102, 1699
131942, 1699
139961, 1699
142505, 1699
176590, 1699
207867, 1699
207922, 1699
212240, 1699
214341, 1699
227525, 1699
256972, 1699
258606, 1697
278186, 1695
104253, 1694
211082, 1694
61917, 1692
106779, 1692
127593, 1692
161027, 1692
163782, 1692
229990, 1692
247604, 1692
264505, 1692
276653, 1692
247203, 1691
255480, 1691
30517, 1689
73063, 1689
199796, 1689
210034, 1689
220838, 1689
227306, 1689
244403, 1689
173625, 1688
252045, 1688
276111, 1688
26595, 1684
48179, 1684
73651, 1684
111864, 1684
115268, 1684
126975, 1684
141359, 1684
147215, 1684
197364, 1684
248396, 1684
260490, 1684
255007, 1682
180281, 1681
199164, 1681
274136, 1681
280799, 1681
285481, 1681
215493, 1680
281442, 1680
15942, 1679
79352, 1679
33413, 1678
72172, 1678
128749, 1677
128075, 1676
208579, 1676
58093, 1675
94108, 1674
161450, 1674
245830, 1674
259119, 1674
285583, 1674
62781, 1673
75431, 1673
83783, 1673
95307, 1673
139215, 1673
195802, 1673
205093, 1673
239385, 1673
246727, 1673
271218, 1673
271436, 1673
292697, 1673
64755, 1672
68314, 1672
71681, 1672
108182, 1672
116226, 1672
119772, 1672
142176, 1672
144781, 1672
154175, 1672
157063, 1672
165396, 1672
195591, 1672
201471, 1672
203577, 1672
210666, 1672
220996, 1672
222339, 1672
227624, 1672
255705, 1672
256282, 1672
257898, 1672
265490, 1672
265670, 1672
285731, 1672
103185, 1671
137708, 1671
166046, 1671
185399, 1671
200436, 1671
252011, 1671
259517, 1671
294609, 1671
71834, 1670
92882, 1670
196647, 1670
197488, 1670
224695, 1670
58012, 1669
98324, 1669
119765, 1669
123582, 1669
161897, 1668
230123, 1668
207112, 1663
257833, 1663
97832, 1659
288461, 1659
99143, 1658
121771, 1658
165709, 1658
208798, 1658
225461, 1658
236915, 1658
215453, 1657
259358, 1657
263373, 1657
63992, 1655
145247, 1655
41054, 1654
182409, 1654
15116, 1652
29994, 1652
70815, 1652
90101, 1652
94103, 1652
125359, 1652
295875, 1652
30402, 1651
39105, 1651
46812, 1651
56324, 1651
59800, 1651
82320, 1651
89049, 1651
95248, 1651
162915, 1651
204599, 1651
208669, 1651
211771, 1651
252730, 1651
276644, 1651
63416, 1650
100722, 1650
126187, 1650
127513, 1650
139294, 1650
190635, 1650
196965, 1650
274613, 1650
34987, 1649
56141, 1649
62705, 1649
93036, 1649
112451, 1649
125655, 1649
138828, 1649
159918, 1649
167721, 1649
191546, 1649
208165, 1649
213118, 1649
227896, 1649
229330, 1649
243638, 1649
279616, 1649
284170, 1649
293140, 1649
81179, 1648
59982, 1646
79105, 1646
120546, 1646
159673, 1646
184699, 1646
7696, 1645
21920, 1645
202261, 1645
202744, 1645
263156, 1645
140976, 1644
142787, 1644
170945, 1644
221357, 1644
274869, 1644
196879, 1643
259944, 1643
96073, 1641
122182, 1639
219467, 1639
293087, 1639
71415, 1637
192730, 1637
238951, 1637
243179, 1637
251709, 1637
269793, 1637
278405, 1637
283959, 1637
290125, 1637
22868, 1633
58239, 1633
112751, 1633
117127, 1633
180885, 1633
26730, 1632
71537, 1632
75743, 1632
90807, 1632
92012, 1632
92223, 1632
141572, 1632
150088, 1632
155509, 1632
172621, 1632
186246, 1632
217997, 1632
230270, 1632
269306, 1632
35148, 1631
236016, 1631
280306, 1631
287753, 1631
221247, 1630
276837, 1630
278504, 1625
205038, 1624
85460, 1623
122702, 1623
242532, 1623
176008, 1622
224576, 1622
279047, 1622
111897, 1621
122668, 1621
125795, 1621
155436, 1621
169168, 1621
180276, 1621
271320, 1621
284682, 1621
227805, 1620
185279, 1619
267933, 1619
61014, 1616
54280, 1614
122347, 1614
178111, 1614
182203, 1614
204782, 1614
273314, 1614
60012, 1612
78658, 1612
87652, 1609
107301, 1609
180839, 1609
237059, 1609
247644, 1609
259368, 1609
74420, 1607
188285, 1607
293423, 1605
42807, 1604
77145, 1604
96398, 1604
114315, 1604
121394, 1604
126555, 1604
132091, 1604
136676, 1604
156291, 1604
181165, 1604
226367, 1604
260706, 1604
197787, 1603
6494, 1601
83870, 1601
68506, 1600
93049, 1599
170246, 1599
62545, 1596
264912, 1596
55911, 1595
63719, 1595
101583, 1595
149099, 1595
205786, 1595
285822, 1595
286830, 1595
293048, 1595
35625, 1594
48905, 1594
59299, 1594
65120, 1594
100552, 1594
161382, 1594
163375, 1594
166784, 1594
168778, 1594
192609, 1594
195193, 1594
242619, 1594
257244, 1594
16481, 1593
33178, 1593
70524, 1593
90915, 1593
95076, 1593
112414, 1593
294147, 1593
21948, 1592
46975, 1592
68249, 1592
77552, 1592
130673, 1592
204641, 1592
16446, 1591
75432, 1591
86649, 1591
94045, 1591
178564, 1591
248416, 1590
123948, 1589
248686, 1589
8464, 1588
213748, 1588
261942, 1588
60589, 1587
91489, 1587
69041, 1586
83276, 1586
85534, 1586
110551, 1586
128160, 1586
128391, 1586
132365, 1586
133582, 1586
154325, 1586
157391, 1586
165864, 1586
173172, 1586
181488, 1586
196061, 1586
206970, 1586
225778, 1586
227399, 1586
237910, 1586
249699, 1586
259069, 1586
260940, 1586
267855, 1586
272620, 1586
287960, 1586
77198, 1585
100487, 1585
264521, 1585
114219, 1584
136361, 1584
181773, 1584
187772, 1584
276600, 1584
294917, 1584
74297, 1581
23370, 1580
64948, 1580
71170, 1580
92257, 1580
139671, 1580
157380, 1580
161307, 1580
217336, 1580
232681, 1580
294368, 1580
13198, 1579
107822, 1579
267774, 1579
285967, 1579
25667, 1578
44765, 1578
45913, 1578
47645, 1578
60362, 1578
84469, 1578
95327, 1578
112368, 1578
151012, 1578
206321, 1578
228573, 1578
161652, 1576
184797, 1576
188478, 1576
53907, 1575
54918, 1575
75826, 1575
92807, 1575
104642, 1575
128601, 1575
170937, 1575
223883, 1575
266947, 1575
212401, 1573
196361, 1572
69565, 1571
191465, 1571
245485, 1571
16121, 1570
109386, 1570
140682, 1570
11057, 1569
172216, 1569
5540, 1567
139298, 1567
57364, 1566
97208, 1566
190995, 1566
22438, 1565
114726, 1565
122034, 1565
169077, 1565
295267, 1565
66739, 1564
136425, 1564
75444, 1563
123137, 1563
155889, 1563
174234, 1563
206236, 1563
232442, 1563
239417, 1563
163634, 1561
56373, 1559
189348, 1558
227916, 1558
54567, 1557
203036, 1557
281844, 1557
293620, 1557
193465, 1556
212471, 1556
217447, 1556
230283, 1556
21666, 1555
48540, 1555
53642, 1555
75162, 1555
79740, 1555
93170, 1555
105100, 1555
106166, 1555
118458, 1555
133355, 1555
154795, 1555
171874, 1555
213968, 1555
217343, 1555
271200, 1555
17188, 1554
40436, 1554
52524, 1554
71372, 1554
85831, 1554
141414, 1554
147909, 1554
154889, 1554
158754, 1554
172282, 1554
173437, 1554
226225, 1554
229301, 1554
230592, 1554
232513, 1554
234238, 1554
234743, 1554
236513, 1554
237643, 1554
239562, 1554
243868, 1554
254369, 1554
283175, 1554
290375, 1554
290425, 1554
295662, 1554
47505, 1553
100998, 1553
182264, 1553
200019, 1553
213735, 1553
220001, 1553
242040, 1553
284074, 1553
141563, 1552
99402, 1551
108268, 1551
150261, 1551
210989, 1551
277658, 1551
284685, 1551
29436, 1550
57258, 1550
76023, 1550
76353, 1550
77558, 1550
77568, 1550
97314, 1550
97329, 1550
100438, 1550
115564, 1550
115940, 1550
117250, 1550
121510, 1550
140543, 1550
148081, 1550
152048, 1550
158917, 1550
166965, 1550
196934, 1550
220495, 1550
279706, 1550
134746, 1545
185506, 1545
276479, 1545
110087, 1544
131574, 1544
143577, 1544
151174, 1544
178381, 1544
200567, 1544
213946, 1544
239549, 1544
249648, 1544
56098, 1542
108919, 1542
208742, 1542
54314, 1541
63151, 1541
174718, 1541
248469, 1541
253100, 1541
211626, 1540
40285, 1538
35471, 1537
84508, 1537
134143, 1537
153208, 1537
243122, 1537
6918, 1535
45704, 1535
176498, 1535
207177, 1535
222388, 1535
285567, 1535
295741, 1535
73688, 1534
93821, 1534
123655, 1534
145898, 1534
148876, 1534
152688, 1534
171507, 1534
184381, 1534
197165, 1534
239852, 1534
253991, 1534
276381, 1534
292870, 1534
119630, 1533
175414, 1533
38915, 1532
32155, 1531
144575, 1530
147201, 1530
254996, 1530
262300, 1530
265122, 1530
226659, 1529
229235, 1529
241592, 1529
46418, 1528
61725, 1528
115819, 1528
156344, 1528
168685, 1528
184082, 1528
210708, 1528
241254, 1528
250028, 1528
293336, 1528
31010, 1527
40773, 1527
47037, 1527
58882, 1527
78636, 1527
81609, 1527
82270, 1527
92603, 1527
98497, 1527
107351, 1527
128445, 1527
150613, 1527
156429, 1527
168158, 1527
208739, 1527
214198, 1527
239101, 1527
240101, 1527
253814, 1527
259451, 1527
268653, 1527
273404, 1527
275373, 1527
107820, 1526
126940, 1526
147766, 1526
148855, 1526
174261, 1526
186220, 1526
208893, 1526
210586, 1526
221947, 1526
232065, 1526
234485, 1526
236875, 1526
236900, 1526
239331, 1526
250225, 1526
261748, 1526
274400, 1526
278683, 1526
291393, 1526
291782, 1526
292284, 1526
16650, 1525
25374, 1525
35685, 1525
142974, 1525
26868, 1524
68377, 1524
236560, 1524
256850, 1524
8218, 1523
168702, 1522
239213, 1522
290092, 1522
162113, 1521
172511, 1521
175422, 1521
205701, 1521
98020, 1519
208337, 1518
215954, 1518
244278, 1518
254793, 1518
266070, 1518
90752, 1517
131101, 1517
85986, 1516
93876, 1516
138804, 1516
202982, 1516
213371, 1516
226337, 1516
229312, 1516
231466, 1516
232132, 1516
234919, 1516
271433, 1516
272431, 1516
226407, 1515
55334, 1514
148631, 1513
159614, 1513
159799, 1513
192184, 1513
196531, 1513
237052, 1513
157411, 1512
194725, 1512
197139, 1512
209262, 1512
1028, 1510
60040, 1510
73069, 1510
92523, 1510
112201, 1510
149737, 1510
175616, 1510
188388, 1510
190950, 1510
200317, 1510
19230, 1509
89750, 1509
115683, 1509
138809, 1509
184487, 1509
237991, 1509
240958, 1509
267383, 1509
49043, 1507
74152, 1507
182033, 1507
281923, 1507
287777, 1507
164279, 1505
184943, 1505
255243, 1504
91653, 1503
108368, 1503
117290, 1503
247284, 1503
268442, 1502
29435, 1501
125633, 1501
126191, 1501
146550, 1501
146760, 1501
155964, 1501
169717, 1501
184652, 1501
198573, 1501
220559, 1501
233154, 1501
259019, 1501
259882, 1501
274629, 1501
276268, 1501
279057, 1501
28874, 1500
70984, 1500
92254, 1500
114707, 1500
132333, 1500
168830, 1500
181596, 1500
181923, 1500
196031, 1500
223673, 1500
240802, 1500
48301, 1499
135906, 1499
165966, 1499
174760, 1499
186388, 1499
193482, 1499
201076, 1499
208533, 1499
277563, 1499
19526, 1498
95612, 1498
206443, 1498
246069, 1498
55633, 1497
93029, 1497
158576, 1497
193033, 1497
203441, 1497
219670, 1497
282441, 1496
10114, 1494
40204, 1494
89356, 1494
116220, 1494
132607, 1494
141756, 1494
144928, 1494
147372, 1494
150689, 1494
152702, 1494
155461, 1494
199511, 1494
213842, 1494
225981, 1494
268874, 1494
279030, 1494
287275, 1494
90158, 1493
95691, 1492
118530, 1492
146269, 1492
158548, 1492
175197, 1492
176499, 1492
208287, 1492
211311, 1492
223730, 1492
248088, 1492
265837, 1492
280043, 1492
282129, 1492
48529, 1491
155682, 1491
47129, 1490
60760, 1490
85296, 1490
89858, 1490
108468, 1490
128864, 1490
138718, 1490
158373, 1490
161544, 1490
177158, 1490
183204, 1490
194914, 1490
195148, 1490
197584, 1490
204777, 1490
263659, 1490
267339, 1490
271678, 1490
295403, 1490
92738, 1489
99546, 1489
138258, 1489
142069, 1489
142553, 1489
162112, 1489
164435, 1489
223344, 1489
236501, 1489
249246, 1489
294803, 1489
39424, 1488
48107, 1488
71916, 1488
194177, 1488
222695, 1488
236806, 1488
85270, 1487
110088, 1487
54752, 1486
55693, 1486
111355, 1486
123321, 1486
153504, 1486
181219, 1486
186933, 1486
201603, 1486
210907, 1486
211195, 1486
212864, 1486
215138, 1486
224838, 1486
256654, 1486
260714, 1486
270465, 1486
273766, 1486
284718, 1486
79480, 1485
104665, 1485
132082, 1485
220185, 1485
244645, 1485
28438, 1484
119708, 1484
127600, 1484
244966, 1484
94604, 1483
98098, 1483
114353, 1483
121164, 1483
162829, 1483
171147, 1483
201147, 1483
203261, 1483
279346, 1483
54998, 1482
64621, 1482
73872, 1482
91652, 1482
92584, 1482
132732, 1482
164376, 1482
178372, 1482
191636, 1482
194142, 1482
198766, 1482
206845, 1482
224984, 1482
239067, 1482
275667, 1482
283118, 1482
292578, 1482
95208, 1481
135852, 1481
142183, 1481
208102, 1481
231846, 1481
284753, 1481
56038, 1480
105368, 1480
133796, 1480
134213, 1480
142733, 1480
148765, 1480
149577, 1480
151172, 1480
168369, 1480
170301, 1480
176604, 1480
212643, 1480
215594, 1480
237250, 1480
245116, 1480
246685, 1480
271268, 1480
283160, 1480
100626, 1479
202822, 1479
211939, 1479
237542, 1479
273773, 1479
37803, 1478
68202, 1478
71974, 1478
109883, 1478
110651, 1478
113513, 1478
127452, 1478
141788, 1478
144630, 1478
145095, 1478
189222, 1478
226571, 1478
228097, 1478
233667, 1478
244501, 1478
245914, 1478
35332, 1477
127010, 1477
131444, 1476
156920, 1476
159509, 1475
161889, 1475
172749, 1475
186401, 1475
214345, 1475
214684, 1475
227951, 1475
236172, 1475
273905, 1475
278630, 1475
36770, 1474
57336, 1474
121063, 1474
21533, 1473
70717, 1473
131590, 1473
118424, 1472
154318, 1472
163199, 1472
167103, 1472
218795, 1472
233545, 1472
237448, 1472
242524, 1472
268481, 1472
272939, 1472
282358, 1472
31143, 1471
183043, 1471
265425, 1471
280722, 1471
108080, 1469
111097, 1469
150589, 1469
196543, 1469
198163, 1469
215251, 1469
252396, 1469
253821, 1469
256386, 1469
274082, 1469
274812, 1469
278550, 1469
66510, 1468
101026, 1468
106683, 1468
126214, 1468
134869, 1468
135062, 1468
236958, 1468
276868, 1468
136023, 1467
148507, 1467
152963, 1467
200202, 1467
205171, 1467
278720, 1467
279930, 1467
237957, 1466
125779, 1465
187811, 1465
250163, 1465
158636, 1464
171028, 1464
175178, 1464
208568, 1464
231749, 1464
234670, 1464
248855, 1464
248936, 1464
252604, 1464
265918, 1464
280647, 1464
288653, 1464
208207, 1463
214770, 1463
273226, 1463
74105, 1462
82839, 1462
151091, 1462
177575, 1462
187318, 1462
233391, 1462
42956, 1461
65258, 1461
86257, 1461
156448, 1461
262773, 1461
296335, 1460
36021, 1459
80507, 1458
92711, 1458
176304, 1458
201280, 1458
215189, 1458
279093, 1458
60393, 1457
90473, 1457
120862, 1457
159711, 1457
164780, 1457
204320, 1457
273718, 1457
58677, 1456
119872, 1455
252345, 1455
262587, 1455
278590, 1455
49203, 1454
102331, 1454
128958, 1454
158902, 1454
164714, 1454
176840, 1454
250221, 1454
253293, 1454
281009, 1454
146705, 1453
213674, 1453
137549, 1452
71541, 1450
76939, 1449
180378, 1449
188661, 1449
211331, 1449
277466, 1449
295917, 1449
55241, 1448
133522, 1448
141472, 1448
42586, 1447
76081, 1447
205634, 1447
216853, 1447
50033, 1446
145195, 1446
150969, 1446
166542, 1446
180809, 1446
185164, 1446
246291, 1446
252988, 1446
272643, 1446
178926, 1445
180920, 1445
197505, 1445
244635, 1445
85962, 1444
276298, 1444
211910, 1443
120461, 1441
188315, 1441
211096, 1441
215008, 1441
249474, 1441
253962, 1441
63699, 1440
80329, 1440
86220, 1440
158747, 1440
238441, 1440
296185, 1440
11626, 1437
64362, 1437
165021, 1437
186906, 1437
212835, 1437
285576, 1437
209355, 1436
222159, 1436
251339, 1436
268979, 1436
280279, 1436
73884, 1435
241797, 1435
30287, 1434
63232, 1434
23436, 1433
104222, 1433
115242, 1433
122473, 1433
165285, 1433
172653, 1433
183296, 1433
205217, 1433
219983, 1433
220709, 1433
233869, 1433
255349, 1433
259372, 1433
62838, 1432
147651, 1432
167473, 1432
252782, 1432
261272, 1432
270777, 1432
12036, 1431
124440, 1431
198966, 1431
234603, 1431
257480, 1431
288145, 1431
98114, 1430
105615, 1430
113364, 1430
155283, 1430
157272, 1430
200771, 1430
240047, 1430
269432, 1430
282664, 1430
283590, 1430
33904, 1429
49344, 1429
95661, 1429
176598, 1429
194065, 1429
199214, 1429
281462, 1429
294415, 1429
7974, 1428
25816, 1428
38542, 1428
151685, 1428
171252, 1428
207843, 1428
243207, 1428
248940, 1428
80580, 1427
115387, 1427
118590, 1427
122933, 1427
138874, 1427
142694, 1427
175535, 1427
219477, 1427
242664, 1427
267283, 1427
280314, 1427
280625, 1427
280905, 1427
126023, 1426
281333, 1426
66509, 1425
184000, 1425
202813, 1425
212887, 1425
236383, 1425
292888, 1425
83128, 1424
88528, 1424
100859, 1424
115786, 1424
161148, 1424
168818, 1424
177233, 1424
178484, 1424
181141, 1424
183199, 1424
188837, 1424
192792, 1424
193053, 1424
225490, 1424
229111, 1424
237526, 1424
248353, 1424
252265, 1424
253583, 1424
264413, 1424
289483, 1424
292135, 1424
295459, 1424
59102, 1423
167728, 1423
179613, 1423
186922, 1423
193382, 1423
196826, 1423
205930, 1423
213139, 1423
213586, 1423
219260, 1423
234190, 1423
32193, 1422
82440, 1422
83653, 1422
116542, 1422
162416, 1422
181550, 1422
249362, 1422
261115, 1422
283198, 1422
65954, 1421
70509, 1421
166773, 1421
178233, 1421
248306, 1421
287729, 1421
255373, 1419
8441, 1418
104133, 1418
180721, 1418
182399, 1418
279633, 1418
217217, 1417
79648, 1416
119244, 1416
126252, 1416
165197, 1416
168152, 1416
195050, 1416
219859, 1416
227661, 1416
229999, 1416
230045, 1416
233886, 1416
254479, 1416
267744, 1416
278592, 1416
291488, 1416
84636, 1415
158193, 1415
173119, 1415
186960, 1415
51272, 1414
74802, 1414
139669, 1414
159147, 1414
161789, 1414
165376, 1414
175985, 1414
178027, 1414
184843, 1414
193570, 1414
196066, 1414
200587, 1414
269395, 1414
286844, 1414
289840, 1414
296470, 1414
54885, 1413
120849, 1413
89335, 1412
177251, 1412
184418, 1412
216931, 1412
232908, 1412
246269, 1412
255789, 1412
271791, 1412
281196, 1412
283414, 1412
293243, 1412
218254, 1411
266228, 1411
87430, 1410
182794, 1410
196550, 1410
198186, 1410
95884, 1409
110707, 1407
117008, 1407
136997, 1407
251946, 1407
270995, 1407
291889, 1407
158249, 1405
194267, 1405
202466, 1405
103918, 1404
159267, 1404
169417, 1404
69781, 1403
88135, 1403
108777, 1403
152256, 1403
186212, 1403
192833, 1403
197489, 1403
210882, 1403
218473, 1403
265229, 1403
271553, 1403
272006, 1403
288613, 1403
74704, 1402
116140, 1402
145026, 1401
153094, 1401
163006, 1401
166461, 1401
132736, 1400
155247, 1400
183069, 1400
225444, 1400
231007, 1400
244549, 1400
281514, 1400
292315, 1400
81847, 1399
178728, 1399
202464, 1399
288861, 1399
159128, 1398
172713, 1398
195912, 1398
277230, 1398
288288, 1398
168968, 1397
255952, 1397
6484, 1396
62393, 1396
89275, 1396
94487, 1396
111696, 1396
117022, 1396
137745, 1396
157118, 1396
173647, 1396
185696, 1396
193288, 1396
285464, 1396
70855, 1395
151166, 1395
271146, 1395
284279, 1395
17023, 1393
59452, 1393
82805, 1393
124565, 1393
212647, 1393
227331, 1393
234287, 1393
273735, 1393
32294, 1392
181853, 1392
24479, 1391
44757, 1391
56035, 1391
57828, 1391
74460, 1391
77003, 1391
81586, 1391
83943, 1391
84715, 1391
130043, 1391
134231, 1391
160516, 1391
213910, 1391
254456, 1391
256040, 1391
256787, 1391
260440, 1391
281700, 1391
115829, 1390
171575, 1390
176427, 1390
236422, 1390
258499, 1390
181254, 1389
191181, 1389
205416, 1389
267484, 1389
276547, 1389
60784, 1388
120129, 1388
138855, 1388
154805, 1388
191620, 1388
210170, 1388
223154, 1388
223548, 1388
284783, 1388
290977, 1388
43021, 1387
56079, 1387
57206, 1387
73172, 1387
81712, 1387
82678, 1387
97804, 1387
115496, 1387
118195, 1387
125545, 1387
146639, 1387
153204, 1387
167354, 1387
170726, 1387
195287, 1387
203275, 1387
223099, 1387
248442, 1387
264431, 1387
275194, 1387
279230, 1387
68774, 1386
79349, 1386
126526, 1386
155227, 1386
162181, 1386
166765, 1386
240654, 1386
187562, 1385
65439, 1384
90572, 1384
93708, 1384
99661, 1384
102939, 1384
136461, 1384
145375, 1384
152088, 1384
157675, 1384
202541, 1384
209530, 1384
217806, 1384
219141, 1384
224483, 1384
232570, 1384
232913, 1384
235115, 1384
249312, 1384
265358, 1384
267924, 1384
283553, 1384
16602, 1383
58266, 1383
80377, 1383
94809, 1383
99001, 1383
107326, 1383
137151, 1383
220568, 1383
223093, 1383
265985, 1383
97906, 1382
101227, 1382
165119, 1382
188973, 1382
204546, 1382
231456, 1382
285880, 1382
289397, 1382
86490, 1381
105284, 1381
133562, 1381
217900, 1381
120368, 1380
136399, 1380
148296, 1380
180499, 1380
247839, 1380
15192, 1379
37936, 1379
204301, 1379
210620, 1379
216329, 1379
243429, 1379
265709, 1379
292439, 1379
289704, 1378
58059, 1377
80730, 1377
114086, 1377
141772, 1377
242392, 1377
249502, 1377
272665, 1377
283844, 1377
125487, 1376
181101, 1376
213222, 1376
214681, 1376
221382, 1376
227172, 1376
248016, 1376
249799, 1376
291572, 1376
53631, 1374
169437, 1374
46615, 1373
67344, 1373
69533, 1373
72864, 1373
102530, 1373
128650, 1373
150408, 1373
167080, 1373
194739, 1373
224974, 1373
240474, 1373
254013, 1373
262813, 1373
272445, 1373
34569, 1372
48525, 1372
96996, 1372
70510, 1371
123612, 1371
186236, 1371
234391, 1371
245867, 1371
284156, 1371
80698, 1370
108263, 1370
124259, 1370
138664, 1370
269498, 1370
171244, 1369
248520, 1369
288268, 1369
120334, 1368
147986, 1368
185040, 1368
31252, 1367
37273, 1367
73429, 1367
80688, 1367
81683, 1367
93194, 1367
93942, 1367
108066, 1367
115062, 1367
124519, 1367
129255, 1367
133307, 1367
147918, 1367
151232, 1367
151394, 1367
152497, 1367
155150, 1367
167147, 1367
185434, 1367
195548, 1367
201966, 1367
211409, 1367
213880, 1367
217649, 1367
227666, 1367
228092, 1367
230251, 1367
235338, 1367
242127, 1367
249238, 1367
255400, 1367
259912, 1367
263522, 1367
264274, 1367
272927, 1367
283511, 1367
287967, 1367
290701, 1367
215232, 1366
233609, 1366
56462, 1365
69673, 1365
89923, 1365
92973, 1365
96866, 1365
101346, 1365
106883, 1365
109579, 1365
111254, 1365
116868, 1365
121921, 1365
158711, 1365
193421, 1365
193893, 1365
202573, 1365
219339, 1365
224505, 1365
230691, 1365
236607, 1365
254171, 1365
60208, 1364
192414, 1364
212900, 1364
253526, 1364
258489, 1364
290199, 1364
296599, 1364
16391, 1363
60402, 1362
96936, 1362
130848, 1362
147481, 1362
149764, 1362
190124, 1362
201658, 1362
45568, 1361
193683, 1361
255760, 1361
262909, 1361
81567, 1360
147565, 1360
200097, 1360
242604, 1360
250690, 1360
290385, 1360
294847, 1360
191822, 1359
280336, 1359
5326, 1358
26254, 1358
28253, 1358
79681, 1358
109399, 1358
120844, 1358
161481, 1358
200792, 1358
231313, 1358
233827, 1358
257657, 1358
288640, 1358
186592, 1357
204949, 1357
227776, 1357
275185, 1357
281343, 1357
286059, 1357
4861, 1356
149405, 1356
196688, 1356
202007, 1356
220666, 1356
223840, 1356
231422, 1356
237763, 1356
250298, 1356
250919, 1356
272452, 1356
295405, 1356
26556, 1355
35582, 1355
30301, 1353
44565, 1353
104644, 1353
125536, 1353
131340, 1353
156398, 1353
178781, 1353
182489, 1353
210584, 1353
267467, 1353
15721, 1352
17209, 1352
98533, 1352
132125, 1352
137105, 1352
218699, 1352
261438, 1352
274640, 1352
285324, 1352
46366, 1351
128279, 1351
152684, 1351
158119, 1351
158407, 1351
167266, 1351
169180, 1351
214267, 1351
217274, 1351
258327, 1351
270040, 1351
270962, 1351
271174, 1351
293577, 1351
293722, 1351
294512, 1351
294900, 1351
296483, 1351
52275, 1350
64223, 1350
65898, 1350
79561, 1350
102036, 1350
135766, 1350
185210, 1350
198628, 1350
248147, 1350
267724, 1350
278580, 1350
106409, 1349
109240, 1349
114774, 1349
118572, 1349
130082, 1349
218803, 1349
261031, 1349
44545, 1348
66294, 1348
70516, 1348
94127, 1348
102533, 1348
111522, 1348
114325, 1348
129690, 1348
144778, 1348
147306, 1348
155870, 1348
160368, 1348
171232, 1348
183830, 1348
184425, 1348
185542, 1348
189371, 1348
209903, 1348
214132, 1348
216773, 1348
220415, 1348
241443, 1348
241999, 1348
261323, 1348
277906, 1348
279576, 1348
286179, 1348
288487, 1348
293881, 1348
294727, 1348
69950, 1347
135611, 1347
207544, 1347
219490, 1347
19203, 1346
48870, 1346
141528, 1346
166867, 1346
192075, 1346
211452, 1346
224634, 1346
247230, 1346
259785, 1346
278537, 1346
281806, 1346
114390, 1345
136235, 1345
143197, 1345
151145, 1345
169522, 1345
189238, 1345
214964, 1345
255120, 1345
262214, 1345
272116, 1345
285239, 1345
285483, 1345
287701, 1345
35746, 1344
55375, 1344
156462, 1344
176407, 1344
276557, 1344
66614, 1343
80330, 1343
80960, 1343
126123, 1343
164401, 1343
32656, 1342
57999, 1342
113407, 1342
125807, 1342
126829, 1342
142264, 1342
153405, 1342
175823, 1342
193783, 1342
196823, 1342
199654, 1342
209298, 1342
227948, 1342
242013, 1342
263715, 1342
270174, 1342
284473, 1342
288377, 1342
294806, 1342
295350, 1342
70006, 1340
90287, 1340
128688, 1340
149726, 1340
156155, 1340
198954, 1340
213494, 1340
234716, 1340
244322, 1340
265334, 1340
269543, 1340
276247, 1340
108162, 1339
110394, 1339
159432, 1339
196311, 1339
217696, 1339
234026, 1339
236680, 1339
273227, 1339
14022, 1338
139283, 1338
275138, 1338
131046, 1337
146378, 1337
182566, 1337
88849, 1336
200082, 1336
232307, 1336
85063, 1335
131600, 1335
145736, 1335
167140, 1335
168587, 1335
198869, 1335
199267, 1335
204068, 1335
264221, 1335
130383, 1334
156273, 1334
194994, 1334
210979, 1334
227136, 1334
229755, 1334
235562, 1334
253621, 1334
261240, 1334
278503, 1334
280844, 1334
289860, 1334
77091, 1333
268830, 1333
56228, 1332
63677, 1332
123428, 1332
208534, 1332
242790, 1332
273904, 1332
162454, 1331
202053, 1331
207033, 1331
242804, 1331
59482, 1330
176012, 1330
62773, 1329
138616, 1329
253898, 1329
55220, 1328
112952, 1328
133668, 1328
174969, 1328
182890, 1328
270073, 1328
81610, 1327
100234, 1327
159291, 1327
160296, 1327
199775, 1327
138076, 1326
153193, 1326
182363, 1326
100281, 1325
187103, 1325
197862, 1325
237107, 1325
155490, 1324
174991, 1324
211099, 1324
244068, 1324
295543, 1324
177108, 1323
214031, 1323
243013, 1323
128646, 1322
129488, 1322
131103, 1322
131617, 1322
137217, 1322
160536, 1322
168105, 1322
170368, 1322
174353, 1322
183100, 1322
199308, 1322
200099, 1322
206333, 1322
210664, 1322
261218, 1322
276588, 1322
279083, 1322
280155, 1322
285569, 1322
286263, 1322
288157, 1322
289236, 1322
38784, 1321
38954, 1321
40746, 1321
58054, 1321
117125, 1321
121976, 1321
136335, 1321
147174, 1321
276862, 1321
76183, 1319
91034, 1319
106169, 1319
237505, 1319
238000, 1319
256443, 1319
286472, 1319
2121, 1318
33638, 1318
65502, 1318
80467, 1318
134004, 1318
165524, 1318
23161, 1317
38199, 1317
136173, 1317
157317, 1317
20924, 1316
79049, 1316
152268, 1316
157211, 1316
197869, 1316
72459, 1315
130857, 1315
229236, 1315
274071, 1315
286839, 1315
290395, 1315
59576, 1314
112502, 1314
138628, 1314
153354, 1314
200554, 1314
222757, 1314
231299, 1314
234867, 1314
266417, 1314
275935, 1314
75733, 1313
83952, 1313
142508, 1313
147683, 1313
158205, 1313
159499, 1313
176907, 1313
185219, 1313
208494, 1313
243333, 1313
261595, 1313
279565, 1313
273884, 1312
128871, 1311
138802, 1311
250573, 1311
273366, 1311
16927, 1310
57877, 1310
111471, 1310
226964, 1310
238126, 1310
260065, 1310
261990, 1310
285915, 1310
11449, 1309
68022, 1309
80089, 1309
111862, 1309
112284, 1309
139366, 1309
182613, 1309
183432, 1309
190739, 1309
192086, 1309
204865, 1309
217025, 1309
224290, 1309
231450, 1309
256241, 1309
263212, 1309
263576, 1309
266366, 1309
267401, 1309
272244, 1309
134396, 1308
147175, 1308
199066, 1308
200201, 1308
212574, 1308
220658, 1308
229763, 1308
247704, 1308
253843, 1308
254775, 1308
259179, 1308
278032, 1308
282058, 1308
287176, 1308
293656, 1308
117956, 1307
209100, 1307
261630, 1307
52040, 1306
256785, 1306
76989, 1305
78266, 1305
162539, 1305
197836, 1305
200315, 1305
288160, 1305
71487, 1304
99134, 1304
116694, 1304
151351, 1304
189420, 1304
203341, 1304
214835, 1304
215370, 1304
216318, 1304
232581, 1304
233881, 1304
253501, 1304
260688, 1304
268038, 1304
284910, 1304
32160, 1303
32610, 1303
100081, 1303
110674, 1303
123749, 1303
176321, 1303
180862, 1303
169779, 1302
11962, 1301
14340, 1301
31056, 1301
65650, 1301
93375, 1301
96729, 1301
108325, 1301
116620, 1301
127698, 1301
136326, 1301
148089, 1301
172040, 1301
211371, 1301
211398, 1301
211423, 1301
214529, 1301
216227, 1301
224687, 1301
228630, 1301
231717, 1301
235176, 1301
262583, 1301
265658, 1301
273279, 1301
286851, 1301
288938, 1301
30722, 1300
60262, 1300
128673, 1300
132869, 1300
154983, 1300
161435, 1300
172174, 1300
213408, 1300
220182, 1300
226706, 1300
240914, 1300
253727, 1300
257693, 1300
260846, 1300
277428, 1300
283391, 1300
55535, 1299
123375, 1299
146773, 1299
146883, 1299
154141, 1299
161134, 1299
173127, 1299
185153, 1299
186636, 1299
186776, 1299
190197, 1299
229351, 1299
245498, 1299
262189, 1299
104352, 1298
220818, 1298
259232, 1298
49681, 1297
70499, 1297
72546, 1297
78995, 1297
98751, 1297
118047, 1297
142111, 1297
147912, 1297
154128, 1297
161881, 1297
175712, 1297
184775, 1297
190102, 1297
80664, 1296
98393, 1296
104175, 1296
158595, 1296
171637, 1296
227163, 1296
236085, 1296
262725, 1296
271128, 1296
293701, 1296
75731, 1295
147409, 1295
154918, 1295
79476, 1294
93883, 1294
214549, 1294
223908, 1294
37476, 1293
113238, 1293
129828, 1293
137718, 1293
141521, 1293
207903, 1293
8050, 1292
45555, 1292
59478, 1292
75131, 1292
118044, 1292
269352, 1292
281638, 1292
286258, 1292
288356, 1292
77706, 1291
133327, 1291
168941, 1291
185663, 1291
187272, 1291
197182, 1291
200378, 1291
209552, 1291
236313, 1291
253758, 1291
259167, 1291
273941, 1291
283059, 1291
294741, 1291
2405, 1290
39601, 1290
86427, 1290
150218, 1290
167757, 1290
197219, 1290
236395, 1290
268795, 1290
282975, 1290
245943, 1289
129185, 1288
195179, 1288
198763, 1288
210249, 1288
218354, 1288
219811, 1288
276988, 1288
278202, 1288
968, 1287
51609, 1287
67925, 1287
102841, 1287
103298, 1287
141832, 1287
142888, 1287
145401, 1287
165323, 1287
191868, 1287
192673, 1287
221659, 1287
238718, 1287
243847, 1287
243885, 1287
261150, 1287
262298, 1287
267519, 1287
277678, 1287
290068, 1287
291829, 1287
5867, 1286
106938, 1286
116727, 1286
130144, 1286
133979, 1286
149799, 1286
189935, 1286
221081, 1286
224730, 1286
237489, 1286
257546, 1286
263502, 1286
264507, 1286
33196, 1285
36765, 1285
64876, 1285
130075, 1285
185727, 1285
185954, 1285
221850, 1285
235078, 1285
254453, 1285
95674, 1284
177631, 1284
62229, 1283
167425, 1283
207023, 1283
212594, 1283
224352, 1283
237051, 1283
86026, 1282
106358, 1282
156700, 1282
218454, 1282
243106, 1282
294234, 1282
80388, 1281
259962, 1281
35954, 1280
59614, 1280
61610, 1280
119799, 1280
137233, 1280
154828, 1280
163647, 1280
183492, 1280
200239, 1280
200289, 1280
202985, 1280
206258, 1280
215218, 1280
239736, 1280
254904, 1280
258189, 1280
22017, 1279
99046, 1279
106129, 1279
109185, 1279
136003, 1279
164915, 1279
195095, 1279
277727, 1279
286896, 1279
288112, 1279
290472, 1279
52467, 1278
55123, 1278
75141, 1278
81146, 1278
94004, 1278
188296, 1278
191744, 1278
224455, 1278
260690, 1278
262161, 1278
267135, 1278
278646, 1278
281299, 1278
284463, 1278
295454, 1278
77560, 1277
23399, 1276
77785, 1276
206038, 1276
65903, 1275
114172, 1275
159148, 1275
268620, 1275
19875, 1274
42964, 1274
53217, 1274
67228, 1274
106444, 1274
132591, 1274
139861, 1274
153257, 1274
156002, 1274
166684, 1274
174025, 1274
185888, 1274
243640, 1274
279615, 1274
282182, 1274
283515, 1274
292383, 1274
41275, 1273
193338, 1273
54117, 1272
67060, 1272
82360, 1272
87505, 1272
228049, 1272
239915, 1272
128962, 1271
172576, 1271
253325, 1271
88160, 1270
101320, 1270
130076, 1270
130157, 1270
155725, 1270
191124, 1270
217311, 1270
225897, 1270
229790, 1270
234024, 1270
256965, 1270
283776, 1270
285429, 1270
286006, 1270
28449, 1269
30974, 1269
82243, 1269
160747, 1269
169708, 1269
220789, 1269
226890, 1269
243577, 1269
251462, 1269
258329, 1269
277867, 1269
28070, 1268
32836, 1268
39263, 1268
127137, 1268
162757, 1268
188490, 1268
243535, 1268
53866, 1267
75027, 1267
92116, 1267
95611, 1267
107076, 1267
110226, 1267
112119, 1267
115667, 1267
117510, 1267
123212, 1267
167783, 1267
174871, 1267
180154, 1267
202253, 1267
204820, 1267
210553, 1267
216964, 1267
242656, 1267
60507, 1265
10103, 1264
98070, 1264
99937, 1264
108308, 1264
129549, 1264
136709, 1264
143898, 1264
147534, 1264
208235, 1264
213953, 1264
231217, 1264
231403, 1264
251395, 1264
259747, 1264
260436, 1264
264732, 1264
266107, 1264
268866, 1264
279171, 1264
284717, 1264
87998, 1263
135225, 1263
141935, 1263
168681, 1263
179501, 1263
248904, 1263
255126, 1263
259476, 1263
262029, 1263
275258, 1263
292735, 1263
19492, 1262
106167, 1262
12572, 1261
33935, 1261
59633, 1261
117759, 1261
141972, 1261
159339, 1261
180084, 1261
260903, 1261
271007, 1261
284856, 1261
42906, 1259
43328, 1259
97864, 1259
136420, 1259
203674, 1259
45662, 1258
55162, 1258
67449, 1258
172935, 1258
186142, 1258
186431, 1258
242725, 1258
248299, 1258
252429, 1258
281819, 1258
56436, 1257
103042, 1257
115106, 1257
116386, 1257
120424, 1257
124090, 1257
141532, 1257
142040, 1257
150151, 1257
180121, 1257
195080, 1257
199333, 1257
199820, 1257
205429, 1257
213677, 1257
242260, 1257
252739, 1257
267829, 1257
272072, 1257
281003, 1257
291207, 1257
16865, 1256
47831, 1256
113631, 1256
222691, 1256
255421, 1256
266455, 1256
275000, 1256
118020, 1255
187468, 1255
241995, 1255
36737, 1254
74583, 1254
75408, 1254
83447, 1254
84444, 1254
139969, 1254
169311, 1254
174839, 1254
184603, 1254
189364, 1254
190723, 1254
194451, 1254
207250, 1254
208387, 1254
211838, 1254
215544, 1254
227972, 1254
231730, 1254
234609, 1254
235738, 1254
254593, 1254
258811, 1254
268065, 1254
275005, 1254
294473, 1254
79663, 1253
83628, 1253
128240, 1253
133325, 1253
148109, 1253
183276, 1253
25916, 1252
47246, 1252
51410, 1252
53921, 1252
70116, 1252
81140, 1252
108050, 1252
203653, 1252
220723, 1252
245475, 1252
263709, 1252
269227, 1252
295185, 1252
61344, 1251
109027, 1251
155303, 1251
23388, 1250
26320, 1250
91306, 1250
111981, 1250
121275, 1250
173637, 1250
175699, 1250
194767, 1250
293071, 1250
295379, 1250
132670, 1249
192351, 1249
4803, 1247
76887, 1247
100960, 1247
103505, 1247
147612, 1247
162962, 1247
169476, 1247
183354, 1247
202850, 1247
243737, 1247
261353, 1247
6317, 1246
76391, 1246
109989, 1246
120137, 1246
134940, 1246
222213, 1246
271223, 1246
115300, 1245
179750, 1245
193141, 1245
236119, 1245
286756, 1245
97826, 1244
126188, 1244
126788, 1244
136868, 1244
139988, 1244
285551, 1244
42371, 1243
184895, 1243
191140, 1243
244718, 1243
281087, 1243
294690, 1243
29783, 1242
36732, 1242
61314, 1242
127382, 1242
131558, 1242
146124, 1242
155342, 1242
166869, 1242
227435, 1242
237200, 1242
263477, 1242
94077, 1241
101595, 1241
104975, 1241
129157, 1241
163638, 1241
227045, 1241
234750, 1241
250409, 1241
255731, 1241
256405, 1241
258628, 1241
259745, 1241
264340, 1241
266504, 1241
269124, 1241
278392, 1241
279542, 1241
281458, 1241
295924, 1241
54445, 1240
60945, 1240
79303, 1240
99408, 1240
143060, 1240
146770, 1240
153456, 1240
170099, 1240
205900, 1240
209992, 1240
221369, 1240
251028, 1240
255877, 1240
256722, 1240
261138, 1240
268121, 1240
273493, 1240
47086, 1239
79001, 1239
85142, 1239
118739, 1239
123012, 1239
129366, 1239
219812, 1239
236137, 1239
22014, 1237
77347, 1237
83535, 1237
96401, 1237
98733, 1237
99290, 1237
110130, 1237
113290, 1237
146737, 1237
165043, 1237
170572, 1237
172960, 1237
186835, 1237
196151, 1237
209976, 1237
216568, 1237
217197, 1237
224457, 1237
239596, 1237
260166, 1237
265997, 1237
266766, 1237
280269, 1237
283162, 1237
293340, 1237
179423, 1236
234061, 1236
52345, 1235
104838, 1235
190628, 1235
211173, 1235
280475, 1235
5619, 1234
81158, 1234
101042, 1234
107603, 1234
114377, 1234
146754, 1234
152316, 1234
180045, 1234
195069, 1234
199777, 1234
221616, 1234
241261, 1234
293824, 1234
75508, 1233
125480, 1233
173835, 1233
199977, 1233
224683, 1233
224924, 1233
236519, 1233
254263, 1233
291665, 1233
148625, 1232
164080, 1232
165784, 1232
169350, 1232
173510, 1232
199071, 1232
202217, 1232
228829, 1232
79638, 1231
123254, 1231
123543, 1231
168564, 1231
282130, 1231
172839, 1230
109830, 1229
141911, 1229
211387, 1229
4905, 1228
14102, 1228
21480, 1228
29001, 1228
50279, 1228
55789, 1228
76289, 1228
78348, 1228
83269, 1228
85135, 1228
106091, 1228
116120, 1228
121442, 1228
128897, 1228
140946, 1228
179963, 1228
202500, 1228
208135, 1228
217392, 1228
235307, 1228
264288, 1228
264599, 1228
272660, 1228
273199, 1228
291525, 1228
13531, 1227
52197, 1227
68850, 1227
89847, 1227
119612, 1227
154025, 1227
182089, 1227
251348, 1227
271978, 1227
283149, 1227
87959, 1226
180414, 1226
223778, 1226
241931, 1226
42315, 1225
257590, 1225
23145, 1224
33145, 1224
48039, 1224
52455, 1224
70182, 1224
162860, 1224
168875, 1224
191017, 1224
237454, 1224
11477, 1223
71857, 1223
99703, 1223
144829, 1223
172336, 1223
194553, 1223
201664, 1223
218244, 1223
242272, 1223
246906, 1223
51547, 1222
208675, 1222
227853, 1222
228770, 1222
249260, 1222
290734, 1222
14793, 1220
37893, 1220
55098, 1220
62257, 1220
74688, 1220
79749, 1220
209748, 1220
219814, 1220
222531, 1220
280191, 1220
287744, 1220
20102, 1219
22851, 1219
34235, 1219
58543, 1219
120395, 1219
148039, 1219
161144, 1219
195695, 1219
197260, 1219
213417, 1219
222279, 1219
256326, 1219
260282, 1219
268597, 1219
117554, 1218
142957, 1218
150287, 1218
185649, 1218
186482, 1218
192465, 1218
204821, 1218
209313, 1218
219943, 1218
231960, 1218
244612, 1218
250451, 1218
261474, 1218
271431, 1218
278786, 1218
282086, 1218
290438, 1218
20371, 1217
42190, 1217
69456, 1217
104919, 1217
116457, 1217
135748, 1217
137735, 1217
183429, 1217
192421, 1217
203079, 1217
203496, 1217
229287, 1217
233443, 1217
237288, 1217
253269, 1217
270322, 1217
288100, 1217
77441, 1216
292031, 1216
5642, 1215
27170, 1215
185047, 1215
37820, 1214
87422, 1214
233774, 1214
65809, 1213
192270, 1213
239407, 1213
289744, 1213
53630, 1212
94957, 1212
94517, 1211
131321, 1211
146679, 1211
243672, 1211
250224, 1211
277463, 1211
279041, 1211
290866, 1211
296451, 1211
137586, 1210
237443, 1210
273009, 1210
280669, 1210
42554, 1209
63543, 1209
67293, 1209
67933, 1209
99933, 1209
103819, 1209
141638, 1209
199574, 1209
210423, 1209
235662, 1209
236347, 1209
27480, 1208
127599, 1208
161420, 1208
178753, 1208
204480, 1208
214416, 1208
235770, 1208
240635, 1208
18164, 1207
68245, 1207
104107, 1207
105952, 1207
158073, 1207
196084, 1207
204419, 1207
213941, 1207
232059, 1207
278894, 1207
125603, 1206
187181, 1206
194690, 1206
236705, 1206
22586, 1205
41335, 1205
68739, 1205
99678, 1205
160614, 1205
206612, 1205
233672, 1205
243574, 1205
246009, 1205
248150, 1205
250910, 1205
101383, 1204
145857, 1204
174095, 1204
193321, 1204
221181, 1204
243986, 1204
7536, 1203
30079, 1203
62997, 1203
85722, 1203
146210, 1203
186509, 1203
240258, 1203
242156, 1203
260335, 1203
288841, 1203
207097, 1202
213107, 1202
229970, 1202
248319, 1202
288213, 1202
89083, 1201
121168, 1201
127683, 1201
142418, 1201
153420, 1201
158152, 1201
179832, 1201
181132, 1201
200086, 1201
230373, 1201
237269, 1201
247387, 1201
273407, 1201
276700, 1201
54835, 1200
116733, 1200
122133, 1200
139154, 1200
149333, 1200
163589, 1200
166503, 1200
166968, 1200
171133, 1200
176367, 1200
177708, 1200
190231, 1200
190729, 1200
201417, 1200
203099, 1200
206102, 1200
207592, 1200
211596, 1200
217984, 1200
240392, 1200
242259, 1200
243883, 1200
265367, 1200
292377, 1200
2363, 1199
117225, 1199
129964, 1199
281753, 1199
282980, 1199
107634, 1198
108156, 1198
143931, 1198
150407, 1198
160333, 1198
172242, 1198
177881, 1198
179946, 1198
185061, 1198
194613, 1198
194889, 1198
202776, 1198
204730, 1198
219512, 1198
221068, 1198
221675, 1198
224899, 1198
228193, 1198
249893, 1198
251251, 1198
255142, 1198
276021, 1198
283796, 1198
287994, 1198
19015, 1197
47204, 1197
148110, 1197
214895, 1197
252661, 1197
294183, 1197
4688, 1196
61394, 1196
67654, 1196
193548, 1196
203925, 1196
207760, 1196
224089, 1196
267183, 1196
50916, 1195
71644, 1195
157886, 1195
241001, 1195
14438, 1194
111639, 1194
121844, 1194
234186, 1194
290321, 1194
126814, 1193
251490, 1193
283849, 1193
67756, 1192
71364, 1192
98439, 1192
122647, 1192
127700, 1192
178628, 1192
181433, 1192
211758, 1192
222041, 1192
229452, 1192
250426, 1192
49487, 1191
97841, 1191
111197, 1191
133978, 1191
190046, 1191
219021, 1191
290921, 1191
58524, 1190
68980, 1190
168405, 1190
173928, 1190
201115, 1190
205028, 1190
253209, 1190
295679, 1190
17726, 1189
181673, 1189
286525, 1189
38291, 1188
94406, 1188
117493, 1188
128494, 1188
255931, 1188
269664, 1188
284865, 1188
284871, 1188
18799, 1187
28673, 1187
35460, 1187
45918, 1187
46303, 1187
94420, 1187
111145, 1187
130224, 1187
154152, 1187
155111, 1187
155432, 1187
177795, 1187
183622, 1187
222491, 1187
223504, 1187
232454, 1187
245144, 1187
257512, 1187
261504, 1187
269836, 1187
282219, 1187
288490, 1187
294959, 1187
14084, 1186
111001, 1186
114396, 1186
126791, 1186
190065, 1186
191917, 1186
217891, 1186
224024, 1186
231501, 1186
246424, 1186
246914, 1186
270386, 1186
281062, 1186
281189, 1186
100150, 1185
191083, 1185
212239, 1185
271238, 1185
8203, 1184
16111, 1184
44946, 1184
48850, 1184
68261, 1184
123626, 1184
161392, 1184
216120, 1184
231149, 1184
255074, 1184
286029, 1184
8106, 1183
63870, 1183
113668, 1183
155027, 1183
161414, 1183
213664, 1183
242075, 1183
243859, 1183
260133, 1183
22584, 1182
31309, 1182
36122, 1182
63536, 1182
126127, 1182
198331, 1182
204077, 1182
218132, 1182
227273, 1182
245767, 1182
248582, 1182
264665, 1182
266322, 1182
267631, 1182
273158, 1182
274428, 1182
294192, 1182
295584, 1182
41594, 1181
106653, 1181
184168, 1181
239506, 1181
267086, 1181
70673, 1180
120904, 1180
277385, 1180
278463, 1180
56645, 1179
82241, 1179
83843, 1179
163247, 1179
251203, 1179
25512, 1178
175925, 1178
176143, 1178
213348, 1178
217757, 1178
218009, 1178
221673, 1178
291095, 1178
150186, 1177
156707, 1177
248379, 1177
102316, 1176
211040, 1175
230802, 1175
173107, 1174
220447, 1174
237506, 1174
33340, 1173
60513, 1173
216266, 1173
248508, 1173
280780, 1173
285404, 1173
102535, 1172
123525, 1172
128510, 1172
135723, 1172
140987, 1172
160916, 1172
161978, 1172
163665, 1172
209941, 1172
233497, 1172
264410, 1172
271617, 1172
279054, 1172
44492, 1171
99561, 1171
154830, 1171
193723, 1171
197447, 1171
42898, 1170
71082, 1170
104578, 1170
110149, 1170
250496, 1170
103464, 1169
178626, 1169
237672, 1169
19957, 1168
32327, 1168
41122, 1168
41468, 1168
45455, 1168
54794, 1168
62010, 1168
64868, 1168
69251, 1168
75800, 1168
119691, 1168
131618, 1168
158088, 1168
175657, 1168
237527, 1168
242945, 1168
250742, 1168
256088, 1168
268439, 1168
272423, 1168
294193, 1168
167837, 1167
202907, 1167
230321, 1167
254986, 1167
259729, 1167
279049, 1167
280444, 1167
3280, 1166
48334, 1166
78097, 1166
98382, 1166
103729, 1166
140456, 1166
150204, 1166
171863, 1166
196218, 1166
255460, 1166
7244, 1165
29667, 1165
32665, 1165
36678, 1165
37911, 1165
55746, 1165
56075, 1165
84693, 1165
94535, 1165
109965, 1165
139508, 1165
143781, 1165
157899, 1165
171117, 1165
196796, 1165
207678, 1165
255279, 1165
5386, 1164
98699, 1164
99692, 1164
256801, 1164
17109, 1163
37559, 1163
179490, 1163
204256, 1163
207652, 1163
232169, 1163
236290, 1163
237654, 1163
242219, 1163
252900, 1163
268984, 1163
275357, 1163
11859, 1162
97422, 1162
116959, 1162
171609, 1162
267245, 1162
48812, 1161
98201, 1161
7142, 1160
55071, 1160
73202, 1160
119483, 1160
121440, 1160
234652, 1160
296400, 1160
52176, 1159
64085, 1159
65442, 1159
69563, 1159
75360, 1159
80341, 1159
86023, 1159
99308, 1159
110733, 1159
111769, 1159
113284, 1159
122257, 1159
131661, 1159
145094, 1159
155985, 1159
157614, 1159
212608, 1159
213021, 1159
244681, 1159
283237, 1159
288034, 1159
62566, 1158
120963, 1158
231025, 1158
22404, 1157
40001, 1157
89510, 1157
114868, 1157
143285, 1157
157998, 1157
161367, 1157
175218, 1157
178910, 1157
192837, 1157
193344, 1157
219622, 1157
230405, 1157
231943, 1157
238033, 1157
251424, 1157
268681, 1157
269276, 1157
281230, 1157
127557, 1156
246938, 1156
263167, 1156
82070, 1155
101201, 1155
143934, 1155
172941, 1155
186713, 1155
198298, 1155
225407, 1155
229527, 1155
231979, 1155
233706, 1155
245002, 1155
255153, 1155
263896, 1155
282909, 1155
288067, 1155
293713, 1155
158788, 1154
170569, 1154
186012, 1154
197397, 1154
2985, 1153
55707, 1153
85229, 1153
93363, 1153
103022, 1153
143906, 1153
150301, 1153
181117, 1153
195250, 1153
265854, 1153
281456, 1153
17441, 1152
60197, 1152
64337, 1152
73738, 1152
92047, 1152
98060, 1152
157989, 1152
172863, 1152
173769, 1152
200448, 1152
210073, 1152
227757, 1152
230954, 1152
263737, 1152
276619, 1152
287269, 1152
87960, 1151
101707, 1151
110539, 1151
140135, 1151
185165, 1151
61974, 1150
169823, 1150
189595, 1150
248536, 1150
250651, 1150
281212, 1150
281470, 1150
290567, 1150
50850, 1149
119286, 1149
126053, 1149
157331, 1149
160318, 1149
193402, 1149
195904, 1149
207971, 1149
233295, 1149
11174, 1148
87689, 1148
91086, 1148
201742, 1148
238049, 1148
246542, 1148
266653, 1148
291184, 1148
17934, 1147
20985, 1147
165868, 1147
212077, 1147
245166, 1147
18061, 1146
18268, 1146
31299, 1146
52522, 1146
101815, 1146
105372, 1146
207841, 1146
228324, 1146
274194, 1146
89300, 1145
93126, 1145
113659, 1145
120751, 1145
130429, 1145
140927, 1145
147253, 1145
163367, 1145
191767, 1145
227559, 1145
240512, 1145
263468, 1145
265593, 1145
269625, 1145
282987, 1145
291946, 1145
292850, 1145
40248, 1144
59853, 1144
62074, 1144
62195, 1144
66953, 1144
75934, 1144
80110, 1144
93268, 1144
94832, 1144
98469, 1144
101368, 1144
102446, 1144
103224, 1144
113845, 1144
113996, 1144
114563, 1144
118439, 1144
140839, 1144
162252, 1144
165120, 1144
166565, 1144
169771, 1144
170510, 1144
172285, 1144
179300, 1144
181688, 1144
182328, 1144
184236, 1144
189871, 1144
191626, 1144
195225, 1144
208630, 1144
211098, 1144
213786, 1144
216027, 1144
219019, 1144
219612, 1144
222249, 1144
225911, 1144
238343, 1144
239202, 1144
240573, 1144
259135, 1144
261823, 1144
262839, 1144
267303, 1144
272096, 1144
278859, 1144
281135, 1144
282113, 1144
293544, 1144
754, 1143
15256, 1143
41905, 1143
64231, 1143
76223, 1143
84902, 1143
147310, 1143
187511, 1143
123568, 1142
180300, 1142
203000, 1142
240541, 1142
247376, 1142
262094, 1142
288678, 1142
104419, 1141
159420, 1141
173909, 1141
176838, 1141
201312, 1141
234433, 1141
235188, 1141
250539, 1141
261252, 1141
91636, 1140
109692, 1140
147424, 1140
148732, 1140
163023, 1140
226125, 1140
19494, 1139
24445, 1139
58061, 1139
128163, 1139
206152, 1139
236494, 1139
237605, 1139
256049, 1139
259988, 1139
264375, 1139
276000, 1139
280409, 1139
281760, 1139
287192, 1139
295354, 1139
26602, 1138
110515, 1138
126122, 1138
274649, 1138
17016, 1137
52008, 1137
53517, 1137
63186, 1137
101085, 1137
131359, 1137
271207, 1137
3275, 1136
7327, 1136
53333, 1136
114538, 1136
143674, 1136
174913, 1136
177110, 1136
180249, 1136
195656, 1136
219170, 1136
222132, 1136
265629, 1136
281584, 1136
282613, 1136
246560, 1135
252744, 1135
89128, 1134
122252, 1134
144354, 1134
262364, 1134
6138, 1133
37386, 1133
123415, 1133
135337, 1133
262528, 1133
1625, 1132
2592, 1132
39586, 1132
83994, 1132
109969, 1132
125926, 1132
145826, 1132
152881, 1132
181146, 1132
198218, 1132
238282, 1132
265818, 1132
271746, 1132
277516, 1132
280079, 1132
283591, 1132
144549, 1131
174830, 1131
213789, 1131
249031, 1131
259971, 1131
263779, 1131
279778, 1131
39222, 1130
98962, 1130
128793, 1130
130967, 1130
134879, 1130
140532, 1130
164567, 1130
229049, 1130
250575, 1130
253273, 1130
281911, 1130
51657, 1129
54374, 1129
102630, 1129
34839, 1128
86449, 1128
117121, 1128
169221, 1128
208851, 1128
230860, 1128
235846, 1128
18396, 1127
74452, 1127
86458, 1127
87113, 1127
108738, 1127
112248, 1127
117525, 1127
156073, 1127
185133, 1127
222826, 1127
223049, 1127
231681, 1127
281518, 1127
14155, 1126
23185, 1126
24955, 1126
34986, 1126
58031, 1126
60720, 1126
91149, 1126
94807, 1126
95182, 1126
115593, 1126
124823, 1126
131776, 1126
157173, 1126
173086, 1126
197371, 1126
201714, 1126
223540, 1126
224177, 1126
251278, 1126
265265, 1126
272895, 1126
275545, 1126
284520, 1126
290041, 1126
292925, 1126
23882, 1125
52974, 1125
56033, 1125
64679, 1125
71348, 1125
73463, 1125
77093, 1125
84455, 1125
86413, 1125
89085, 1125
93320, 1125
101535, 1125
109280, 1125
112272, 1125
113737, 1125
116390, 1125
128920, 1125
128970, 1125
131880, 1125
136892, 1125
143116, 1125
143916, 1125
168188, 1125
170031, 1125
176546, 1125
181051, 1125
184138, 1125
193173, 1125
197503, 1125
198665, 1125
200031, 1125
208659, 1125
214974, 1125
230594, 1125
237295, 1125
237718, 1125
238337, 1125
242511, 1125
247763, 1125
250542, 1125
256720, 1125
273747, 1125
295743, 1125
1474, 1124
22218, 1124
44801, 1124
48666, 1124
65925, 1124
168864, 1124
171624, 1124
214380, 1124
215455, 1124
221767, 1124
262524, 1124
294866, 1124
19879, 1123
47326, 1123
84539, 1123
131020, 1123
177665, 1123
185683, 1123
38585, 1122
48050, 1122
57369, 1122
89344, 1122
126210, 1122
157210, 1122
197191, 1122
245653, 1122
288525, 1122
208448, 1121
293663, 1121
56159, 1120
62295, 1120
128363, 1120
154533, 1120
155529, 1120
158734, 1120
166369, 1120
216712, 1120
219569, 1120
228930, 1120
248945, 1120
281811, 1120
120988, 1119
142729, 1119
179153, 1119
190871, 1119
255594, 1119
257226, 1119
259252, 1119
282908, 1119
293933, 1119
94350, 1118
104518, 1118
210767, 1118
270445, 1118
143760, 1117
186894, 1117
187005, 1117
221716, 1117
254983, 1117
62867, 1116
66748, 1116
145284, 1116
153676, 1116
256380, 1116
268930, 1116
13631, 1115
65943, 1115
104907, 1115
112163, 1115
157231, 1115
159696, 1115
169542, 1115
179697, 1115
187384, 1115
247451, 1115
267203, 1115
293430, 1115
56894, 1114
154799, 1114
155380, 1114
165745, 1114
173577, 1114
189767, 1114
240592, 1114
21051, 1113
27094, 1113
76228, 1113
94591, 1113
128574, 1113
154516, 1113
162542, 1113
192176, 1113
220509, 1113
20464, 1112
64628, 1112
155468, 1112
195897, 1112
226457, 1112
244986, 1112
245898, 1112
18052, 1111
60161, 1111
67217, 1111
72723, 1111
98200, 1111
175870, 1111
179194, 1111
200851, 1111
217317, 1111
222701, 1111
230264, 1111
267019, 1111
271094, 1111
281129, 1111
11067, 1110
43421, 1110
91366, 1110
119936, 1110
126672, 1110
144879, 1110
177074, 1110
179859, 1110
216055, 1110
233474, 1110
236606, 1110
242552, 1110
249303, 1110
252845, 1110
252847, 1110
254335, 1110
87349, 1109
138238, 1109
154412, 1109
157025, 1109
186538, 1109
249466, 1109
42373, 1108
53176, 1108
101035, 1108
109337, 1108
122184, 1108
83789, 1107
93223, 1107
123733, 1107
153040, 1107
204250, 1107
223649, 1107
89627, 1106
97145, 1106
102253, 1106
120237, 1106
126913, 1106
133498, 1106
182415, 1106
183509, 1106
208747, 1106
241512, 1106
272894, 1106
30873, 1105
55417, 1105
72383, 1105
79788, 1105
145875, 1105
171010, 1105
179984, 1105
246862, 1105
20956, 1104
34646, 1104
39473, 1104
42397, 1104
44821, 1104
53309, 1104
71497, 1104
109619, 1104
121308, 1104
131230, 1104
131331, 1104
146223, 1104
148137, 1104
152899, 1104
155954, 1104
156726, 1104
191712, 1104
194567, 1104
195681, 1104
209266, 1104
220912, 1104
231214, 1104
235618, 1104
241622, 1104
244698, 1104
248609, 1104
259699, 1104
260632, 1104
276150, 1104
5938, 1103
129629, 1103
137668, 1103
138649, 1103
164756, 1103
190749, 1103
73413, 1102
107883, 1102
160927, 1102
164805, 1102
188363, 1102
191840, 1102
198580, 1102
216896, 1102
221785, 1102
230059, 1102
245502, 1102
250736, 1102
267695, 1102
269883, 1102
270528, 1102
271918, 1102
274488, 1102
283280, 1102
71901, 1101
77092, 1101
144042, 1101
167378, 1101
174379, 1101
178725, 1101
180998, 1101
199989, 1101
260994, 1101
1522, 1100
30915, 1100
70612, 1100
103199, 1100
113518, 1100
172329, 1100
29216, 1099
72586, 1099
128129, 1099
128686, 1099
153732, 1099
191326, 1099
211447, 1099
214362, 1099
228761, 1099
71115, 1098
85899, 1098
97447, 1098
102672, 1098
118453, 1098
212640, 1098
221473, 1098
235208, 1098
260487, 1098
14589, 1097
46499, 1097
47362, 1097
77640, 1097
97579, 1097
105362, 1097
123084, 1097
161214, 1097
165134, 1097
206976, 1097
215756, 1097
225535, 1097
233649, 1097
42453, 1096
53229, 1096
133626, 1096
135308, 1096
156686, 1096
209203, 1096
235575, 1096
254686, 1096
260236, 1096
34649, 1095
75977, 1095
95285, 1095
109005, 1095
148823, 1095
151630, 1095
178503, 1095
184395, 1095
196579, 1095
206943, 1095
214776, 1095
216302, 1095
237945, 1095
258962, 1095
268369, 1095
284032, 1095
32389, 1094
109682, 1094
111677, 1094
217193, 1094
45264, 1093
46779, 1093
50438, 1093
53439, 1093
53530, 1093
57935, 1093
60021, 1093
62175, 1093
64991, 1093
68185, 1093
77636, 1093
81600, 1093
82163, 1093
103959, 1093
106692, 1093
115012, 1093
119798, 1093
129320, 1093
129776, 1093
144293, 1093
157040, 1093
157245, 1093
162174, 1093
170252, 1093
189732, 1093
197878, 1093
201861, 1093
203988, 1093
210977, 1093
224006, 1093
232616, 1093
236870, 1093
239232, 1093
245224, 1093
257668, 1093
260749, 1093
263776, 1093
264178, 1093
265767, 1093
272195, 1093
273233, 1093
293169, 1093
294302, 1093
294487, 1093
22355, 1092
41708, 1092
105257, 1092
225936, 1092
270915, 1092
288317, 1092
9674, 1091
30491, 1091
31447, 1091
37058, 1091
42601, 1091
45006, 1091
51433, 1091
67325, 1091
75935, 1091
81651, 1091
89279, 1091
102095, 1091
109375, 1091
131791, 1091
145974, 1091
162936, 1091
191616, 1091
193083, 1091
221636, 1091
238267, 1091
250494, 1091
255553, 1091
8360, 1090
16785, 1090
31441, 1090
50711, 1090
64007, 1090
66525, 1090
73272, 1090
116172, 1090
177259, 1090
276693, 1090
291618, 1090
16968, 1089
85457, 1089
120352, 1089
131221, 1089
162828, 1089
174190, 1089
178751, 1089
213638, 1089
231239, 1089
251407, 1089
283263, 1089
287984, 1089
292549, 1089
12406, 1088
31964, 1088
33146, 1088
55009, 1088
55272, 1088
63771, 1088
130908, 1088
192586, 1088
275726, 1088
287979, 1088
60229, 1087
96237, 1087
134280, 1087
282268, 1087
288644, 1087
65745, 1086
110696, 1086
129327, 1086
207192, 1086
218395, 1086
224727, 1086
240568, 1086
248583, 1086
291706, 1086
84495, 1085
93037, 1085
106464, 1085
131458, 1085
166512, 1085
176580, 1085
176775, 1085
207976, 1085
258388, 1085
275933, 1085
291454, 1085
291837, 1085
15317, 1084
31956, 1084
38335, 1084
57818, 1084
87184, 1084
93667, 1084
104581, 1084
121104, 1084
132057, 1084
153829, 1084
155292, 1084
160918, 1084
170064, 1084
189961, 1084
234196, 1084
252077, 1084
252832, 1084
265256, 1084
269547, 1084
29837, 1083
43888, 1083
79529, 1083
96607, 1083
97965, 1083
109323, 1083
112055, 1083
124019, 1083
128001, 1083
144248, 1083
171684, 1083
201818, 1083
202132, 1083
202415, 1083
203825, 1083
237867, 1083
252064, 1083
266289, 1083
288241, 1083
19098, 1082
20029, 1082
28724, 1082
109676, 1082
75795, 1081
126510, 1081
154375, 1081
156688, 1081
169589, 1081
203967, 1081
42140, 1080
53797, 1080
54196, 1080
90449, 1080
106643, 1080
126947, 1080
144684, 1080
168784, 1080
184467, 1080
210273, 1080
216223, 1080
219389, 1080
271109, 1080
275367, 1080
4418, 1079
118867, 1079
159439, 1079
235842, 1079
248128, 1079
273525, 1079
296339, 1079
9794, 1078
15617, 1078
51687, 1078
69613, 1078
142343, 1078
201360, 1078
222954, 1078
238876, 1078
242818, 1078
246010, 1078
264012, 1078
272642, 1078
53462, 1077
98620, 1077
102867, 1077
108793, 1077
176157, 1077
235466, 1077
242957, 1077
247895, 1077
258637, 1077
811, 1076
108317, 1076
141090, 1076
155241, 1076
178278, 1076
182529, 1076
203183, 1076
227421, 1076
245025, 1076
255410, 1076
291403, 1076
294754, 1076
26742, 1075
36339, 1075
118788, 1075
126708, 1075
133106, 1075
151594, 1075
167911, 1075
173679, 1075
184914, 1075
218261, 1075
230195, 1075
232276, 1075
240318, 1075
276888, 1075
8928, 1074
136995, 1074
169967, 1074
194930, 1074
221685, 1074
231902, 1074
233781, 1074
235015, 1074
292350, 1074
11643, 1073
12786, 1073
26825, 1073
51458, 1073
100232, 1073
176797, 1073
193311, 1073
261466, 1073
30830, 1072
52457, 1072
56882, 1072
100265, 1072
106305, 1072
110845, 1072
130570, 1072
160299, 1072
168428, 1072
214025, 1072
226678, 1072
237838, 1072
76339, 1071
110216, 1071
237733, 1071
266547, 1071
11331, 1070
11556, 1070
18367, 1070
20917, 1070
45842, 1070
56468, 1070
56968, 1070
60166, 1070
74126, 1070
84913, 1070
110741, 1070
126994, 1070
127619, 1070
145863, 1070
163757, 1070
172631, 1070
188491, 1070
258878, 1070
272548, 1070
137498, 1069
237692, 1069
285277, 1069
50029, 1068
54942, 1068
55319, 1068
109378, 1068
193459, 1068
202651, 1068
205192, 1068
219237, 1068
260837, 1068
289494, 1068
295908, 1068
296182, 1068
32745, 1067
59698, 1067
63553, 1067
65787, 1067
81068, 1067
81552, 1067
91364, 1067
92852, 1067
105923, 1067
140781, 1067
160096, 1067
172736, 1067
174077, 1067
180623, 1067
193250, 1067
241785, 1067
266596, 1067
289532, 1067
16351, 1066
161216, 1066
203729, 1066
242082, 1066
247642, 1066
294499, 1066
18955, 1065
53413, 1065
56840, 1065
79980, 1065
83192, 1065
89577, 1065
95544, 1065
98101, 1065
109575, 1065
111370, 1065
123404, 1065
132909, 1065
144342, 1065
146091, 1065
162464, 1065
171339, 1065
178241, 1065
184647, 1065
191521, 1065
202848, 1065
205289, 1065
218740, 1065
233009, 1065
235505, 1065
256122, 1065
272808, 1065
28455, 1064
39055, 1064
59397, 1064
62184, 1064
72602, 1064
80167, 1064
118982, 1064
182739, 1064
196035, 1064
202766, 1064
205466, 1064
238808, 1064
240626, 1064
256909, 1064
259984, 1064
282212, 1064
11226, 1063
39503, 1063
41144, 1063
62778, 1063
77334, 1063
128362, 1063
162137, 1063
189344, 1063
257734, 1063
63629, 1062
90624, 1062
107373, 1062
113025, 1062
129587, 1062
150298, 1062
181785, 1062
188232, 1062
188336, 1062
190378, 1062
233530, 1062
245794, 1062
249857, 1062
259371, 1062
265649, 1062
270085, 1062
273702, 1062
278241, 1062
278669, 1062
291653, 1062
11416, 1061
58877, 1061
61207, 1061
148635, 1061
178880, 1061
224622, 1061
23087, 1060
65630, 1060
80551, 1060
129748, 1060
138981, 1060
146481, 1060
171421, 1060
179561, 1060
200866, 1060
217603, 1060
221824, 1060
234971, 1060
238466, 1060
264627, 1060
267158, 1060
277962, 1060
31336, 1059
32118, 1059
33620, 1059
43060, 1059
47551, 1059
50625, 1059
52343, 1059
56659, 1059
57114, 1059
58791, 1059
65701, 1059
74300, 1059
93890, 1059
95652, 1059
98812, 1059
112617, 1059
117122, 1059
124676, 1059
125293, 1059
126991, 1059
142362, 1059
164076, 1059
184103, 1059
188099, 1059
196633, 1059
198144, 1059
199593, 1059
228828, 1059
247200, 1059
257039, 1059
257181, 1059
260469, 1059
266517, 1059
271157, 1059
273212, 1059
282256, 1059
292352, 1059
292364, 1059
71957, 1058
116462, 1058
129677, 1058
131947, 1058
155796, 1058
29687, 1057
30251, 1057
35069, 1057
35428, 1057
43094, 1057
54862, 1057
56628, 1057
59152, 1057
70100, 1057
74634, 1057
85730, 1057
93606, 1057
99133, 1057
109920, 1057
111429, 1057
113758, 1057
115614, 1057
124651, 1057
145695, 1057
149319, 1057
158692, 1057
161929, 1057
167409, 1057
167991, 1057
189628, 1057
207700, 1057
210357, 1057
215247, 1057
234851, 1057
245074, 1057
246013, 1057
247113, 1057
247572, 1057
248903, 1057
252596, 1057
261232, 1057
266080, 1057
266339, 1057
271534, 1057
294856, 1057
49422, 1056
49552, 1056
65975, 1056
109832, 1056
112763, 1056
124087, 1056
124126, 1056
149543, 1056
182816, 1056
190368, 1056
236210, 1056
260559, 1056
281948, 1056
292535, 1056
12279, 1054
33690, 1054
143578, 1054
164902, 1054
209822, 1054
212562, 1054
264724, 1054
286030, 1054
40942, 1053
46322, 1053
71930, 1053
99461, 1053
152253, 1053
25836, 1052
73779, 1052
134268, 1052
181778, 1052
188652, 1052
194597, 1052
234985, 1052
30605, 1051
60751, 1051
64550, 1051
68799, 1051
70115, 1051
81286, 1051
86652, 1051
88656, 1051
91157, 1051
102671, 1051
121699, 1051
133740, 1051
142440, 1051
159437, 1051
190559, 1051
209767, 1051
210683, 1051
215953, 1051
218038, 1051
223611, 1051
224072, 1051
258940, 1051
271192, 1051
49008, 1050
80179, 1050
111831, 1050
123608, 1050
161004, 1050
165352, 1050
166064, 1050
173601, 1050
190001, 1050
191267, 1050
191486, 1050
202023, 1050
203759, 1050
225043, 1050
226401, 1050
231351, 1050
260210, 1050
22612, 1049
56443, 1049
60738, 1049
76727, 1049
77189, 1049
106213, 1049
110408, 1049
174047, 1049
191639, 1049
205483, 1049
217435, 1049
226920, 1049
242921, 1049
272023, 1049
42904, 1048
56596, 1048
57568, 1048
114674, 1048
115047, 1048
120534, 1048
125403, 1048
182116, 1048
182430, 1048
229855, 1048
230469, 1048
244100, 1048
253825, 1048
275233, 1048
15632, 1047
35903, 1047
56473, 1047
62708, 1047
69176, 1047
85851, 1047
139425, 1047
211327, 1047
5673, 1046
8290, 1046
10075, 1046
28942, 1046
96179, 1046
122231, 1046
138766, 1046
210392, 1046
224152, 1046
229376, 1046
234616, 1046
245645, 1046
264864, 1046
271741, 1046
29053, 1045
34699, 1045
37689, 1045
81143, 1045
88739, 1045
101803, 1045
121559, 1045
141282, 1045
171764, 1045
197238, 1045
210009, 1045
210611, 1045
228454, 1045
242344, 1045
257490, 1045
265691, 1045
278516, 1045
283266, 1045
286364, 1045
293844, 1045
13680, 1044
18219, 1044
21536, 1044
42216, 1044
52062, 1044
56698, 1044
62957, 1044
82167, 1044
93894, 1044
120074, 1044
122449, 1044
133176, 1044
134959, 1044
137750, 1044
141342, 1044
153043, 1044
166452, 1044
171185, 1044
185656, 1044
186486, 1044
189800, 1044
193828, 1044
195651, 1044
221250, 1044
233543, 1044
238415, 1044
238921, 1044
239793, 1044
251955, 1044
261276, 1044
267745, 1044
281329, 1044
283928, 1044
41644, 1043
72274, 1043
122083, 1043
203651, 1043
231310, 1043
270554, 1043
43675, 1042
104720, 1042
152069, 1042
189349, 1042
229736, 1042
250330, 1042
258634, 1042
283375, 1042
288158, 1042
38415, 1041
38505, 1041
49294, 1041
60204, 1041
66290, 1041
66596, 1041
70772, 1041
71628, 1041
77918, 1041
96313, 1041
105078, 1041
110706, 1041
112066, 1041
113738, 1041
156902, 1041
266564, 1041
44006, 1040
245590, 1040
258225, 1040
269725, 1040
8697, 1039
9539, 1039
91798, 1039
179452, 1039
183495, 1039
189678, 1039
191322, 1039
197713, 1039
239613, 1039
18278, 1038
20184, 1038
71448, 1038
155373, 1038
158549, 1038
161030, 1038
190210, 1038
192945, 1038
194280, 1038
195567, 1038
281647, 1038
95631, 1037
96604, 1037
124365, 1037
134851, 1037
145321, 1037
160013, 1037
174225, 1037
217244, 1037
234355, 1037
258100, 1037
271416, 1037
285624, 1037
295474, 1037
50754, 1036
65637, 1036
112628, 1036
126466, 1036
126773, 1036
239399, 1036
249548, 1036
2367, 1035
14252, 1035
52638, 1035
61248, 1035
67431, 1035
92128, 1035
94566, 1035
129468, 1035
184352, 1035
194868, 1035
212744, 1035
238656, 1035
252524, 1035
253143, 1035
261485, 1035
284960, 1035
83044, 1034
62520, 1033
143134, 1033
149323, 1033
157217, 1033
183746, 1033
186081, 1033
186816, 1033
197781, 1033
211981, 1033
286703, 1033
291317, 1033
295078, 1033
295947, 1033
7349, 1032
29949, 1032
81036, 1032
95029, 1032
129220, 1032
157640, 1032
170163, 1032
241775, 1032
247926, 1032
252888, 1032
257756, 1032
264285, 1032
269838, 1032
291108, 1032
38308, 1031
42157, 1031
48191, 1031
67011, 1031
97307, 1031
145494, 1031
168567, 1031
174943, 1031
191586, 1031
247050, 1031
251388, 1031
274345, 1031
287287, 1031
294632, 1031
62377, 1030
119438, 1030
132080, 1030
149154, 1030
159464, 1030
162665, 1030
170027, 1030
191824, 1030
202192, 1030
212756, 1030
229835, 1030
236280, 1030
264447, 1030
264691, 1030
277821, 1030
282749, 1030
283787, 1030
284987, 1030
294470, 1030
11738, 1029
61071, 1029
61091, 1029
119855, 1029
120195, 1029
168450, 1029
168727, 1029
200304, 1029
225913, 1029
249291, 1029
52631, 1028
124233, 1028
141558, 1028
152755, 1028
161700, 1028
178797, 1028
184444, 1028
196812, 1028
200094, 1028
223483, 1028
235094, 1028
253219, 1028
258970, 1028
274435, 1028
277963, 1028
285280, 1028
290809, 1028
22236, 1027
79627, 1027
132362, 1027
167333, 1027
172396, 1027
203412, 1027
261451, 1027
264612, 1027
269183, 1027
291995, 1027
9096, 1026
10885, 1026
22732, 1026
25869, 1026
32253, 1026
33607, 1026
39674, 1026
44454, 1026
59471, 1026
62271, 1026
66033, 1026
81417, 1026
87850, 1026
106434, 1026
108743, 1026
127053, 1026
139895, 1026
148060, 1026
150378, 1026
154683, 1026
158164, 1026
160063, 1026
164945, 1026
246162, 1026
246968, 1026
258479, 1026
264892, 1026
266844, 1026
268143, 1026
271699, 1026
288409, 1026
70569, 1025
88663, 1025
105211, 1025
250908, 1025
14107, 1024
34140, 1024
46800, 1024
80041, 1024
85323, 1024
116306, 1024
125153, 1024
139374, 1024
219223, 1024
223928, 1024
229066, 1024
240868, 1024
266350, 1024
270208, 1024
273558, 1024
292824, 1024
1794, 1023
31943, 1023
64280, 1023
93871, 1023
102959, 1023
103287, 1023
128304, 1023
134687, 1023
160810, 1023
166447, 1023
178041, 1023
183396, 1023
186674, 1023
197684, 1023
211797, 1023
219984, 1023
229627, 1023
239142, 1023
274073, 1023
279641, 1023
17263, 1022
26253, 1022
33594, 1022
64277, 1022
65025, 1022
148258, 1022
148566, 1022
158687, 1022
199296, 1022
213878, 1022
222067, 1022
262584, 1022
16388, 1021
20609, 1021
27637, 1021
41002, 1021
54205, 1021
79978, 1021
88536, 1021
91005, 1021
104481, 1021
105263, 1021
136015, 1021
175670, 1021
178956, 1021
193532, 1021
200324, 1021
202977, 1021
225792, 1021
256681, 1021
257382, 1021
45311, 1020
49867, 1020
59708, 1020
91643, 1020
121896, 1020
131749, 1020
148241, 1020
180159, 1020
227033, 1020
252688, 1020
16885, 1019
26013, 1019
241923, 1019
294093, 1019
71010, 1018
82630, 1018
105400, 1018
107601, 1018
201201, 1018
223019, 1018
225664, 1018
229979, 1018
281628, 1018
284132, 1018
108116, 1017
154647, 1017
170228, 1017
186147, 1017
194940, 1017
204137, 1017
248766, 1017
249135, 1017
270719, 1017
286590, 1017
287264, 1017
293242, 1017
293543, 1017
114693, 1016
127306, 1016
161263, 1016
196889, 1016
209672, 1016
214731, 1016
230006, 1016
255277, 1016
272030, 1016
280379, 1016
282858, 1016
287482, 1016
289703, 1016
124184, 1015
79172, 1014
161310, 1014
241608, 1014
288301, 1014
6643, 1013
9472, 1013
12715, 1013
25127, 1013
45754, 1013
61200, 1013
85123, 1013
100397, 1013
117478, 1013
119219, 1013
143505, 1013
167050, 1013
167066, 1013
172131, 1013
173984, 1013
181957, 1013
182002, 1013
205529, 1013
221475, 1013
252182, 1013
262438, 1013
267108, 1013
271856, 1013
274437, 1013
12317, 1012
24303, 1012
37340, 1012
80683, 1012
92996, 1012
97912, 1012
130806, 1012
132605, 1012
141890, 1012
202063, 1012
225879, 1012
238647, 1012
249205, 1012
251777, 1012
253129, 1012
21566, 1011
44553, 1011
49604, 1011
56154, 1011
68501, 1011
72195, 1011
76792, 1011
92266, 1011
133150, 1011
138526, 1011
141874, 1011
155547, 1011
161025, 1011
182166, 1011
187708, 1011
192172, 1011
216312, 1011
216946, 1011
224601, 1011
249251, 1011
250804, 1011
261543, 1011
262128, 1011
262367, 1011
262717, 1011
276834, 1011
277664, 1011
283221, 1011
285338, 1011
288434, 1011
10078, 1010
11157, 1010
20794, 1010
25320, 1010
25897, 1010
34501, 1010
34528, 1010
39821, 1010
41486, 1010
45653, 1010
49705, 1010
53480, 1010
57848, 1010
76241, 1010
81171, 1010
104574, 1010
104839, 1010
123497, 1010
123957, 1010
134950, 1010
179204, 1010
191886, 1010
198120, 1010
202616, 1010
222241, 1010
251813, 1010
254300, 1010
286210, 1010
166293, 1009
17859, 1008
177288, 1008
184224, 1008
217766, 1008
231937, 1008
262216, 1008
290545, 1008
11065, 1007
15684, 1007
18383, 1007
52766, 1007
78060, 1007
79362, 1007
79584, 1007
81572, 1007
92042, 1007
93789, 1007
99912, 1007
102818, 1007
105060, 1007
107317, 1007
109376, 1007
109419, 1007
111467, 1007
113261, 1007
118259, 1007
122782, 1007
123087, 1007
126082, 1007
136722, 1007
138037, 1007
140805, 1007
141564, 1007
142035, 1007
142097, 1007
147388, 1007
156278, 1007
157996, 1007
181980, 1007
183643, 1007
193276, 1007
202663, 1007
203157, 1007
205283, 1007
215649, 1007
275856, 1007
17558, 1006
37082, 1006
77408, 1006
264545, 1006
270510, 1006
50790, 1005
53502, 1005
91205, 1005
118155, 1005
119559, 1005
131912, 1005
144602, 1005
151023, 1005
172436, 1005
186307, 1005
189838, 1005
194377, 1005
215542, 1005
225061, 1005
232992, 1005
241081, 1005
249013, 1005
270531, 1005
280282, 1005
11990, 1004
58397, 1004
69321, 1004
75659, 1004
88010, 1004
95444, 1004
98484, 1004
110317, 1004
112663, 1004
128033, 1004
132083, 1004
132576, 1004
133190, 1004
136518, 1004
144900, 1004
145801, 1004
168372, 1004
174990, 1004
177294, 1004
179210, 1004
187141, 1004
195397, 1004
208204, 1004
217742, 1004
229220, 1004
251264, 1004
253848, 1004
257739, 1004
261517, 1004
265412, 1004
284897, 1004
289409, 1004
26446, 1003
34487, 1003
104560, 1003
105459, 1003
106638, 1003
176554, 1003
182963, 1003
202281, 1003
243436, 1003
280397, 1003
282765, 1003
296132, 1003
8581, 1002
12540, 1002
30168, 1002
50369, 1002
52052, 1002
59709, 1002
72895, 1002
74072, 1002
86315, 1002
94113, 1002
115721, 1002
122830, 1002
124384, 1002
157333, 1002
190889, 1002
201175, 1002
203376, 1002
220966, 1002
222035, 1002
234736, 1002
249899, 1002
264007, 1002
33130, 1001
136737, 1001
202762, 1001
218389, 1001
218931, 1001
244643, 1001
246925, 1001
252410, 1001
256098, 1001
274458, 1001
283202, 1001
288811, 1001
289937, 1001
293900, 1001
295240, 1001
79546, 1000
84325, 1000
92312, 1000
100780, 1000
155221, 1000
166142, 1000
