10659, 71380
9367, 70194
13146, 70183
17179, 70183
18692, 70183
7007, 70019
9882, 70019
23177, 70019
35, 69429
3381, 69429
27631, 69429
31055, 69429
8482, 68966
12058, 68966
15190, 68966
16207, 68966
17346, 68966
19902, 68966
21094, 68966
25748, 68966
179602, 68966
884, 67720
3195, 67720
5171, 67720
2, 67056
163, 67056
29399, 66464
49644, 66464
50453, 66464
20657, 66417
68763, 66279
123467, 66279
41838, 65224
205, 64239
562, 64239
1823, 64239
2282, 64239
3091, 64239
3903, 64239
13858, 64239
65058, 64239
1181, 63978
12573, 63978
104029, 63978
12627, 62007
5418, 61758
22282, 61758
93701, 61312
73683, 61206
164579, 61206
2358, 60722
44897, 60153
36471, 59664
69268, 56707
20172, 56402
23211, 56313
205384, 53586
20096, 50379
116096, 46930
122769, 46930
12774, 38436
1995, 38402
10123, 29053
31513, 26571
22108, 26138
2598, 23266
2436, 22917
226638, 22299
7686, 22181
8395, 22181
11653, 22042
13959, 22042
14638, 22042
116476, 22042
282841, 22042
11957, 21909
13028, 21909
13506, 21909
13846, 21909
14593, 21909
15935, 21909
16457, 21909
17134, 21909
17463, 21909
17595, 21909
17906, 21909
18848, 21909
73613, 21909
105877, 21909
161505, 21909
173218, 21909
240449, 21909
250543, 21909
290433, 21909
291263, 21909
296385, 21909
6664, 21906
8397, 21906
2914, 21850
27773, 21805
17689, 21624
16570, 21613
16844, 21613
17048, 21613
18348, 21613
18505, 21613
18715, 21613
19102, 21613
19989, 21613
20182, 21613
95896, 21613
2901, 21605
36250, 21578
67884, 21578
13230, 21456
15233, 21456
101829, 21456
169367, 21456
205166, 21456
217646, 21456
261405, 21456
1350, 21450
2618, 21450
2890, 21450
2991, 21450
3090, 21450
3106, 21450
6581, 21450
15936, 21450
25380, 21450
66230, 21450
66729, 21450
3111, 21389
1855, 21342
1955, 21342
2078, 21342
2512, 21342
2925, 21342
2982, 21342
185465, 21342
29684, 21269
44798, 21252
140790, 21252
170427, 21252
167391, 21160
21785, 21142
21908, 21142
22644, 21142
22671, 21142
22818, 21142
23411, 21142
24091, 21142
28610, 21142
5801, 20884
7321, 20884
8622, 20862
8870, 20862
10023, 20862
14248, 20862
18184, 20862
7271, 20774
19525, 20659
55398, 20416
19514, 19911
9151, 19895
21509, 19851
25095, 19851
25154, 19851
58166, 19814
136255, 19802
133292, 19734
3468, 19576
37774, 19571
223802, 19399
264825, 19251
178675, 19232
198119, 19232
227019, 19232
235970, 19232
30433, 19188
235914, 19041
262595, 19039
26194, 19024
26831, 19024
27379, 19024
27980, 19024
28440, 19024
29283, 19024
25066, 18948
25853, 18948
27651, 18948
28040, 18948
29742, 18948
43440, 18948
72703, 18948
1201, 18662
1099, 18145
36138, 18038
72290, 18038
25918, 18022
12214, 17912
14027, 17912
15609, 17912
38125, 17836
41670, 17836
28227, 17796
51848, 17712
150780, 17665
176233, 17665
147826, 17565
29982, 16996
31190, 16996
36225, 16996
39478, 16996
40809, 16996
45911, 16996
5474, 16903
28547, 16888
68029, 16760
145677, 16716
201772, 16641
212343, 16641
224567, 16641
284001, 16588
42941, 16586
5556, 16461
76196, 16314
108711, 16265
35267, 16245
117516, 16245
154247, 16209
158113, 16209
161572, 16209
48947, 16199
54970, 16199
64153, 16199
20253, 16178
45896, 16172
48105, 16172
88681, 16172
201665, 16172
276170, 16172
85589, 16147
85674, 16147
86314, 16147
86977, 16147
87600, 16147
91693, 16147
91737, 16147
92984, 16147
103279, 16147
105950, 16147
147376, 16147
180510, 16147
215376, 16053
80888, 15937
62765, 15932
68160, 15932
76930, 15850
90179, 15837
19394, 15752
292355, 15672
51265, 15598
250764, 15598
54113, 15446
58090, 15446
58255, 15446
64867, 15446
66788, 15446
67709, 15446
79228, 15446
92187, 15446
94659, 15446
96958, 15446
97022, 15446
106591, 15446
44194, 15432
81868, 15287
92775, 15287
148783, 15287
187503, 15287
147092, 15238
206535, 15238
233919, 15238
45376, 15207
294891, 15026
64577, 15023
106735, 15023
52581, 15008
59067, 15008
59627, 15008
61421, 15008
66914, 15008
234775, 14945
143190, 14925
293089, 14925
48197, 14857
275073, 14845
25744, 14831
94220, 14814
120891, 14814
124371, 14814
131099, 14814
131245, 14814
131712, 14814
132031, 14814
135788, 14814
140264, 14814
141362, 14814
152186, 14814
164777, 14814
166763, 14814
167651, 14814
167773, 14814
172418, 14814
203593, 14814
206487, 14814
208706, 14814
217261, 14814
232230, 14814
238006, 14814
243541, 14814
256418, 14814
286001, 14814
289195, 14814
52103, 14788
89766, 14724
242515, 14667
255036, 14667
139490, 14605
235246, 14605
278316, 14603
263254, 14594
213410, 14566
103482, 14532
42620, 14517
201735, 14497
181680, 14455
39388, 14447
55877, 14447
62952, 14447
72320, 14447
83247, 14447
65893, 14412
58869, 14364
59087, 14364
64714, 14364
97026, 14315
178117, 14301
179256, 14301
259363, 14301
279517, 14253
152142, 14164
193410, 14164
131315, 14106
166882, 14007
170770, 14007
55713, 13860
55985, 13860
64475, 13860
65423, 13860
294795, 13807
192091, 13752
101459, 13710
105319, 13710
129729, 13710
142928, 13710
21279, 13701
221613, 13692
99793, 13631
110797, 13631
110968, 13631
112900, 13631
185417, 13631
30625, 13607
34567, 13607
37169, 13607
55136, 13607
5806, 13343
111430, 13331
90275, 13328
116690, 13328
130289, 13328
172535, 13328
149387, 13314
151492, 13314
228391, 13314
261739, 13314
110869, 13265
235838, 13265
4893, 13225
8598, 13225
15103, 13225
18765, 13225
23971, 13225
39387, 13225
86680, 13225
133267, 13224
168937, 13224
177870, 13224
183130, 13224
187144, 13224
198333, 13224
198513, 13224
201842, 13224
214321, 13224
221504, 13224
221902, 13224
235356, 13224
241376, 13224
241972, 13224
245210, 13224
246463, 13224
248656, 13224
251672, 13224
252844, 13224
253840, 13224
264602, 13224
264736, 13224
265525, 13224
282476, 13224
283303, 13224
283636, 13224
286524, 13224
286596, 13224
292078, 13224
293204, 13224
293436, 13224
296314, 13224
48149, 13181
137857, 13174
227839, 13165
123396, 13151
124793, 13151
128795, 13151
132102, 13151
132665, 13151
137325, 13151
147415, 13151
149295, 13151
152665, 13151
153138, 13151
166938, 13151
199013, 13151
203377, 13151
242859, 13151
4018, 13026
4576, 13026
5040, 13026
5271, 13026
7098, 13026
19950, 13026
20123, 13026
20156, 13026
21674, 13026
24965, 13026
31909, 13026
119304, 13026
125060, 13026
211859, 13026
278868, 13026
283165, 13026
70610, 12968
72768, 12968
74145, 12968
36851, 12933
75384, 12933
196451, 12830
3, 12761
113, 12759
7116, 12704
180305, 12644
44752, 12621
89931, 12621
97015, 12621
124595, 12621
127475, 12621
135683, 12621
137985, 12621
172687, 12621
173483, 12621
261064, 12621
262682, 12621
282310, 12621
45989, 12604
281974, 12604
29166, 12565
108441, 12565
142127, 12565
121978, 12558
135622, 12558
136945, 12558
144054, 12558
162980, 12558
166810, 12558
180204, 12558
208180, 12558
231494, 12558
79745, 12531
122112, 12441
150570, 12441
164472, 12441
132890, 12167
154244, 12167
178571, 12167
221275, 12062
115563, 12041
135854, 12041
266974, 12015
29984, 11998
104144, 11998
20649, 11935
211026, 11878
259181, 11878
20732, 11867
249856, 11864
107924, 11842
110578, 11842
116536, 11842
120823, 11842
121407, 11842
130741, 11842
135035, 11842
150562, 11842
159741, 11842
137782, 11782
191948, 11725
266258, 11725
278701, 11725
166604, 11651
175182, 11651
246450, 11651
277322, 11651
232658, 11638
30586, 11612
130002, 11609
140084, 11609
148384, 11609
173055, 11609
46871, 11493
219194, 11493
255082, 11493
145594, 11487
14013, 11446
125642, 11446
12694, 11428
17342, 11428
36642, 11428
204280, 11428
243387, 11428
255737, 11428
187894, 11338
272186, 11338
202811, 11306
20986, 11278
93395, 11278
206444, 11198
252974, 11198
268333, 11198
7878, 11132
8943, 11124
13509, 11124
68833, 11124
147543, 11124
177092, 11124
126318, 11105
146684, 11105
148470, 11105
160578, 11105
161830, 11105
165397, 11105
201330, 11105
202671, 11105
233346, 11105
245283, 11105
245903, 11105
263500, 11105
75234, 11089
84263, 11089
84873, 11089
126084, 11089
130854, 11089
136012, 11089
153812, 11089
13500, 11078
17583, 11078
19130, 11078
26348, 11078
31533, 11078
38470, 11078
43863, 11078
55466, 11078
61682, 11078
64521, 11078
76056, 11078
85078, 11078
95110, 11078
118868, 11078
128059, 11078
130428, 11078
155518, 11078
166977, 11078
176629, 11078
183833, 11078
184225, 11078
184228, 11078
184570, 11078
255717, 11078
258274, 11078
117653, 11039
124240, 11039
132421, 11039
140853, 11039
155875, 11039
157968, 11039
159324, 11039
10030, 11012
10241, 11012
12137, 11012
22289, 11012
64829, 11012
71559, 11012
104241, 11012
113466, 11012
126661, 11012
258749, 11012
55885, 11004
159611, 10968
202820, 10968
210007, 10968
106290, 10887
126016, 10887
132609, 10887
136165, 10887
137837, 10887
138117, 10887
139379, 10887
140227, 10887
142148, 10887
144899, 10887
150465, 10887
150820, 10887
151082, 10887
153561, 10887
154611, 10887
158764, 10887
160689, 10887
161223, 10887
162240, 10887
168477, 10887
169072, 10887
170330, 10887
171370, 10887
180077, 10887
186255, 10887
188917, 10887
198250, 10887
202275, 10887
205281, 10887
220815, 10887
16262, 10882
16277, 10882
25476, 10882
27760, 10882
28522, 10882
37290, 10882
38344, 10882
44563, 10882
47992, 10882
51887, 10882
60999, 10882
62534, 10882
69873, 10882
80285, 10882
91043, 10882
134787, 10882
139160, 10882
193409, 10882
200601, 10882
218619, 10882
243772, 10882
245731, 10882
268040, 10882
286032, 10882
290111, 10882
33215, 10800
4209, 10782
19071, 10782
46572, 10759
101558, 10731
117934, 10731
129612, 10731
135203, 10731
141394, 10731
141958, 10731
143700, 10731
145424, 10731
151139, 10731
294407, 10731
163264, 10693
182069, 10693
190975, 10693
20960, 10674
156583, 10674
58202, 10616
81363, 10571
10895, 10531
16016, 10531
56267, 10484
137259, 10455
161416, 10455
214221, 10453
158190, 10424
131616, 10401
194408, 10401
127729, 10348
135063, 10348
141842, 10348
147720, 10348
7387, 10347
9747, 10347
19676, 10347
58592, 10347
79414, 10347
84205, 10347
152405, 10347
175991, 10347
91921, 10320
117737, 10320
121195, 10320
125404, 10320
164569, 10320
176495, 10320
191346, 10320
197876, 10320
19036, 10246
29025, 10246
31032, 10246
42690, 10246
56132, 10246
65573, 10246
85406, 10246
85653, 10246
86923, 10246
98225, 10246
120818, 10246
122067, 10246
134377, 10246
139156, 10246
141489, 10246
188849, 10246
218907, 10246
220223, 10246
230299, 10246
246654, 10246
288226, 10246
128937, 10219
135466, 10219
154330, 10219
159442, 10219
180474, 10219
141965, 10199
11199, 10192
130681, 10089
74885, 10042
115898, 10042
70016, 9879
268815, 9879
164351, 9802
178679, 9802
230015, 9802
125644, 9764
217314, 9759
1132, 9729
118984, 9668
69042, 9552
78222, 9552
85707, 9552
115466, 9552
115891, 9552
13183, 9528
18518, 9528
23081, 9528
31851, 9528
32908, 9528
40383, 9528
42890, 9528
44306, 9528
48825, 9528
53246, 9528
59376, 9528
60169, 9528
66899, 9528
67457, 9528
69490, 9528
72664, 9528
77970, 9528
81872, 9528
87603, 9528
90236, 9528
91330, 9528
92944, 9528
94594, 9528
94750, 9528
114735, 9528
116164, 9528
116786, 9528
117265, 9528
127962, 9528
138597, 9528
139448, 9528
143867, 9528
151705, 9528
154125, 9528
157829, 9528
160194, 9528
161941, 9528
199090, 9528
208592, 9528
213924, 9528
250820, 9528
255292, 9528
263667, 9528
59814, 9466
167555, 9466
177452, 9466
197708, 9466
25644, 9413
26797, 9413
30068, 9413
39076, 9413
41551, 9413
66040, 9413
69232, 9413
82760, 9413
124273, 9413
128380, 9413
165916, 9413
166749, 9413
178127, 9413
185085, 9413
193531, 9413
200585, 9413
204263, 9413
209824, 9413
210125, 9413
219427, 9413
226182, 9413
251819, 9413
215423, 9387
106122, 9313
149148, 9313
51457, 9267
81525, 9261
4367, 9243
7215, 9243
41020, 9243
69930, 9243
83569, 9243
188500, 9243
125855, 9216
219091, 9216
266145, 9216
2593, 9194
24171, 9194
44283, 9194
58702, 9194
72288, 9194
238223, 9194
16687, 9161
29974, 9161
32335, 9161
37898, 9161
49211, 9161
113051, 9161
269002, 9161
2357, 9153
17326, 9153
32585, 9153
39907, 9153
72099, 9153
119770, 9153
148728, 9153
290156, 9153
2457, 9143
5453, 9143
13923, 9143
28300, 9143
29927, 9143
61007, 9143
72081, 9143
84372, 9143
111074, 9143
136829, 9143
196683, 9143
233678, 9143
287139, 9143
3890, 9138
154110, 9138
136577, 9110
12429, 9109
13446, 9109
25772, 9109
210598, 9109
138765, 9095
136020, 9093
136805, 9093
142130, 9093
156421, 9093
161342, 9093
70886, 9071
80665, 9071
14738, 9038
17535, 9038
18566, 9038
19458, 9038
20131, 9038
26599, 9038
68448, 9038
86522, 9038
93295, 9038
122691, 9038
169176, 9038
178658, 9038
284053, 9038
256532, 9029
1417, 9016
1446, 9016
1481, 9016
1755, 9016
3913, 9016
4785, 9016
7875, 9016
8288, 9016
11333, 9016
17469, 9016
18059, 9016
18650, 9016
20108, 9016
20875, 9016
22338, 9016
25957, 9016
37392, 9016
68620, 9016
72911, 9016
83059, 9016
84944, 9016
90185, 9016
93086, 9016
117541, 9016
123886, 9016
138772, 9016
154887, 9016
159085, 9016
162167, 9016
253247, 9016
221705, 8982
63224, 8977
142485, 8977
41897, 8965
68478, 8965
82021, 8965
91093, 8965
107467, 8965
137253, 8965
148661, 8965
215185, 8965
220801, 8965
244620, 8965
276413, 8965
292003, 8965
20617, 8924
24592, 8924
26768, 8924
37135, 8924
40932, 8924
45351, 8924
50451, 8924
4537, 8917
211852, 8888
247989, 8888
130977, 8858
156987, 8858
224446, 8850
230125, 8850
246245, 8850
277688, 8850
123169, 8849
159625, 8849
124922, 8846
267, 8840
13393, 8840
47342, 8802
6497, 8794
170150, 8697
238120, 8697
32521, 8659
40401, 8659
40671, 8659
106278, 8659
144612, 8659
211135, 8659
248358, 8659
256736, 8659
190802, 8653
40298, 8641
16851, 8624
76974, 8624
125550, 8603
138673, 8603
167294, 8603
164710, 8565
137127, 8508
266965, 8445
168468, 8299
89377, 8218
175086, 8181
177752, 8181
198649, 8181
209265, 8181
217887, 8181
250860, 8181
273361, 8181
28083, 8091
251, 7998
20275, 7998
23627, 7998
155348, 7998
167574, 7998
25719, 7984
12730, 7974
20407, 7974
118832, 7974
168526, 7974
245710, 7974
294, 7957
15458, 7957
49407, 7957
59461, 7957
88168, 7957
184609, 7957
235121, 7879
3866, 7749
30085, 7749
54376, 7749
183488, 7749
112165, 7740
27278, 7659
40525, 7659
92393, 7659
96270, 7659
120724, 7659
141116, 7639
218515, 7627
239884, 7627
248962, 7627
253524, 7627
20378, 7605
83769, 7604
30671, 7577
115057, 7577
28328, 7575
36676, 7575
36840, 7575
43708, 7575
66169, 7575
96930, 7575
111380, 7575
154113, 7575
164498, 7575
204164, 7575
204210, 7575
210145, 7575
213532, 7575
247802, 7575
279525, 7575
279729, 7575
14643, 7551
15063, 7551
16327, 7551
19009, 7551
50104, 7551
56117, 7551
100943, 7551
141742, 7551
201555, 7551
211696, 7551
241186, 7551
251075, 7551
264179, 7551
74535, 7522
11289, 7520
93343, 7509
18033, 7477
4058, 7468
24356, 7468
123501, 7468
265749, 7468
13217, 7453
42980, 7443
122427, 7443
219767, 7443
223563, 7443
24224, 7441
30685, 7441
34559, 7441
56489, 7441
65306, 7441
71072, 7441
77901, 7441
81451, 7441
111282, 7441
140316, 7441
144769, 7441
150106, 7441
203543, 7441
205219, 7441
254280, 7441
293246, 7441
138289, 7438
15866, 7406
262170, 7360
174216, 7318
94764, 7281
16138, 7267
27798, 7267
60093, 7267
82528, 7267
150997, 7267
194937, 7267
293396, 7267
44877, 7263
101550, 7239
129759, 7239
134289, 7239
134767, 7239
168868, 7239
169733, 7239
174807, 7239
229785, 7239
256964, 7239
287879, 7239
279990, 7231
627, 7212
192307, 7178
216280, 7175
375, 7157
60933, 7157
69592, 7157
71825, 7157
78782, 7157
121760, 7157
148519, 7157
148970, 7157
155088, 7157
158797, 7157
173312, 7157
237994, 7157
255533, 7157
265220, 7157
281081, 7157
5611, 7154
78697, 7073
89210, 7066
138782, 7066
153644, 7066
83003, 7034
211376, 7034
214231, 7034
246952, 7034
271046, 7034
52339, 6992
118723, 6992
129439, 6992
266699, 6992
268299, 6992
168042, 6943
247425, 6943
46316, 6925
91370, 6925
294482, 6919
54233, 6912
196423, 6912
231435, 6912
2038, 6889
290945, 6882
36975, 6834
63689, 6834
84984, 6738
52, 6689
39492, 6622
45058, 6622
73975, 6622
101390, 6622
106512, 6622
107749, 6622
122816, 6622
144221, 6622
146208, 6622
158150, 6622
166277, 6622
197801, 6622
209797, 6622
216424, 6622
289826, 6622
292962, 6495
141797, 6441
138510, 6403
40282, 6376
174831, 6357
27766, 6193
216213, 6189
28955, 6143
31373, 6143
73374, 6127
120226, 6127
58132, 5840
61195, 5840
137557, 5840
138113, 5840
169277, 5442
236686, 5285
63337, 5012
148742, 5001
234712, 4941
231588, 4826
256706, 4825
110882, 4795
119773, 4728
282402, 4728
280554, 4713
240033, 4524
127179, 4472
142278, 4472
211705, 4438
262718, 4438
30879, 4382
122291, 4343
130259, 4343
135959, 4343
138257, 4343
143085, 4343
147387, 4343
152698, 4343
168599, 4343
169337, 4343
184697, 4343
188197, 4343
240782, 4343
260015, 4343
276422, 4343
110096, 4336
150814, 4334
154786, 4334
165555, 4334
247557, 4334
247627, 4334
120887, 4303
130273, 4303
140157, 4303
140621, 4303
141500, 4303
183981, 4303
189438, 4303
208440, 4303
237403, 4303
271283, 4303
119970, 4289
147361, 4289
158225, 4289
182385, 4289
197217, 4289
204441, 4289
236839, 4289
244206, 4289
282158, 4289
188580, 4251
159934, 4242
288378, 4222
73814, 4205
130169, 4179
138776, 4179
170005, 4179
180872, 4179
189566, 4179
199138, 4179
211922, 4179
219550, 4179
223885, 4179
238886, 4179
247141, 4179
259100, 4179
263260, 4179
265025, 4179
279931, 4179
290510, 4179
10324, 4178
7132, 4151
11280, 4151
18218, 4151
25044, 4151
103774, 4151
130067, 4151
147350, 4151
176619, 4151
255599, 4151
191815, 4109
217194, 4109
220893, 4109
227372, 4109
224578, 4045
109961, 4034
146702, 4034
105098, 4019
110995, 4019
134376, 4019
140371, 4019
143177, 4019
173318, 4019
253381, 4019
263417, 4019
271562, 4019
49626, 3968
95298, 3968
237814, 3947
98590, 3945
100331, 3945
87940, 3941
140850, 3941
203168, 3941
216962, 3941
35518, 3926
89388, 3925
99659, 3925
101262, 3925
102305, 3925
103312, 3925
107604, 3925
109913, 3925
114250, 3925
119045, 3925
124857, 3925
164732, 3925
170226, 3925
219335, 3925
75410, 3891
36771, 3868
41692, 3868
53527, 3868
108177, 3868
44791, 3861
51244, 3861
52759, 3861
64433, 3861
74453, 3861
74762, 3861
75481, 3861
89411, 3861
90343, 3861
104370, 3861
114208, 3861
119499, 3861
124287, 3861
273560, 3843
36342, 3829
91214, 3800
101761, 3752
144656, 3752
153623, 3675
220379, 3675
220707, 3675
559, 3652
22686, 3635
255765, 3635
283784, 3635
294534, 3635
86979, 3605
166390, 3605
178886, 3605
205222, 3605
50014, 3596
63711, 3596
65586, 3596
101461, 3596
208584, 3596
210054, 3596
3419, 3587
98371, 3587
60371, 3579
160158, 3579
288669, 3579
291004, 3579
66997, 3577
68139, 3577
190233, 3577
203600, 3577
209221, 3577
251548, 3577
163380, 3564
186414, 3564
97209, 3537
198430, 3537
202648, 3537
10129, 3536
25828, 3536
53996, 3532
74919, 3532
114844, 3532
154505, 3532
152736, 3521
58288, 3519
102114, 3519
194925, 3519
152269, 3507
39840, 3502
63303, 3502
216315, 3495
44544, 3491
54179, 3491
66178, 3491
96870, 3491
151669, 3491
63340, 3483
35780, 3482
40135, 3478
60287, 3478
63050, 3478
83508, 3478
87503, 3478
115602, 3478
154344, 3478
163921, 3478
173921, 3478
225, 3476
51257, 3476
198507, 3476
38173, 3474
120196, 3474
160067, 3474
174024, 3474
191364, 3474
207471, 3474
287047, 3474
294385, 3474
68754, 3470
258200, 3470
29189, 3468
31150, 3468
157919, 3468
207000, 3468
47377, 3465
231180, 3462
173832, 3460
56017, 3448
61003, 3441
238851, 3441
270178, 3441
191676, 3436
265044, 3436
34073, 3410
85373, 3407
144779, 3407
116513, 3405
127592, 3405
131604, 3405
184668, 3405
185481, 3405
219199, 3405
231690, 3405
250256, 3404
19152, 3399
73831, 3399
118464, 3399
233385, 3399
262621, 3399
159838, 3390
56203, 3389
76833, 3389
77496, 3389
82115, 3389
83556, 3389
107004, 3389
111832, 3389
116473, 3389
153446, 3389
223759, 3389
141660, 3386
281794, 3386
37534, 3385
91175, 3385
129441, 3385
136843, 3378
160937, 3378
171004, 3378
238740, 3378
145983, 3376
163142, 3376
170183, 3376
21530, 3372
26322, 3372
95385, 3372
124241, 3372
143055, 3372
61334, 3368
115305, 3368
184868, 3368
188706, 3368
34351, 3361
59467, 3361
42354, 3358
193475, 3358
216704, 3358
65836, 3356
213550, 3356
39995, 3349
24760, 3342
35533, 3342
55987, 3342
75213, 3342
90152, 3342
112018, 3342
120078, 3342
135373, 3342
159276, 3342
57586, 3339
248623, 3339
38941, 3338
39684, 3338
40441, 3338
181535, 3338
292245, 3338
7379, 3337
56926, 3337
110983, 3337
152960, 3337
274690, 3337
48175, 3331
138654, 3331
151475, 3321
15252, 3316
50919, 3316
83341, 3316
129218, 3316
234900, 3316
271150, 3316
288763, 3304
30999, 3294
192869, 3294
204530, 3294
254434, 3294
78, 3292
218962, 3292
86197, 3291
186463, 3291
137583, 3276
234780, 3276
97092, 3273
99264, 3266
259888, 3266
79696, 3256
197630, 3256
180144, 3252
167676, 3249
231923, 3249
180608, 3247
218409, 3247
65808, 3246
124875, 3245
70794, 3239
288197, 3239
48823, 3227
93988, 3227
102334, 3227
138027, 3227
12259, 3224
99019, 3224
114966, 3224
135123, 3224
156737, 3224
266494, 3221
77759, 3212
119503, 3212
247276, 3212
288224, 3212
99428, 3209
164237, 3209
100442, 3208
261337, 3208
27508, 3204
73639, 3204
132084, 3204
205248, 3204
270159, 3204
129390, 3198
248731, 3198
185287, 3196
168056, 3194
990, 3193
31307, 3193
176545, 3193
123998, 3183
193994, 3183
269798, 3183
123453, 3178
238419, 3177
43599, 3175
62396, 3175
212985, 3175
175468, 3171
193377, 3171
13686, 3165
18992, 3165
135662, 3165
55470, 3158
187637, 3158
80147, 3153
278161, 3147
51253, 3141
65855, 3141
154819, 3141
68683, 3137
78785, 3137
200541, 3137
268627, 3137
100201, 3135
195229, 3133
249490, 3127
36681, 3126
64712, 3117
162075, 3117
69111, 3113
279461, 3102
14353, 3100
61855, 3099
156711, 3099
65715, 3088
12417, 3086
96256, 3086
191807, 3083
263833, 3083
101760, 3075
18857, 3069
185689, 3069
141504, 3065
164752, 3065
275414, 3065
293599, 3065
31614, 3056
220541, 3056
251372, 3056
261131, 3056
251871, 3055
154847, 3054
196687, 3052
200534, 3052
212054, 3052
49712, 3041
146944, 3041
156078, 3040
226430, 3035
41071, 3028
16573, 3026
134684, 3019
67630, 3018
91083, 3018
96196, 3018
196513, 3018
225538, 3018
17760, 3015
107275, 3015
200030, 3015
270787, 3015
25687, 3014
90260, 3011
17380, 3006
56244, 3006
158258, 3006
202922, 3004
209129, 3000
111253, 2994
192840, 2989
158714, 2987
185001, 2987
211767, 2980
268327, 2980
14926, 2975
99148, 2970
267712, 2970
10909, 2968
26589, 2967
173886, 2967
209902, 2961
41787, 2956
44176, 2949
31948, 2948
158117, 2948
154306, 2944
176857, 2944
222654, 2944
143782, 2934
161649, 2934
121011, 2932
132845, 2932
56877, 2928
197811, 2928
293026, 2928
78110, 2916
283870, 2916
91212, 2914
98244, 2914
141746, 2913
78137, 2911
148080, 2911
158342, 2911
193268, 2909
31348, 2906
120661, 2900
194115, 2900
209292, 2900
159264, 2897
45492, 2896
49810, 2896
53175, 2896
58155, 2896
66756, 2896
74624, 2896
75643, 2896
76916, 2896
78276, 2896
78588, 2896
85032, 2896
86780, 2896
103712, 2896
122643, 2896
138364, 2896
145985, 2896
147324, 2896
148075, 2896
150187, 2896
177894, 2896
179110, 2896
181641, 2896
226714, 2896
249188, 2896
68136, 2895
127018, 2895
29519, 2888
47834, 2880
162871, 2880
287650, 2880
57962, 2876
146778, 2876
52919, 2873
145143, 2873
160565, 2873
192507, 2873
230012, 2873
258833, 2873
177342, 2870
35504, 2869
180552, 2869
208168, 2866
22760, 2858
202823, 2858
60471, 2838
212938, 2838
109098, 2836
66120, 2833
66946, 2833
116187, 2833
235355, 2833
102015, 2832
109581, 2832
117724, 2820
199609, 2820
281649, 2820
31560, 2819
87078, 2819
111399, 2819
153567, 2819
46089, 2810
24510, 2791
2082, 2785
194074, 2785
288085, 2785
119331, 2780
188105, 2779
249354, 2779
267634, 2779
58284, 2778
98763, 2778
217964, 2778
16483, 2772
92726, 2767
189444, 2767
280925, 2767
213364, 2762
19733, 2760
294095, 2746
293450, 2744
18228, 2739
61411, 2739
66494, 2739
79239, 2739
45339, 2737
70434, 2737
115733, 2737
122680, 2737
290207, 2737
55424, 2728
68008, 2728
182748, 2728
510, 2721
15369, 2720
80595, 2717
280477, 2717
119617, 2715
219126, 2715
119185, 2714
217299, 2705
166135, 2702
283141, 2702
10847, 2701
12046, 2701
81639, 2701
121661, 2701
122232, 2695
37322, 2675
59052, 2675
100849, 2675
154261, 2675
241379, 2675
292517, 2675
81842, 2673
33444, 2668
98902, 2667
249653, 2667
110908, 2664
137459, 2664
292222, 2664
7113, 2656
17377, 2656
40020, 2650
75913, 2650
53697, 2648
152017, 2633
27426, 2629
60526, 2606
41714, 2605
262086, 2605
175792, 2603
61392, 2596
154536, 2596
23998, 2590
36453, 2590
38134, 2590
38159, 2590
55404, 2590
62298, 2590
84403, 2590
92906, 2590
100654, 2590
101911, 2590
103696, 2590
154860, 2590
162531, 2590
163279, 2590
171129, 2590
185312, 2590
281503, 2590
257915, 2580
257513, 2575
70822, 2568
81888, 2568
62015, 2561
84095, 2561
95428, 2561
118319, 2561
143492, 2561
60633, 2553
9314, 2549
264398, 2535
18458, 2526
205016, 2526
22555, 2523
94652, 2523
134442, 2523
135526, 2517
38090, 2515
220380, 2498
40890, 2491
109385, 2486
179430, 2486
198818, 2486
76548, 2483
66763, 2451
74253, 2451
21154, 2443
14146, 2439
115546, 2439
166528, 2439
177623, 2429
248820, 2429
156219, 2428
258367, 2428
264974, 2428
270283, 2428
277400, 2428
278166, 2428
284652, 2428
288954, 2428
36104, 2424
158770, 2419
239276, 2419
21540, 2416
26926, 2415
2045, 2408
11478, 2408
18257, 2408
38653, 2408
38876, 2408
76520, 2408
82634, 2408
95344, 2408
101849, 2408
146484, 2408
166686, 2408
191219, 2408
250161, 2408
28991, 2400
145581, 2395
24803, 2390
217950, 2384
96095, 2383
23937, 2376
71046, 2376
5934, 2371
270086, 2371
3485, 2369
3764, 2369
9126, 2369
30679, 2367
33789, 2365
53140, 2365
82602, 2365
202906, 2365
230359, 2365
74080, 2353
11537, 2349
252743, 2349
28805, 2337
278093, 2337
17800, 2312
31733, 2310
77218, 2310
197336, 2296
229113, 2296
26929, 2295
165544, 2295
278576, 2295
42752, 2294
80457, 2294
114598, 2294
275620, 2290
245303, 2282
3016, 2279
43941, 2276
65034, 2276
40193, 2273
10857, 2272
16889, 2272
144623, 2270
188174, 2270
273145, 2266
35195, 2261
69692, 2258
150470, 2258
38188, 2256
21392, 2254
33624, 2254
275474, 2252
10541, 2249
15275, 2249
85710, 2243
134383, 2243
186846, 2243
267155, 2239
15266, 2228
259250, 2228
87881, 2221
4180, 2219
283322, 2200
10439, 2199
74184, 2199
56919, 2198
78232, 2198
156096, 2196
217196, 2196
26654, 2191
137099, 2190
66792, 2180
3358, 2179
135320, 2176
96194, 2174
71712, 2170
118144, 2169
19927, 2168
209803, 2168
5456, 2162
33685, 2162
215101, 2160
6201, 2153
217149, 2153
20380, 2150
9916, 2149
249906, 2134
126537, 2131
68201, 2126
57735, 2119
116195, 2119
5299, 2111
19060, 2108
157082, 2108
193188, 2108
138945, 2094
33313, 2091
157003, 2088
288600, 2088
134128, 2082
267381, 2076
157298, 2070
277823, 2070
174282, 2067
52336, 2066
74809, 2053
262802, 2053
118536, 2038
295410, 2038
1725, 2037
47153, 2021
51571, 2021
63461, 2021
68482, 2021
73910, 2021
83016, 2021
89157, 2021
89581, 2021
97055, 2021
97323, 2021
110504, 2021
118216, 2021
128284, 2021
132491, 2021
181476, 2021
225772, 2021
131741, 2017
7569, 2016
30633, 2014
98044, 2014
262276, 2014
23125, 2012
178392, 2012
252601, 2010
40687, 2008
42325, 2008
45676, 2008
56230, 2008
58392, 2008
58843, 2008
69586, 2008
86594, 2008
25513, 2006
86900, 2006
127441, 2006
135610, 2006
117240, 2001
117485, 2001
119209, 2001
132702, 2001
136672, 2001
137291, 2001
143425, 2001
163209, 2001
165123, 2001
166110, 2001
166981, 2001
167047, 2001
168296, 2001
173633, 2001
173806, 2001
175073, 2001
179796, 2001
182753, 2001
189926, 2001
191969, 2001
192661, 2001
192806, 2001
193469, 2001
193874, 2001
197440, 2001
206832, 2001
217897, 2001
222024, 2001
245147, 2001
245570, 2001
89039, 1999
118498, 1999
129065, 1999
161092, 1999
265717, 1999
67931, 1995
32008, 1993
32853, 1993
39588, 1993
43713, 1993
282185, 1993
80453, 1989
23726, 1988
95427, 1986
185305, 1986
13914, 1985
189138, 1985
236312, 1985
87515, 1982
116479, 1980
420, 1978
199681, 1975
87362, 1972
59343, 1970
117357, 1970
242497, 1970
124033, 1967
59038, 1963
5931, 1962
174858, 1962
130320, 1958
205790, 1954
279959, 1954
105069, 1950
174752, 1947
200107, 1947
217176, 1947
220329, 1947
221134, 1947
236465, 1947
237386, 1947
11984, 1946
188367, 1946
51598, 1944
25890, 1943
28767, 1940
65988, 1940
222945, 1940
37937, 1939
208570, 1939
281030, 1938
137892, 1936
190642, 1936
193751, 1933
245953, 1932
138989, 1931
153024, 1926
19078, 1915
17537, 1912
113275, 1912
277617, 1912
18134, 1911
69201, 1911
21388, 1901
56673, 1901
16862, 1898
28278, 1897
81964, 1894
282487, 1893
55353, 1891
969, 1890
18202, 1889
226051, 1889
221361, 1886
242081, 1885
252230, 1885
95050, 1876
58852, 1872
52997, 1871
60728, 1871
63239, 1869
18047, 1865
20166, 1862
148774, 1862
38781, 1858
227789, 1856
5967, 1855
206377, 1853
238291, 1853
244358, 1852
278614, 1849
939, 1848
962, 1848
23797, 1841
107389, 1841
292382, 1841
46970, 1839
62058, 1839
87799, 1839
2954, 1838
53952, 1838
102320, 1834
15321, 1830
32527, 1830
39988, 1829
81020, 1829
54657, 1828
70270, 1828
76282, 1828
166782, 1828
839, 1826
254512, 1820
37899, 1818
165320, 1818
280888, 1818
282733, 1818
143640, 1816
913, 1815
96534, 1814
125910, 1814
23722, 1813
1046, 1812
27048, 1812
28484, 1812
135400, 1812
249594, 1812
31144, 1808
47655, 1808
161468, 1808
2957, 1806
21978, 1806
29131, 1806
22038, 1804
94495, 1804
123857, 1804
143388, 1804
231949, 1804
996, 1803
252499, 1802
291510, 1802
21303, 1801
48819, 1801
238456, 1801
18215, 1796
20608, 1796
98848, 1796
20554, 1795
82934, 1795
111173, 1795
111462, 1795
130577, 1795
163937, 1795
212856, 1795
223195, 1795
283800, 1795
76540, 1794
102662, 1794
278025, 1794
966, 1789
1021, 1789
738, 1788
83315, 1788
247083, 1788
250358, 1788
51607, 1787
198689, 1787
25767, 1785
32116, 1785
32539, 1785
32647, 1785
35584, 1785
37297, 1785
37912, 1785
37988, 1785
59723, 1785
63643, 1785
65207, 1785
66135, 1785
77377, 1785
80822, 1785
87080, 1785
111524, 1785
287812, 1785
1015, 1783
19478, 1783
229750, 1782
125923, 1781
198221, 1777
262473, 1777
50365, 1775
74908, 1775
151795, 1775
187456, 1775
37274, 1774
79369, 1774
180487, 1774
208261, 1774
233994, 1774
255925, 1774
281692, 1774
283381, 1774
1711, 1773
2187, 1773
2556, 1773
3735, 1773
5202, 1773
5214, 1773
5661, 1773
64837, 1773
247637, 1773
67886, 1771
20353, 1769
82413, 1769
161884, 1769
77962, 1767
87682, 1765
221276, 1765
284773, 1765
160839, 1764
62128, 1763
117674, 1763
189530, 1762
13671, 1761
88042, 1761
165759, 1761
11228, 1760
7963, 1759
149868, 1758
17135, 1757
131778, 1757
137841, 1757
158464, 1757
208476, 1757
35054, 1756
70055, 1756
88279, 1756
102339, 1756
130901, 1756
145843, 1756
260371, 1756
65314, 1755
246910, 1755
278652, 1755
41789, 1754
46899, 1754
170349, 1752
26828, 1749
126474, 1748
273996, 1748
34451, 1745
100640, 1745
288660, 1745
182301, 1743
227129, 1743
172871, 1742
1174, 1741
3472, 1741
16909, 1741
34107, 1741
53029, 1741
72061, 1741
91355, 1741
194087, 1741
1642, 1740
6259, 1738
53366, 1738
78228, 1738
121489, 1737
143527, 1731
194626, 1731
45436, 1730
25201, 1729
58457, 1729
164681, 1729
240569, 1728
248526, 1727
209653, 1724
236295, 1722
280321, 1722
291267, 1722
39655, 1721
98570, 1721
99609, 1720
85739, 1717
86761, 1714
107229, 1714
204677, 1714
51569, 1713
62932, 1713
129372, 1713
184250, 1713
7706, 1712
53620, 1712
98837, 1712
151766, 1712
280148, 1712
7782, 1710
35443, 1709
9625, 1708
9965, 1708
18054, 1708
18972, 1708
19288, 1708
21466, 1708
22551, 1708
24318, 1708
37969, 1708
136316, 1707
137361, 1707
145271, 1707
126740, 1702
157259, 1702
96316, 1700
169788, 1700
178376, 1700
256492, 1700
36367, 1699
41975, 1699
57338, 1699
72527, 1699
77716, 1699
78031, 1699
81082, 1699
85186, 1699
101978, 1699
120691, 1699
149063, 1699
152522, 1699
184661, 1699
190707, 1699
34309, 1698
2558, 1697
132484, 1696
266449, 1696
70953, 1693
96324, 1693
210859, 1692
1299, 1690
17345, 1690
63694, 1690
78395, 1690
105534, 1690
108549, 1690
130930, 1690
140711, 1690
152096, 1690
162352, 1690
163606, 1690
204935, 1690
205814, 1690
217736, 1690
234748, 1690
238076, 1690
251886, 1690
284095, 1690
71752, 1688
83942, 1688
106739, 1688
113974, 1688
178936, 1688
9133, 1687
20278, 1686
22594, 1684
73375, 1684
122705, 1684
140380, 1684
162366, 1684
189894, 1684
268334, 1684
30723, 1682
87224, 1682
212868, 1682
51936, 1681
184567, 1681
5079, 1680
87911, 1680
51769, 1679
251859, 1679
21545, 1678
205733, 1678
128296, 1677
228835, 1677
248440, 1677
91440, 1676
61002, 1675
106713, 1675
141478, 1675
213127, 1675
217303, 1675
233870, 1675
244840, 1675
252437, 1675
27571, 1674
42907, 1674
129908, 1674
252910, 1670
75244, 1669
173484, 1669
229955, 1669
32920, 1668
250022, 1668
42009, 1662
127024, 1662
15121, 1659
48477, 1659
252897, 1659
170448, 1658
69838, 1657
180843, 1657
2776, 1654
4393, 1654
22349, 1652
62326, 1652
72272, 1652
78692, 1652
84515, 1652
110129, 1651
8386, 1650
1920, 1648
1964, 1648
2019, 1648
152000, 1648
183678, 1647
81493, 1646
162515, 1646
185947, 1646
47080, 1644
123828, 1644
127663, 1644
128626, 1644
23121, 1643
62341, 1643
285678, 1643
27927, 1642
222989, 1642
141639, 1641
225549, 1640
39216, 1639
15491, 1638
90389, 1638
5566, 1637
7389, 1637
19020, 1637
19993, 1637
77890, 1637
3062, 1634
15414, 1634
15490, 1634
16014, 1634
21455, 1634
54120, 1634
110763, 1634
170777, 1634
205915, 1634
3173, 1633
56862, 1633
82316, 1633
97162, 1633
166116, 1633
175229, 1633
231333, 1633
277367, 1633
12638, 1632
13586, 1632
22258, 1632
22290, 1632
22791, 1632
24907, 1632
49475, 1632
55720, 1632
62591, 1632
88015, 1632
157914, 1631
36960, 1630
17420, 1623
36659, 1622
38059, 1622
41650, 1622
57367, 1622
135681, 1622
176814, 1622
223572, 1622
51747, 1620
150444, 1620
18290, 1619
60959, 1619
281282, 1619
1698, 1618
117683, 1618
286223, 1618
24418, 1617
80069, 1617
99632, 1617
101096, 1617
166371, 1617
202826, 1617
204372, 1617
245086, 1617
267999, 1617
273335, 1617
277062, 1617
1162, 1616
1312, 1616
1343, 1616
3628, 1615
47604, 1615
113037, 1615
204860, 1615
286050, 1615
2918, 1614
23731, 1614
47624, 1614
64886, 1614
131174, 1614
136462, 1614
193765, 1614
196415, 1614
175121, 1613
10645, 1611
23608, 1611
35684, 1611
37177, 1611
138120, 1611
22240, 1610
72815, 1610
282520, 1610
284332, 1610
22896, 1609
68015, 1609
268561, 1609
276120, 1609
67822, 1608
172538, 1608
241127, 1608
57028, 1605
81454, 1605
238097, 1605
247409, 1603
287856, 1602
4722, 1598
9372, 1598
73480, 1598
46563, 1597
162024, 1597
179682, 1594
172824, 1593
11257, 1592
13377, 1592
84844, 1592
265046, 1592
119187, 1590
127705, 1590
47795, 1589
47414, 1588
113728, 1588
171382, 1588
9216, 1587
108086, 1587
1359, 1585
81511, 1585
191024, 1585
193965, 1585
202866, 1584
211870, 1584
218629, 1584
1305, 1581
19554, 1579
250036, 1576
1910, 1575
2010, 1575
78145, 1575
239972, 1575
34983, 1570
168919, 1570
179396, 1570
65129, 1569
72138, 1569
1275, 1568
18912, 1567
50194, 1567
54795, 1567
70101, 1567
121194, 1567
158929, 1567
238636, 1567
265819, 1567
275015, 1567
1311, 1565
13987, 1565
35336, 1565
55267, 1565
59045, 1565
77553, 1565
78069, 1565
81416, 1565
86076, 1565
109669, 1565
117341, 1565
142934, 1565
199713, 1565
220876, 1565
292857, 1565
1729, 1563
1821, 1563
1867, 1563
1937, 1563
1938, 1563
2042, 1563
174329, 1563
126909, 1562
198556, 1562
236490, 1562
11452, 1561
20616, 1561
76059, 1561
1609, 1560
1686, 1560
1759, 1560
1803, 1560
1835, 1560
1907, 1560
71058, 1560
187261, 1560
189676, 1560
200902, 1560
1621, 1558
96360, 1558
100441, 1558
189786, 1556
71125, 1555
263760, 1555
283905, 1555
4040, 1550
79688, 1550
87273, 1550
33520, 1549
34243, 1549
41126, 1549
51307, 1549
57445, 1549
59955, 1549
74333, 1549
75315, 1549
81826, 1549
84783, 1549
106686, 1549
129085, 1549
136257, 1549
155800, 1549
171711, 1549
182358, 1549
243966, 1549
247049, 1549
271460, 1549
32308, 1548
87165, 1548
96969, 1548
154994, 1548
99636, 1545
237904, 1545
23536, 1544
79114, 1544
112574, 1544
65316, 1543
74427, 1543
147485, 1543
189998, 1541
137969, 1539
24731, 1538
143441, 1538
256791, 1538
52645, 1537
16227, 1536
35272, 1536
139696, 1535
262287, 1535
29621, 1534
26809, 1532
108981, 1532
138594, 1532
162484, 1532
146198, 1529
150933, 1529
193747, 1529
74312, 1528
6081, 1527
175089, 1527
266964, 1527
102974, 1526
136982, 1526
72761, 1523
74683, 1522
90934, 1522
102583, 1522
136201, 1522
161187, 1522
4845, 1521
52535, 1521
276462, 1521
15097, 1519
15792, 1519
162432, 1519
199898, 1519
207883, 1519
109630, 1518
253698, 1518
100049, 1516
120049, 1516
125163, 1516
163277, 1516
201404, 1516
202147, 1516
216201, 1516
225669, 1516
238834, 1516
265068, 1516
56378, 1515
67340, 1515
78647, 1515
95788, 1515
126385, 1515
127337, 1515
150387, 1515
160437, 1515
269781, 1515
296445, 1515
63043, 1514
71694, 1514
193396, 1514
4189, 1513
19719, 1513
29020, 1513
71617, 1513
93437, 1513
152018, 1513
154138, 1513
175522, 1513
199562, 1513
213282, 1513
257438, 1513
277171, 1513
10104, 1512
26261, 1512
200502, 1512
75589, 1511
76674, 1511
77102, 1511
129378, 1511
252181, 1511
61426, 1510
110686, 1510
127308, 1510
129458, 1510
130593, 1509
171949, 1509
64748, 1508
148546, 1506
157609, 1506
210112, 1504
9156, 1503
264072, 1503
292632, 1503
28494, 1501
29470, 1501
77555, 1501
82880, 1501
136488, 1501
145903, 1501
147969, 1501
167449, 1501
171573, 1501
217705, 1501
225748, 1501
227318, 1501
229907, 1501
232994, 1501
242128, 1501
247423, 1501
247792, 1501
263361, 1501
264968, 1501
284187, 1501
284605, 1501
31022, 1500
52667, 1500
132804, 1500
167220, 1500
14189, 1499
50353, 1499
144162, 1499
145819, 1499
182333, 1499
182965, 1499
198713, 1499
12224, 1498
78037, 1498
95297, 1498
38135, 1497
21844, 1496
22213, 1496
26954, 1496
86423, 1496
119999, 1496
132884, 1496
147867, 1496
148809, 1496
224618, 1496
274871, 1496
285841, 1496
68769, 1495
68775, 1495
77928, 1495
82971, 1495
89481, 1495
90837, 1495
150306, 1495
191566, 1495
199233, 1495
218372, 1495
226710, 1495
169842, 1494
171522, 1494
173017, 1494
181921, 1494
184148, 1494
188947, 1494
189409, 1494
189839, 1494
192464, 1494
198448, 1494
200146, 1494
202171, 1494
211500, 1494
213312, 1494
220886, 1494
231508, 1494
236604, 1494
243407, 1494
244288, 1494
254884, 1494
281341, 1494
285898, 1494
22341, 1492
23923, 1492
32387, 1492
75853, 1492
78185, 1492
88715, 1492
159791, 1492
230545, 1492
251526, 1492
34008, 1491
61694, 1491
73420, 1491
73925, 1491
223316, 1491
226629, 1491
230757, 1490
17711, 1489
31387, 1489
78193, 1489
82028, 1489
88136, 1489
104051, 1489
112982, 1489
113301, 1489
114869, 1489
123841, 1489
150249, 1489
182997, 1489
185351, 1489
35946, 1488
163415, 1488
238618, 1488
269988, 1488
99601, 1487
100939, 1487
204758, 1487
223408, 1487
250486, 1487
11288, 1486
33250, 1486
106466, 1485
120985, 1485
123590, 1485
185116, 1485
4162, 1484
71287, 1484
215579, 1484
78527, 1482
218012, 1480
129297, 1479
136949, 1479
140665, 1479
140735, 1479
144086, 1479
152809, 1479
176250, 1479
178837, 1479
190629, 1479
201138, 1479
258, 1478
45641, 1478
55640, 1478
107740, 1478
197334, 1478
75859, 1477
80787, 1477
92350, 1477
96130, 1477
127210, 1477
150150, 1477
162010, 1477
27523, 1476
46008, 1476
65710, 1476
166574, 1476
4055, 1474
47039, 1474
49244, 1474
66990, 1474
73207, 1474
149381, 1474
166233, 1474
182746, 1474
192698, 1474
199641, 1474
219031, 1474
220375, 1474
261675, 1474
122428, 1473
149636, 1473
192358, 1473
195798, 1473
237171, 1473
49072, 1472
86496, 1472
87290, 1472
108198, 1472
128733, 1472
144409, 1472
151808, 1472
170654, 1472
276156, 1472
287888, 1472
99409, 1471
251855, 1471
46255, 1470
68866, 1470
107656, 1470
140325, 1470
161326, 1470
220063, 1470
79204, 1469
79224, 1469
115253, 1469
160056, 1469
161131, 1469
163460, 1469
210680, 1469
215077, 1469
228149, 1469
245697, 1469
248421, 1469
266966, 1469
276777, 1469
287063, 1469
67803, 1468
264869, 1468
26455, 1467
144946, 1467
286922, 1467
154677, 1466
217051, 1466
253784, 1466
292393, 1466
92920, 1465
185292, 1465
40864, 1464
84753, 1464
205005, 1464
10260, 1463
82718, 1463
13504, 1462
23096, 1462
77767, 1462
187040, 1462
249140, 1462
270054, 1462
270985, 1462
273646, 1462
280203, 1462
289631, 1462
37110, 1461
78218, 1461
156406, 1461
186783, 1461
274326, 1461
276918, 1461
81985, 1459
9231, 1458
27687, 1458
236145, 1458
246305, 1458
247108, 1458
262764, 1458
37389, 1457
83633, 1457
5952, 1455
6212, 1455
30452, 1455
148006, 1455
204024, 1455
261773, 1455
8189, 1454
27767, 1454
68395, 1454
108490, 1454
162343, 1454
179527, 1454
242265, 1454
251936, 1454
282048, 1454
11834, 1453
30435, 1453
28514, 1452
88680, 1452
103703, 1452
183813, 1452
211707, 1452
230134, 1452
69303, 1451
254328, 1451
1011, 1450
42899, 1449
85072, 1449
277349, 1449
200026, 1448
282378, 1448
55603, 1447
93394, 1447
115722, 1447
163304, 1447
197329, 1447
239298, 1447
256409, 1447
13334, 1446
180557, 1446
291780, 1446
13014, 1444
20110, 1444
31220, 1444
41294, 1444
45488, 1444
64941, 1444
87285, 1444
124553, 1444
134991, 1444
156282, 1444
172591, 1444
254391, 1444
27576, 1443
85202, 1441
96004, 1441
105978, 1441
107870, 1441
112152, 1441
125570, 1441
127568, 1441
132204, 1441
143603, 1441
156380, 1441
159239, 1441
162862, 1441
169223, 1441
183918, 1441
185407, 1441
189624, 1441
189974, 1441
190207, 1441
192923, 1441
195657, 1441
196437, 1441
197416, 1441
202353, 1441
203991, 1441
211582, 1441
214085, 1441
214979, 1441
219506, 1441
221095, 1441
223587, 1441
224023, 1441
231057, 1441
233828, 1441
233930, 1441
234312, 1441
243240, 1441
249214, 1441
249718, 1441
252106, 1441
255034, 1441
258554, 1441
259604, 1441
262732, 1441
266848, 1441
266918, 1441
267026, 1441
267771, 1441
268953, 1441
270038, 1441
271480, 1441
272991, 1441
274038, 1441
277141, 1441
280658, 1441
284327, 1441
285549, 1441
286803, 1441
287707, 1441
287882, 1441
289370, 1441
289778, 1441
290406, 1441
291468, 1441
16987, 1440
51349, 1440
53437, 1440
55109, 1440
105934, 1440
136275, 1440
227328, 1440
6508, 1439
68074, 1439
93702, 1439
107609, 1439
107829, 1439
110884, 1439
120059, 1439
124725, 1439
139030, 1439
184727, 1439
206594, 1439
243682, 1439
246994, 1439
248543, 1439
256102, 1439
269563, 1439
273651, 1439
279272, 1439
287854, 1439
290854, 1439
293076, 1439
293539, 1439
185067, 1437
3548, 1436
17536, 1436
39786, 1435
78338, 1435
112640, 1435
165339, 1435
195374, 1435
210613, 1435
223351, 1435
229585, 1435
255234, 1435
256700, 1435
272538, 1435
275584, 1435
277798, 1435
279430, 1435
282262, 1435
6164, 1434
16433, 1434
40106, 1434
238447, 1434
67394, 1433
69537, 1433
76087, 1433
79730, 1433
126942, 1433
177583, 1433
181271, 1433
246614, 1433
255992, 1433
256670, 1433
272003, 1433
284557, 1433
285745, 1433
6803, 1431
65462, 1431
112624, 1431
56518, 1430
82277, 1430
100878, 1430
161244, 1430
135177, 1428
170013, 1428
202835, 1428
212551, 1428
228000, 1428
236611, 1428
240825, 1428
247180, 1428
249911, 1428
254392, 1428
265309, 1428
270364, 1428
276066, 1428
278262, 1428
292971, 1428
293573, 1428
295844, 1428
84142, 1426
76066, 1425
100686, 1425
116160, 1425
150008, 1425
160746, 1425
206701, 1425
232741, 1425
263438, 1425
272838, 1425
275530, 1425
285562, 1425
287838, 1425
292769, 1425
1160, 1424
98882, 1424
195742, 1424
216184, 1424
226332, 1424
246702, 1424
248227, 1424
255485, 1424
276753, 1424
96268, 1423
176674, 1423
15869, 1422
102078, 1422
138799, 1421
1542, 1420
42908, 1420
122883, 1420
266199, 1420
287830, 1420
49168, 1419
15119, 1418
73227, 1417
229173, 1417
244753, 1417
3347, 1416
25125, 1416
96064, 1416
239625, 1416
1734, 1415
32652, 1415
46972, 1415
154879, 1415
219649, 1415
5635, 1414
15643, 1414
69382, 1414
91164, 1414
100006, 1414
115634, 1414
134135, 1414
147820, 1414
240671, 1414
76759, 1413
2378, 1412
11243, 1412
12073, 1412
65967, 1411
111245, 1411
205585, 1411
14866, 1410
17553, 1410
24152, 1410
42729, 1410
77545, 1410
80444, 1410
88188, 1410
108171, 1410
110756, 1410
141087, 1410
212610, 1410
61784, 1408
88833, 1408
115648, 1408
215188, 1408
1379, 1407
21393, 1407
26977, 1407
43231, 1407
79606, 1407
90709, 1407
171925, 1407
216590, 1407
14511, 1406
88351, 1406
97430, 1404
109725, 1404
154212, 1404
32662, 1401
33379, 1401
33614, 1401
36496, 1401
39500, 1401
40433, 1401
42566, 1401
43039, 1401
52499, 1401
62084, 1401
69910, 1401
70310, 1401
77163, 1401
82217, 1401
159213, 1401
217668, 1401
257268, 1401
266004, 1401
292520, 1401
69172, 1400
121785, 1400
20653, 1398
25662, 1398
31417, 1398
63890, 1398
103633, 1398
118883, 1398
133763, 1398
166707, 1398
216868, 1398
285860, 1398
83134, 1397
50881, 1396
88006, 1396
163229, 1396
62830, 1395
80335, 1395
211624, 1395
262301, 1395
107559, 1393
223913, 1393
289357, 1393
261902, 1392
6250, 1391
197097, 1391
232553, 1391
150290, 1390
19151, 1389
121986, 1389
178841, 1389
26564, 1388
44112, 1388
79493, 1388
274509, 1388
26713, 1387
42084, 1387
94154, 1387
2682, 1386
32264, 1386
44068, 1386
44657, 1386
73562, 1386
103564, 1386
130516, 1386
150291, 1386
166567, 1386
172388, 1386
174027, 1386
181017, 1386
185904, 1386
194577, 1386
203207, 1386
215837, 1386
238409, 1386
239444, 1386
267958, 1386
56185, 1385
73456, 1385
789, 1384
13284, 1384
59567, 1384
199684, 1384
200848, 1384
2736, 1383
6173, 1383
71242, 1383
127624, 1383
133071, 1383
206083, 1383
281418, 1383
690, 1382
21267, 1382
31342, 1382
30645, 1381
205567, 1381
248169, 1381
261915, 1381
1441, 1380
6235, 1380
57616, 1380
102791, 1380
125938, 1380
131466, 1380
140261, 1380
143140, 1380
154059, 1380
161788, 1380
190543, 1380
192429, 1380
221883, 1380
248762, 1380
295572, 1380
4707, 1378
49506, 1378
116124, 1378
285435, 1378
289208, 1378
291656, 1378
38948, 1377
112963, 1377
162294, 1377
208504, 1377
228419, 1377
273543, 1377
274255, 1377
10438, 1376
33562, 1376
54888, 1376
78256, 1376
7427, 1375
16056, 1375
107691, 1375
9923, 1374
70597, 1373
152457, 1373
291374, 1373
3367, 1372
99344, 1372
64807, 1371
182822, 1371
229954, 1371
46896, 1370
49035, 1370
92069, 1370
186407, 1370
205935, 1370
239064, 1370
240253, 1370
270189, 1370
295123, 1370
132475, 1368
180620, 1368
226005, 1368
256245, 1368
103472, 1367
245233, 1367
146451, 1366
182490, 1366
11973, 1365
12928, 1365
130123, 1365
142356, 1365
145497, 1365
191651, 1365
197243, 1365
198812, 1365
291012, 1365
5158, 1364
25519, 1364
86739, 1364
131314, 1364
169334, 1364
182711, 1364
183218, 1364
205489, 1364
213579, 1364
229254, 1364
253473, 1364
7456, 1363
31344, 1363
47242, 1363
95387, 1363
153917, 1363
176711, 1363
57095, 1362
70040, 1362
84611, 1362
287950, 1362
13121, 1361
42066, 1361
215949, 1361
238807, 1361
46907, 1360
72722, 1360
74130, 1360
75844, 1360
88255, 1360
93035, 1360
110095, 1360
137577, 1360
172898, 1360
194456, 1360
247716, 1360
278680, 1360
46249, 1359
19481, 1358
37598, 1358
39327, 1358
42332, 1358
65431, 1358
102244, 1358
145377, 1358
34251, 1357
65283, 1357
76979, 1357
86301, 1357
94372, 1357
133681, 1357
148606, 1357
154923, 1357
239943, 1357
236739, 1356
19031, 1355
217672, 1355
7505, 1354
14572, 1354
36810, 1354
102667, 1354
105021, 1354
169047, 1354
195738, 1354
268030, 1354
46852, 1353
201447, 1352
260067, 1352
33412, 1351
61719, 1351
114899, 1351
117429, 1351
125267, 1351
175428, 1351
104635, 1350
144675, 1350
927, 1348
1778, 1348
3746, 1348
83052, 1348
88938, 1348
109583, 1348
126115, 1348
132707, 1348
157887, 1348
200559, 1348
208442, 1348
208942, 1348
222472, 1348
231696, 1348
243138, 1348
273738, 1348
273921, 1348
282962, 1348
15505, 1347
26478, 1347
89849, 1347
105926, 1347
184097, 1347
51183, 1346
123033, 1346
13233, 1345
52144, 1345
255639, 1345
275314, 1345
281420, 1345
118029, 1344
260031, 1344
44311, 1343
74269, 1343
78435, 1343
111594, 1343
127956, 1343
193714, 1343
293995, 1343
102265, 1342
151749, 1342
236751, 1342
283699, 1342
31327, 1341
63859, 1341
97288, 1341
151322, 1341
154713, 1341
168454, 1341
179943, 1341
241610, 1341
278348, 1341
54877, 1340
57137, 1340
65929, 1340
73185, 1340
91169, 1340
106291, 1340
128944, 1340
212318, 1340
236585, 1340
25148, 1339
30326, 1339
66538, 1339
68689, 1339
69113, 1339
87571, 1339
133786, 1339
143879, 1339
166546, 1339
170139, 1339
221137, 1339
226121, 1339
265446, 1339
268101, 1339
92981, 1338
241382, 1338
43818, 1336
55270, 1336
68941, 1336
81928, 1336
83773, 1336
205109, 1336
209738, 1336
4963, 1335
14015, 1335
17878, 1335
22112, 1335
28075, 1335
29888, 1335
33265, 1335
57929, 1335
77401, 1335
90438, 1335
92743, 1335
95186, 1335
106028, 1335
113171, 1335
120203, 1335
142611, 1335
149344, 1335
154734, 1335
171652, 1335
174358, 1335
177043, 1335
190444, 1335
192763, 1335
204179, 1335
225959, 1335
228372, 1335
236584, 1335
244312, 1335
256952, 1335
278778, 1335
290278, 1335
291146, 1335
1551, 1334
1733, 1334
2027, 1334
2034, 1334
57317, 1334
171014, 1334
235050, 1334
1013, 1333
3991, 1332
9185, 1332
12101, 1332
40811, 1332
50429, 1332
51483, 1332
64744, 1332
65030, 1332
258093, 1332
6310, 1331
116979, 1331
277619, 1331
46442, 1330
71976, 1330
88480, 1330
122509, 1330
123070, 1330
175113, 1330
227578, 1330
271465, 1330
12032, 1328
292863, 1328
25610, 1327
33695, 1327
39283, 1327
46977, 1327
87196, 1327
111872, 1327
122633, 1327
129169, 1327
176085, 1327
194596, 1327
202134, 1327
294384, 1327
134749, 1326
189830, 1326
195902, 1326
217133, 1326
222951, 1326
232521, 1326
17473, 1325
103286, 1325
123600, 1325
77292, 1324
255547, 1324
259299, 1324
11363, 1323
72511, 1323
131263, 1323
29879, 1322
58305, 1322
61512, 1322
75992, 1322
147749, 1322
247852, 1322
254038, 1322
19092, 1321
134663, 1321
147197, 1321
210351, 1321
4870, 1320
83818, 1320
89140, 1320
26009, 1318
27643, 1318
25174, 1317
43228, 1317
52366, 1317
116570, 1317
126581, 1317
158544, 1317
162218, 1317
174196, 1317
181232, 1317
187193, 1317
205422, 1317
221060, 1317
276723, 1317
31486, 1316
43833, 1316
134608, 1316
210, 1315
1706, 1315
10290, 1315
179358, 1315
11425, 1314
77206, 1314
168610, 1314
39037, 1313
42063, 1313
48343, 1313
61345, 1313
64810, 1313
67355, 1313
68628, 1313
77059, 1313
98522, 1313
123436, 1313
243247, 1313
276535, 1313
121763, 1312
276105, 1312
1044, 1311
92531, 1311
37339, 1310
58229, 1310
156890, 1310
247945, 1310
18682, 1309
19216, 1309
28201, 1309
103106, 1309
222630, 1309
255922, 1309
12403, 1308
15694, 1308
52215, 1308
12416, 1307
24591, 1307
28886, 1307
30383, 1307
36949, 1307
122302, 1307
123943, 1307
146437, 1307
147748, 1307
170785, 1307
171591, 1307
175879, 1307
183083, 1307
192160, 1307
213068, 1307
218113, 1307
220110, 1307
263923, 1307
277628, 1307
18139, 1306
25163, 1306
104307, 1306
105825, 1306
221846, 1306
22446, 1305
29034, 1305
40368, 1305
82059, 1305
145217, 1305
153752, 1305
164245, 1305
186219, 1305
2425, 1304
14159, 1304
58667, 1304
86211, 1304
150644, 1304
176677, 1304
426, 1303
35507, 1303
41647, 1303
47211, 1303
135993, 1303
146068, 1303
180842, 1303
220734, 1303
240717, 1303
248715, 1303
234586, 1302
61043, 1301
251664, 1301
18373, 1300
28027, 1300
15509, 1299
18769, 1299
57600, 1299
85344, 1299
86515, 1299
176939, 1299
11169, 1298
98306, 1298
137688, 1298
145471, 1298
213759, 1298
28189, 1297
75319, 1297
78003, 1297
224822, 1297
21714, 1296
32595, 1296
65798, 1296
66876, 1296
79996, 1296
91651, 1296
108180, 1296
113246, 1296
140557, 1296
204009, 1296
217869, 1296
252747, 1296
60222, 1295
62672, 1295
182881, 1295
232153, 1295
263194, 1295
86001, 1293
184739, 1293
214313, 1293
292891, 1293
6602, 1292
7929, 1292
12157, 1292
22915, 1292
41390, 1292
41940, 1292
46137, 1292
47429, 1292
94486, 1292
97858, 1292
117091, 1292
263745, 1292
5131, 1291
32201, 1290
62133, 1290
107175, 1290
133922, 1290
160145, 1290
14011, 1289
35075, 1289
47801, 1289
9696, 1288
32733, 1288
40840, 1288
171739, 1288
225984, 1288
19644, 1287
147009, 1287
198840, 1286
12843, 1285
63902, 1285
67682, 1285
69381, 1285
96571, 1285
106193, 1285
116872, 1285
123380, 1285
130359, 1285
140213, 1285
170136, 1285
275423, 1285
284928, 1285
88605, 1284
102456, 1284
119261, 1284
122532, 1284
163767, 1284
210630, 1284
222415, 1284
97292, 1283
51223, 1282
87942, 1282
116994, 1282
215673, 1282
236479, 1282
251651, 1282
36694, 1281
36871, 1281
74079, 1281
91674, 1281
104851, 1281
271975, 1281
114755, 1280
126068, 1279
139882, 1279
150813, 1279
214022, 1279
293414, 1279
8815, 1278
55219, 1278
70691, 1278
164464, 1278
185239, 1278
194263, 1278
244588, 1278
255269, 1278
16235, 1277
20519, 1277
20688, 1277
55304, 1277
88602, 1277
97137, 1277
115404, 1277
163300, 1277
219695, 1277
241758, 1277
257453, 1277
5743, 1276
117951, 1276
140858, 1276
170842, 1276
43899, 1275
108614, 1275
1179, 1274
35692, 1274
39928, 1274
55325, 1274
57854, 1274
85937, 1274
87402, 1274
107438, 1274
109155, 1274
116628, 1274
117449, 1274
119786, 1274
127095, 1274
133136, 1274
146057, 1274
167626, 1274
170326, 1274
170971, 1274
176326, 1274
217323, 1274
247328, 1274
268157, 1274
7419, 1273
35653, 1273
88417, 1273
7201, 1272
12213, 1272
19158, 1272
30274, 1272
68371, 1272
75526, 1272
88940, 1272
97829, 1272
103830, 1272
104058, 1272
105771, 1272
124026, 1272
131523, 1272
149788, 1272
187215, 1272
204979, 1272
225261, 1272
267443, 1272
288776, 1272
289521, 1272
291746, 1272
7886, 1271
9821, 1271
22308, 1271
30692, 1271
46919, 1271
89260, 1271
129315, 1271
246058, 1271
4772, 1270
8901, 1270
32450, 1270
73836, 1270
111295, 1270
248410, 1270
23690, 1269
52497, 1269
106010, 1269
146203, 1269
242836, 1269
285046, 1269
27050, 1268
65872, 1268
99427, 1268
106749, 1268
125656, 1268
16528, 1267
42839, 1267
104813, 1267
169486, 1267
188304, 1267
62898, 1266
144104, 1266
147120, 1266
77656, 1265
98360, 1265
115448, 1265
117251, 1265
136537, 1265
150709, 1265
24836, 1264
33173, 1264
90725, 1264
96169, 1264
97693, 1264
118488, 1264
271501, 1264
38391, 1263
169937, 1263
190238, 1263
243854, 1263
571, 1262
900, 1262
1168, 1262
4856, 1262
4931, 1262
25390, 1262
37631, 1262
39946, 1262
67677, 1262
109778, 1262
165497, 1262
236203, 1262
271988, 1260
273634, 1260
285251, 1260
4521, 1259
152310, 1259
35665, 1258
73362, 1258
128684, 1258
214116, 1258
265234, 1258
7384, 1257
12196, 1257
50100, 1257
74443, 1257
103504, 1257
149884, 1257
163285, 1257
180295, 1257
180954, 1257
185203, 1257
216395, 1257
235547, 1257
239159, 1257
239356, 1257
245469, 1257
248260, 1257
288893, 1257
49296, 1256
59290, 1256
111154, 1256
212851, 1256
217020, 1256
261921, 1256
280889, 1256
3839, 1255
42892, 1255
72561, 1255
199582, 1255
218005, 1255
284950, 1255
12931, 1254
50770, 1254
147983, 1254
203772, 1254
3079, 1253
29626, 1253
68375, 1253
261563, 1253
27037, 1252
72415, 1252
80510, 1252
162529, 1252
10861, 1251
175587, 1251
225990, 1251
277204, 1251
291405, 1251
170772, 1250
221936, 1250
224117, 1250
136494, 1249
156498, 1249
165321, 1249
55429, 1248
104916, 1248
112011, 1248
139756, 1248
217453, 1248
11229, 1247
22836, 1247
30858, 1247
31816, 1247
134085, 1247
172927, 1247
180604, 1247
205703, 1247
267438, 1247
31364, 1246
38946, 1246
39237, 1246
49148, 1246
55966, 1246
57145, 1246
68566, 1246
69161, 1246
69788, 1246
72747, 1246
74442, 1246
80180, 1246
81834, 1246
85954, 1246
91107, 1246
92246, 1246
93466, 1246
99250, 1246
111146, 1246
112160, 1246
112332, 1246
114072, 1246
123911, 1246
124125, 1246
132704, 1246
134738, 1246
141401, 1246
151456, 1246
155276, 1246
159968, 1246
170813, 1246
171386, 1246
177707, 1246
179444, 1246
184782, 1246
188470, 1246
190856, 1246
191589, 1246
200965, 1246
204843, 1246
207254, 1246
224232, 1246
225795, 1246
235035, 1246
243776, 1246
250843, 1246
251968, 1246
252654, 1246
253362, 1246
255438, 1246
263328, 1246
263774, 1246
265050, 1246
265603, 1246
266415, 1246
285149, 1246
291663, 1246
292717, 1246
4962, 1245
12631, 1245
15029, 1245
143099, 1245
147122, 1245
260444, 1245
38622, 1243
109696, 1243
17670, 1242
34327, 1242
43970, 1242
75778, 1242
183470, 1242
259291, 1242
84185, 1241
109175, 1241
134988, 1241
137378, 1241
159251, 1241
217898, 1241
268073, 1241
82809, 1240
23472, 1239
154291, 1239
202463, 1239
204264, 1239
252972, 1239
256531, 1239
24546, 1238
52272, 1238
187723, 1238
33564, 1237
70303, 1237
102106, 1237
119845, 1237
132870, 1237
162882, 1237
194131, 1237
208138, 1237
232070, 1237
64863, 1236
71987, 1236
175826, 1236
218900, 1236
29562, 1235
119594, 1235
122872, 1235
131002, 1235
272393, 1235
113491, 1234
271, 1233
9222, 1233
37989, 1233
105945, 1233
216351, 1233
278674, 1233
14224, 1232
17332, 1232
29050, 1232
34177, 1232
38389, 1232
54356, 1232
58336, 1232
66428, 1232
89705, 1232
100869, 1232
109076, 1232
126443, 1232
212818, 1232
10946, 1231
39053, 1231
60585, 1231
68729, 1231
136652, 1231
139889, 1231
186548, 1231
215938, 1231
257052, 1231
263580, 1231
267428, 1231
3786, 1230
16510, 1230
20468, 1230
47296, 1230
62710, 1230
111306, 1230
214482, 1230
280464, 1230
286213, 1230
45595, 1228
47327, 1228
80409, 1228
94100, 1228
99070, 1228
100413, 1228
165336, 1228
169649, 1228
190740, 1228
225086, 1228
288043, 1228
44845, 1227
82622, 1227
99061, 1227
116134, 1227
134068, 1227
7823, 1226
60552, 1226
118362, 1226
177040, 1226
264911, 1226
5871, 1225
55659, 1225
105308, 1225
197512, 1225
30409, 1224
91208, 1224
242813, 1224
22011, 1223
96024, 1223
99024, 1223
122278, 1223
156560, 1223
191983, 1223
234722, 1223
256894, 1223
258230, 1223
8507, 1222
106985, 1222
123315, 1222
139714, 1222
203008, 1222
147119, 1221
63747, 1220
81425, 1220
219659, 1220
246460, 1220
6475, 1219
15673, 1219
73164, 1219
144011, 1219
4452, 1218
12523, 1218
119264, 1218
188551, 1218
250448, 1218
290671, 1218
20369, 1217
41959, 1217
74349, 1217
81557, 1217
83174, 1217
86847, 1217
101298, 1217
113715, 1217
132563, 1217
132969, 1217
189809, 1217
209770, 1217
255350, 1217
294392, 1217
97787, 1216
280065, 1216
117162, 1215
245181, 1215
18605, 1214
69756, 1214
23356, 1213
39380, 1213
55308, 1213
72332, 1213
212322, 1213
13569, 1212
35298, 1212
93472, 1212
134328, 1212
141048, 1212
145521, 1212
162547, 1212
187779, 1212
234815, 1212
246270, 1212
41327, 1211
72471, 1211
122617, 1211
5213, 1210
15129, 1210
24783, 1210
28604, 1210
46887, 1210
85429, 1210
169218, 1210
262337, 1210
67406, 1209
70506, 1209
126823, 1209
212812, 1209
247521, 1209
13431, 1208
20624, 1208
40153, 1208
49374, 1208
56987, 1208
130655, 1208
280507, 1208
2256, 1207
36295, 1207
39955, 1207
167862, 1207
257376, 1207
5235, 1206
17383, 1206
19747, 1206
37377, 1206
210728, 1206
216328, 1206
65292, 1205
75436, 1205
130298, 1205
184376, 1205
242577, 1205
11160, 1204
15452, 1204
17318, 1204
22073, 1204
25951, 1204
26475, 1204
33016, 1204
34716, 1204
41532, 1204
46621, 1204
48018, 1204
54189, 1204
65035, 1204
72748, 1204
218606, 1204
274159, 1204
95048, 1203
122497, 1203
193369, 1203
194243, 1203
8605, 1202
75136, 1202
141063, 1202
473, 1201
19346, 1201
27148, 1201
179429, 1201
266642, 1201
277108, 1201
295811, 1201
2758, 1200
115883, 1200
120091, 1200
120501, 1200
129540, 1200
239580, 1200
249190, 1200
289330, 1200
109825, 1199
119457, 1199
120799, 1199
182966, 1199
215586, 1199
16604, 1198
39358, 1198
157902, 1198
193661, 1198
217604, 1198
1702, 1197
5028, 1197
12763, 1197
47518, 1197
77060, 1197
211521, 1197
276893, 1197
287963, 1197
60947, 1196
206704, 1196
250173, 1196
14742, 1195
24536, 1195
95281, 1195
156972, 1195
48709, 1194
92831, 1194
172225, 1194
8647, 1193
9106, 1193
9863, 1193
13309, 1193
38501, 1193
61896, 1193
63335, 1193
92834, 1193
144921, 1193
4263, 1192
40721, 1192
151841, 1192
162293, 1192
7410, 1190
20461, 1190
77104, 1190
130766, 1190
163067, 1190
167710, 1190
266189, 1190
278283, 1190
6949, 1189
9321, 1189
51693, 1189
121765, 1189
258512, 1189
2919, 1188
31625, 1188
69965, 1188
88189, 1188
128010, 1188
154238, 1188
159223, 1188
175525, 1188
200519, 1188
235290, 1188
3050, 1187
40865, 1187
56107, 1187
66139, 1187
67655, 1187
126049, 1187
219226, 1187
223066, 1187
10667, 1186
13614, 1186
102027, 1186
109658, 1186
492, 1185
554, 1185
4476, 1185
29581, 1185
74580, 1185
112830, 1185
183219, 1185
240609, 1185
403, 1184
4443, 1184
5747, 1184
7267, 1184
37956, 1184
71077, 1184
74926, 1184
135596, 1184
196642, 1184
35849, 1183
232409, 1183
113243, 1182
19202, 1181
30192, 1181
33116, 1181
36102, 1181
56467, 1181
67765, 1181
175754, 1181
180001, 1181
276316, 1181
281541, 1181
8695, 1180
149398, 1180
150021, 1180
173811, 1180
219762, 1180
22005, 1179
33352, 1179
47322, 1177
81168, 1177
143990, 1177
1372, 1176
1557, 1176
16329, 1176
22302, 1176
88194, 1176
120965, 1176
124940, 1176
167985, 1176
254094, 1176
265435, 1176
1721, 1175
29557, 1175
39629, 1175
81520, 1175
99421, 1175
131109, 1175
186297, 1175
1471, 1174
1496, 1174
105951, 1174
171901, 1174
1950, 1173
7232, 1173
9036, 1173
26848, 1173
28022, 1173
38722, 1173
48541, 1173
54128, 1173
55215, 1173
66140, 1173
76695, 1173
159359, 1173
192988, 1173
4508, 1172
9273, 1172
45536, 1172
67995, 1172
105292, 1172
140565, 1172
153967, 1172
206365, 1172
223773, 1172
247171, 1172
5120, 1170
10693, 1170
28897, 1170
72534, 1170
116285, 1170
119659, 1170
146571, 1170
195468, 1170
31924, 1169
47756, 1169
134882, 1169
146719, 1169
193108, 1169
222094, 1169
487, 1168
43815, 1168
43942, 1168
59555, 1168
179932, 1168
186595, 1168
285290, 1168
23788, 1167
36433, 1167
51262, 1166
62397, 1166
111319, 1166
114558, 1166
201548, 1166
237905, 1166
52831, 1165
58867, 1165
6899, 1164
9735, 1164
18640, 1164
24518, 1164
34196, 1164
128900, 1164
156589, 1164
195875, 1164
196696, 1164
1059, 1163
2941, 1163
18843, 1162
42950, 1162
102229, 1162
127321, 1162
76493, 1161
280386, 1161
57663, 1160
102770, 1160
210770, 1160
240095, 1160
275679, 1160
1316, 1159
26392, 1159
37289, 1159
50847, 1159
144746, 1159
214385, 1159
234015, 1159
2036, 1158
7182, 1158
12310, 1158
41654, 1158
72283, 1158
110505, 1158
150152, 1158
75100, 1157
246430, 1157
134066, 1156
193755, 1156
8707, 1155
50443, 1155
51476, 1155
61541, 1155
74893, 1155
75137, 1155
85388, 1155
92059, 1155
93772, 1155
95104, 1155
100194, 1155
106414, 1155
109860, 1155
112164, 1155
128051, 1155
128841, 1155
137216, 1155
141420, 1155
142728, 1155
150438, 1155
152524, 1155
153652, 1155
156020, 1155
159354, 1155
167558, 1155
187944, 1155
192322, 1155
202600, 1155
203359, 1155
206425, 1155
207214, 1155
214567, 1155
226129, 1155
231715, 1155
244625, 1155
248064, 1155
249064, 1155
252763, 1155
261502, 1155
263677, 1155
272325, 1155
277897, 1155
293101, 1155
77551, 1154
96394, 1154
136721, 1154
136934, 1154
140610, 1154
142225, 1154
150593, 1154
152553, 1154
163941, 1154
171394, 1154
172733, 1154
177722, 1154
185185, 1154
190809, 1154
194337, 1154
195678, 1154
202929, 1154
215985, 1154
225022, 1154
231061, 1154
231799, 1154
233328, 1154
239651, 1154
241436, 1154
259664, 1154
269190, 1154
45549, 1153
1439, 1152
1678, 1152
106986, 1152
275050, 1152
289508, 1152
291818, 1152
3359, 1151
21050, 1151
130356, 1151
207897, 1151
263914, 1151
265943, 1151
2573, 1150
11005, 1150
10263, 1149
135334, 1149
140094, 1149
276645, 1149
1330, 1148
20830, 1148
41435, 1148
77332, 1148
127938, 1148
184453, 1148
2185, 1147
5255, 1147
7617, 1147
49486, 1147
84631, 1147
179263, 1147
185691, 1147
227583, 1147
231453, 1147
40560, 1146
89177, 1146
187267, 1146
13073, 1145
21221, 1145
51419, 1145
64599, 1145
69347, 1145
84037, 1145
109508, 1145
138912, 1145
172245, 1145
178914, 1145
191319, 1145
208244, 1145
225738, 1145
245218, 1145
257802, 1145
293264, 1145
295873, 1145
34787, 1144
35415, 1144
43015, 1144
61807, 1144
66507, 1144
72915, 1144
84923, 1144
122224, 1144
162610, 1144
231738, 1144
272521, 1144
12182, 1143
23022, 1143
133222, 1143
243756, 1143
255183, 1143
279052, 1143
209912, 1142
105324, 1141
148165, 1141
176324, 1141
289711, 1141
649, 1140
4510, 1140
4516, 1140
4773, 1140
17597, 1140
52442, 1140
89059, 1140
93290, 1140
106648, 1140
107548, 1140
124745, 1140
148800, 1140
212399, 1140
224914, 1140
235261, 1140
265396, 1140
285914, 1140
296211, 1140
4169, 1139
6247, 1139
55566, 1139
118668, 1139
201190, 1139
7877, 1138
55411, 1138
120756, 1138
189684, 1138
242411, 1138
21, 1137
7744, 1137
49683, 1137
78661, 1137
138217, 1137
161843, 1137
23813, 1136
62490, 1136
103908, 1136
270097, 1136
294082, 1136
6660, 1135
8419, 1135
16212, 1135
67013, 1135
73767, 1135
94446, 1135
113450, 1135
204000, 1135
734, 1134
12751, 1134
28605, 1134
98817, 1134
25647, 1133
28311, 1133
45253, 1133
119028, 1133
150882, 1133
215763, 1133
280910, 1133
15087, 1132
73041, 1132
79413, 1132
80076, 1132
96118, 1132
119199, 1132
142756, 1132
208441, 1132
238402, 1132
18626, 1131
20, 1130
16499, 1130
80400, 1130
106891, 1130
117822, 1130
125446, 1130
177638, 1130
217653, 1130
242091, 1130
254077, 1130
1448, 1129
17218, 1129
35950, 1129
39945, 1129
65067, 1129
104198, 1129
109434, 1129
129562, 1129
168707, 1129
169130, 1129
183759, 1129
206043, 1129
294472, 1129
20309, 1128
67918, 1128
108830, 1128
135618, 1128
143155, 1128
154305, 1128
169656, 1128
170476, 1128
230231, 1128
231381, 1128
238406, 1128
52294, 1127
76327, 1127
110623, 1127
146622, 1127
296566, 1127
15652, 1126
27223, 1126
138926, 1126
240676, 1126
275922, 1126
111567, 1125
135946, 1125
270257, 1125
106126, 1124
115779, 1124
128417, 1124
157163, 1124
196120, 1124
44960, 1123
53305, 1123
66031, 1123
96905, 1123
107078, 1123
247686, 1123
259283, 1123
262280, 1123
271580, 1123
25384, 1122
32079, 1122
40684, 1122
45925, 1122
56025, 1122
103436, 1122
112352, 1122
210138, 1122
267567, 1122
272736, 1122
5780, 1121
12729, 1121
79610, 1121
80719, 1121
194453, 1121
244720, 1121
10959, 1120
32542, 1120
32949, 1120
64656, 1120
153437, 1120
156500, 1120
163051, 1120
177267, 1120
197870, 1120
90940, 1119
181693, 1119
232734, 1119
127959, 1118
170610, 1118
216820, 1118
16937, 1117
26342, 1117
71807, 1117
84353, 1117
99433, 1117
185680, 1117
275490, 1117
29922, 1116
216076, 1116
250780, 1116
5944, 1115
37870, 1115
64141, 1115
82611, 1115
91361, 1115
102405, 1115
116645, 1115
211921, 1115
223270, 1115
244689, 1115
254883, 1115
280577, 1115
295266, 1115
296230, 1115
4677, 1114
6707, 1114
16721, 1114
17464, 1114
24650, 1114
35833, 1114
36532, 1114
55680, 1114
56864, 1114
86075, 1114
140841, 1114
147425, 1114
175265, 1114
260234, 1114
14458, 1113
58966, 1113
107574, 1113
210652, 1113
222188, 1113
1387, 1112
8839, 1112
21863, 1112
50260, 1112
65684, 1112
95148, 1112
123088, 1112
132009, 1112
221112, 1112
283128, 1112
1357, 1111
39243, 1111
50144, 1111
92786, 1111
7628, 1110
8512, 1110
9946, 1110
11408, 1110
12030, 1110
40486, 1110
61118, 1110
96415, 1110
126628, 1110
134434, 1110
137123, 1110
143014, 1110
149944, 1110
152539, 1110
154275, 1110
155375, 1110
158244, 1110
165766, 1110
170405, 1110
176001, 1110
198815, 1110
240027, 1110
240834, 1110
241781, 1110
250576, 1110
256073, 1110
261949, 1110
268190, 1110
273957, 1110
19978, 1109
27168, 1109
83338, 1109
138859, 1109
164556, 1109
219292, 1109
284813, 1109
20564, 1108
26702, 1108
32448, 1108
63231, 1108
69895, 1108
142305, 1108
147339, 1108
152279, 1108
225730, 1108
296478, 1108
76762, 1107
225905, 1107
1814, 1106
132691, 1106
1756, 1105
28583, 1105
140759, 1105
144060, 1105
169088, 1105
195004, 1105
247898, 1105
275989, 1105
22689, 1104
31332, 1104
60043, 1104
134830, 1104
178577, 1104
277255, 1104
284513, 1104
1784, 1103
1997, 1103
2641, 1103
32502, 1103
43122, 1103
44555, 1103
87649, 1103
100063, 1103
103579, 1103
127270, 1103
137134, 1103
138767, 1103
170863, 1103
198631, 1103
205929, 1103
216916, 1103
217055, 1103
247894, 1103
260153, 1103
261454, 1103
281895, 1103
5098, 1102
13386, 1102
19153, 1102
32484, 1102
34333, 1102
39620, 1102
48305, 1102
58304, 1102
64108, 1102
72033, 1102
95168, 1102
113416, 1102
113760, 1102
173995, 1102
219076, 1102
270422, 1102
12250, 1101
20318, 1101
23519, 1101
35090, 1101
51435, 1101
55901, 1101
64971, 1101
85847, 1101
89591, 1101
98577, 1101
123605, 1101
136357, 1101
173907, 1101
177797, 1101
213432, 1101
221202, 1101
222990, 1101
256951, 1101
267943, 1101
277689, 1101
289626, 1101
104021, 1100
186604, 1100
23028, 1099
49657, 1099
50210, 1099
81284, 1099
89773, 1099
90368, 1099
96185, 1099
97815, 1099
106140, 1099
147846, 1099
161595, 1099
221143, 1099
224481, 1099
243377, 1099
248763, 1099
207296, 1098
20289, 1097
46801, 1097
60950, 1097
62350, 1097
90546, 1097
96113, 1097
152725, 1097
163162, 1097
184744, 1097
211909, 1097
213124, 1097
250408, 1097
261584, 1097
286167, 1097
287180, 1097
2873, 1096
58850, 1096
87288, 1096
203212, 1096
230992, 1096
266893, 1095
273616, 1095
22239, 1094
41416, 1094
179589, 1094
222333, 1094
43389, 1093
81344, 1093
88777, 1093
147446, 1093
10529, 1092
20129, 1092
26500, 1092
34078, 1092
35453, 1092
43462, 1092
48959, 1092
54744, 1092
56978, 1092
58556, 1092
60509, 1092
65478, 1092
93156, 1092
99247, 1092
110110, 1092
113213, 1092
128048, 1092
136888, 1092
141148, 1092
143238, 1092
148777, 1092
149506, 1092
155604, 1092
163145, 1092
176706, 1092
189873, 1092
195266, 1092
201358, 1092
223556, 1092
234776, 1092
250544, 1092
282972, 1092
288590, 1092
290918, 1092
295277, 1092
1370, 1091
6054, 1091
13373, 1091
17081, 1091
19948, 1091
22963, 1091
29473, 1091
33924, 1091
38341, 1091
45352, 1091
45390, 1091
46312, 1091
49467, 1091
50396, 1091
51029, 1091
60392, 1091
60505, 1091
84164, 1091
88438, 1091
91870, 1091
92015, 1091
92890, 1091
97256, 1091
101318, 1091
118912, 1091
146720, 1091
152262, 1091
153317, 1091
153472, 1091
163282, 1091
172593, 1091
174631, 1091
190397, 1091
205941, 1091
221244, 1091
246613, 1091
289003, 1091
1332, 1090
2196, 1090
30928, 1090
68571, 1090
131195, 1090
176447, 1090
195844, 1090
250032, 1090
255711, 1090
285709, 1090
4916, 1089
15858, 1089
29636, 1089
39713, 1089
54868, 1089
113592, 1089
114941, 1089
200894, 1089
80971, 1088
18434, 1087
110667, 1087
116856, 1087
133772, 1087
272394, 1087
284843, 1087
10812, 1086
40203, 1086
62605, 1086
65561, 1086
65875, 1086
102574, 1086
103930, 1086
105315, 1086
106847, 1086
108722, 1086
151488, 1086
154098, 1086
157332, 1086
162967, 1086
167005, 1086
168894, 1086
173880, 1086
186325, 1086
188858, 1086
189269, 1086
195467, 1086
198601, 1086
199126, 1086
203395, 1086
210043, 1086
214967, 1086
220618, 1086
238214, 1086
240509, 1086
240734, 1086
242518, 1086
247331, 1086
250248, 1086
262138, 1086
263132, 1086
268706, 1086
270473, 1086
270921, 1086
271488, 1086
271834, 1086
273268, 1086
281594, 1086
289781, 1086
292300, 1086
117552, 1085
124207, 1085
139558, 1085
165209, 1085
200290, 1085
239996, 1085
29321, 1084
84633, 1084
91763, 1084
136767, 1084
143374, 1084
155686, 1084
208870, 1084
293927, 1084
9571, 1083
15941, 1083
141800, 1083
143615, 1083
170517, 1083
193556, 1083
148398, 1082
21949, 1081
37018, 1081
41633, 1081
45726, 1081
60977, 1081
125706, 1081
135742, 1081
160183, 1081
171139, 1081
185272, 1081
216455, 1081
253487, 1081
8283, 1080
65003, 1080
88029, 1080
192277, 1080
223715, 1080
233486, 1080
251376, 1080
289124, 1080
660, 1079
39411, 1079
40302, 1079
41036, 1079
85468, 1079
115755, 1079
247071, 1079
785, 1078
12090, 1078
16312, 1078
25060, 1078
70312, 1078
159106, 1078
204549, 1078
208931, 1078
258987, 1078
1368, 1077
7350, 1077
14620, 1077
28953, 1077
34935, 1077
54524, 1077
59363, 1077
75636, 1077
131247, 1077
156836, 1077
168231, 1077
171799, 1077
189277, 1077
192008, 1077
283990, 1077
113820, 1076
17980, 1075
47062, 1075
82346, 1075
111637, 1075
173471, 1075
200181, 1075
273067, 1075
15295, 1074
43445, 1074
70642, 1074
130812, 1074
5476, 1073
7491, 1073
7851, 1073
8049, 1073
8895, 1073
8983, 1073
9070, 1073
13017, 1073
15407, 1073
17545, 1073
17835, 1073
19531, 1073
24962, 1073
26870, 1073
28624, 1073
36271, 1073
43712, 1073
44486, 1073
48839, 1073
59189, 1073
71466, 1073
72847, 1073
85153, 1073
87741, 1073
87903, 1073
91439, 1073
92076, 1073
94378, 1073
97917, 1073
100711, 1073
111545, 1073
117470, 1073
125057, 1073
127851, 1073
140632, 1073
143206, 1073
147652, 1073
156943, 1073
170019, 1073
175780, 1073
181518, 1073
209474, 1073
216107, 1073
217719, 1073
217902, 1073
234085, 1073
234599, 1073
237470, 1073
241446, 1073
244108, 1073
258229, 1073
261499, 1073
268710, 1073
273263, 1073
274936, 1073
287710, 1073
289361, 1073
290233, 1073
854, 1072
40591, 1072
172197, 1072
5449, 1071
194457, 1071
220649, 1071
201579, 1070
204168, 1070
204625, 1070
223230, 1070
267678, 1070
278319, 1070
286457, 1070
4695, 1069
7881, 1069
16402, 1069
19133, 1069
37748, 1069
64791, 1069
72891, 1069
74473, 1069
88713, 1069
106196, 1069
108297, 1069
141387, 1069
150170, 1069
165498, 1069
176415, 1069
216885, 1069
262223, 1069
14357, 1068
90266, 1068
104415, 1068
132599, 1068
231473, 1068
257837, 1068
277667, 1068
293117, 1068
13347, 1067
32589, 1067
63299, 1067
67907, 1067
77043, 1067
89270, 1067
136793, 1067
166808, 1067
177408, 1067
215725, 1067
11434, 1066
18409, 1066
21358, 1066
51983, 1066
116299, 1066
185772, 1066
192166, 1066
292519, 1066
3613, 1065
15153, 1065
127697, 1065
131508, 1065
139370, 1065
141948, 1065
150080, 1065
195437, 1065
275391, 1065
1214, 1064
148417, 1064
183545, 1064
205739, 1064
263758, 1064
916, 1063
6363, 1063
15847, 1063
33338, 1063
35619, 1063
79421, 1063
102359, 1063
106973, 1063
112703, 1063
117380, 1063
117642, 1063
133996, 1063
160829, 1063
170214, 1063
195435, 1063
217620, 1063
225516, 1063
230482, 1063
235426, 1063
236239, 1063
254224, 1063
286576, 1063
287364, 1063
23054, 1062
34188, 1062
116593, 1062
212115, 1062
230312, 1062
279366, 1062
1297, 1061
3606, 1061
10686, 1061
11501, 1061
16547, 1061
33172, 1061
37213, 1061
39440, 1061
64189, 1061
82423, 1061
88241, 1061
93656, 1061
121373, 1061
126355, 1061
127346, 1061
139685, 1061
144400, 1061
148024, 1061
156349, 1061
160148, 1061
177007, 1061
180838, 1061
185233, 1061
196846, 1061
197637, 1061
215079, 1061
234733, 1061
239537, 1061
244438, 1061
260165, 1061
266357, 1061
269282, 1061
290287, 1061
290516, 1061
2429, 1060
4503, 1060
18498, 1060
32628, 1060
41250, 1060
54025, 1060
71273, 1060
86897, 1060
102266, 1060
115631, 1060
123078, 1060
129282, 1060
158641, 1060
209948, 1060
236752, 1060
285272, 1060
54451, 1059
54465, 1059
78419, 1059
82516, 1059
85242, 1059
92557, 1059
100563, 1059
116320, 1059
171311, 1059
200374, 1059
207034, 1059
207949, 1059
219932, 1059
265601, 1059
283179, 1059
295597, 1059
3194, 1058
21200, 1058
26346, 1058
36538, 1058
47617, 1058
55656, 1058
58200, 1058
65185, 1058
72434, 1058
146242, 1058
158871, 1058
160752, 1058
165633, 1058
180867, 1058
184404, 1058
187989, 1058
201762, 1058
208617, 1058
214926, 1058
216252, 1058
217414, 1058
223371, 1058
226609, 1058
230862, 1058
234832, 1058
240300, 1058
243163, 1058
249976, 1058
251216, 1058
253496, 1058
267593, 1058
272291, 1058
275203, 1058
279120, 1058
287870, 1058
294445, 1058
294672, 1058
296615, 1058
6884, 1057
15793, 1057
48705, 1057
77949, 1057
157120, 1057
196406, 1057
204774, 1057
206156, 1057
206347, 1057
214146, 1057
280538, 1057
3072, 1056
6061, 1056
7340, 1056
10331, 1056
46274, 1056
78249, 1056
107817, 1056
185509, 1056
186840, 1056
210389, 1056
284787, 1056
286053, 1056
1957, 1055
17844, 1055
19091, 1055
33658, 1055
56893, 1055
59531, 1055
77080, 1055
83334, 1055
89572, 1055
148698, 1055
166609, 1055
244367, 1055
45992, 1054
68747, 1054
120019, 1054
213004, 1054
231173, 1054
239619, 1054
244968, 1054
281778, 1054
281825, 1054
65864, 1053
141364, 1053
154069, 1053
295499, 1053
1233, 1052
1568, 1052
2509, 1052
6277, 1052
11826, 1052
13307, 1052
26910, 1052
33388, 1052
34152, 1052
48795, 1052
54628, 1052
54833, 1052
73974, 1052
105722, 1052
108735, 1052
121171, 1052
121220, 1052
230712, 1052
266606, 1052
290466, 1052
15067, 1051
44387, 1051
77212, 1051
100039, 1051
182809, 1051
196430, 1051
223059, 1051
1313, 1050
138706, 1050
267805, 1050
285273, 1050
12277, 1049
36081, 1049
87542, 1049
103860, 1049
113796, 1049
117017, 1049
163323, 1049
217070, 1049
236554, 1049
1466, 1048
24678, 1048
102285, 1048
107513, 1048
141878, 1048
143128, 1048
187079, 1048
204822, 1048
210419, 1048
232995, 1048
256109, 1048
261146, 1048
265798, 1048
275950, 1048
277397, 1048
280474, 1048
1467, 1047
3069, 1047
70779, 1047
266692, 1047
57628, 1046
66093, 1046
68762, 1046
124582, 1046
164618, 1046
186903, 1046
208304, 1046
4944, 1045
8744, 1045
183433, 1045
224946, 1045
2897, 1044
131400, 1044
170942, 1044
248347, 1044
266861, 1044
27663, 1043
67003, 1043
70795, 1043
92236, 1043
109730, 1043
165972, 1043
176429, 1043
193695, 1043
194857, 1043
233893, 1043
254484, 1043
256243, 1043
277648, 1043
282602, 1043
13414, 1042
61966, 1042
126269, 1042
214162, 1042
283178, 1042
10837, 1041
26805, 1041
50876, 1041
72635, 1041
81166, 1041
106103, 1041
113653, 1041
115262, 1041
152927, 1041
198183, 1041
205244, 1041
293385, 1041
1090, 1040
33775, 1040
51404, 1040
85250, 1040
114960, 1040
124841, 1040
132729, 1040
208118, 1040
208137, 1040
248552, 1040
2504, 1039
35552, 1039
39622, 1039
181866, 1039
194740, 1039
6238, 1038
11043, 1038
50341, 1038
78522, 1038
80070, 1038
92690, 1038
171476, 1038
188954, 1038
246168, 1038
7141, 1037
9741, 1037
12905, 1037
13635, 1037
14342, 1037
42008, 1037
43583, 1037
64287, 1037
65697, 1037
146155, 1037
160911, 1037
172605, 1037
172989, 1037
197813, 1037
215784, 1037
245872, 1037
250812, 1037
275152, 1037
277696, 1037
279622, 1037
284837, 1037
296479, 1037
1689, 1036
19310, 1036
20665, 1036
33405, 1036
82071, 1036
82160, 1036
98140, 1036
98391, 1036
103901, 1036
112482, 1036
126835, 1036
130489, 1036
146459, 1036
162468, 1036
166031, 1036
176265, 1036
183182, 1036
192095, 1036
197174, 1036
220651, 1036
229213, 1036
230752, 1036
252649, 1036
255468, 1036
261025, 1036
271745, 1036
280614, 1036
281278, 1036
294666, 1036
46465, 1035
72144, 1035
80645, 1035
147580, 1035
238387, 1035
263043, 1035
3407, 1034
15222, 1034
58708, 1034
59370, 1034
115379, 1034
117426, 1034
140405, 1034
172854, 1034
213379, 1034
28109, 1033
55110, 1033
80603, 1033
227854, 1033
232955, 1033
255631, 1033
17720, 1032
28310, 1032
31661, 1032
42693, 1032
71136, 1032
74964, 1032
78607, 1032
99874, 1032
102164, 1032
105554, 1032
233463, 1032
294323, 1032
2257, 1031
49033, 1031
85994, 1031
86924, 1031
98934, 1031
130253, 1031
136445, 1031
172046, 1031
203676, 1031
256421, 1031
286270, 1031
2673, 1030
9581, 1030
20604, 1030
52263, 1030
72779, 1030
80894, 1030
135896, 1030
144145, 1030
249136, 1030
33881, 1029
188528, 1029
15006, 1028
16665, 1028
16932, 1028
29785, 1028
29788, 1028
37486, 1028
45686, 1028
48148, 1028
51824, 1028
53368, 1028
64648, 1028
82326, 1028
84644, 1028
98725, 1028
105514, 1028
115341, 1028
125819, 1028
129473, 1028
149962, 1028
176290, 1028
188100, 1028
204775, 1028
207874, 1028
208093, 1028
209693, 1028
216808, 1028
230238, 1028
760, 1027
2060, 1027
55650, 1027
58279, 1027
59014, 1027
98901, 1027
108288, 1027
114261, 1027
146521, 1027
156622, 1027
193222, 1027
234084, 1027
1159, 1026
24683, 1026
64632, 1026
73448, 1026
95212, 1026
163032, 1026
172799, 1026
216525, 1026
254730, 1026
256100, 1026
271676, 1026
15038, 1025
16224, 1025
19195, 1025
61680, 1025
81899, 1025
124493, 1025
133826, 1025
143262, 1025
179028, 1025
246835, 1025
2891, 1024
8506, 1024
17950, 1024
33826, 1024
59262, 1024
29259, 1023
30415, 1023
62322, 1023
69125, 1023
37555, 1022
49864, 1022
80511, 1022
84032, 1022
94213, 1022
231915, 1022
740, 1021
3721, 1021
9360, 1021
22824, 1021
25035, 1021
26187, 1021
175177, 1021
194212, 1021
286160, 1021
27161, 1020
49427, 1020
67127, 1020
111581, 1020
259021, 1020
284021, 1020
292793, 1020
7051, 1019
8978, 1019
12203, 1019
17775, 1019
20499, 1019
24228, 1019
26441, 1019
30212, 1019
45463, 1019
52608, 1019
54823, 1019
55374, 1019
56966, 1019
65299, 1019
76854, 1019
79380, 1019
87456, 1019
87754, 1019
94250, 1019
111009, 1019
118854, 1019
121809, 1019
129200, 1019
141277, 1019
152369, 1019
156632, 1019
172547, 1019
186927, 1019
228760, 1019
262828, 1019
269273, 1019
282737, 1019
3824, 1018
7418, 1018
66955, 1018
71255, 1018
99449, 1018
136216, 1018
164432, 1018
164687, 1018
203107, 1018
242202, 1018
258727, 1018
903, 1017
959, 1017
20504, 1017
79702, 1017
82181, 1017
103320, 1017
141233, 1017
177003, 1017
202579, 1017
242682, 1017
254438, 1017
684, 1016
4602, 1016
9352, 1016
18176, 1016
35206, 1016
70739, 1016
78462, 1016
117287, 1016
140117, 1016
172822, 1016
196856, 1016
199520, 1016
205127, 1016
208572, 1016
110, 1015
2012, 1015
9497, 1015
34273, 1015
6865, 1014
10668, 1014
15258, 1014
23680, 1014
26597, 1014
121862, 1014
123806, 1014
157895, 1014
192648, 1014
225771, 1014
263220, 1014
11831, 1013
92606, 1013
99347, 1013
135473, 1013
224256, 1013
259218, 1013
271862, 1013
279612, 1013
6636, 1012
9515, 1012
19354, 1012
62796, 1012
70135, 1012
138293, 1012
193646, 1012
246048, 1012
257158, 1012
14660, 1011
93411, 1011
124283, 1011
155770, 1011
184747, 1011
226079, 1011
238652, 1011
254567, 1011
43683, 1010
91731, 1010
166844, 1010
183173, 1010
201381, 1010
201918, 1010
214546, 1010
226014, 1010
3492, 1009
3772, 1009
55736, 1009
190849, 1009
196309, 1009
230630, 1009
293518, 1009
19545, 1008
48252, 1008
57033, 1008
75858, 1008
89418, 1008
119734, 1008
132180, 1008
157767, 1008
167681, 1008
170888, 1008
174724, 1008
189571, 1008
207636, 1008
233357, 1008
1042, 1007
16926, 1007
72569, 1007
74137, 1007
91727, 1007
104629, 1007
133070, 1007
146591, 1007
168114, 1007
202342, 1007
208322, 1007
234707, 1007
7280, 1006
13840, 1006
21632, 1006
37628, 1006
62181, 1006
175404, 1006
219975, 1006
231419, 1006
295977, 1006
8104, 1005
10481, 1005
11699, 1005
42472, 1005
49215, 1005
66264, 1005
107971, 1005
119903, 1005
163687, 1005
186263, 1005
16760, 1004
36441, 1004
55113, 1004
63512, 1004
107027, 1004
174445, 1004
204126, 1004
234119, 1004
1284, 1003
14510, 1003
32001, 1003
141812, 1003
168251, 1003
218730, 1003
235927, 1003
247691, 1003
11025, 1002
31428, 1002
37551, 1002
45409, 1002
50274, 1002
50407, 1002
55795, 1002
56097, 1002
70137, 1002
98028, 1002
122622, 1002
135175, 1002
155533, 1002
170735, 1002
174257, 1002
174688, 1002
177218, 1002
204252, 1002
245670, 1002
251357, 1002
255862, 1002
271344, 1002
2063, 1001
7639, 1001
29026, 1001
46291, 1001
75975, 1001
79634, 1001
89851, 1001
104704, 1001
107297, 1001
115685, 1001
115820, 1001
117292, 1001
126603, 1001
140341, 1001
144390, 1001
159551, 1001
168568, 1001
169493, 1001
173838, 1001
175917, 1001
187717, 1001
201177, 1001
204213, 1001
216621, 1001
218982, 1001
227569, 1001
242905, 1001
257106, 1001
289673, 1001
294889, 1001
1433, 1000
6090, 1000
6145, 1000
73305, 1000
101301, 1000
184922, 1000
