173, 62203
177382, 59138
179664, 59107
190894, 59107
181545, 58928
88853, 57823
69504, 57688
120159, 57408
196923, 57408
236365, 57408
250672, 57408
262898, 57408
157673, 56738
260740, 54144
99328, 53956
203708, 53886
244316, 53279
257284, 53279
154746, 52577
70561, 52273
112580, 51605
164633, 51605
269012, 51605
8004, 49791
53841, 48422
1839, 48145
154585, 47892
1082, 47073
5329, 45876
64627, 45876
159989, 45876
168573, 45876
126870, 43703
76131, 42722
152276, 42722
287334, 42722
1205, 42029
234778, 42029
9190, 40783
94830, 40783
57576, 39559
88855, 39559
152973, 39559
170841, 39559
174022, 39559
184709, 39559
202164, 39559
207522, 39559
216089, 39559
225762, 39559
234465, 39559
283324, 39559
292706, 39559
83379, 37589
98398, 37589
139158, 37589
154127, 37589
286901, 35448
2407, 34928
6898, 34928
93225, 34928
156966, 34928
211265, 34928
214269, 34928
230863, 34928
237873, 34928
257364, 34928
285193, 34928
294431, 34928
4211, 31616
86198, 31616
110975, 31616
122682, 31616
158196, 31616
198775, 31616
209977, 31616
214376, 31616
217256, 31616
220998, 31616
245121, 31616
251148, 31616
257333, 31616
281448, 31616
282122, 31616
292899, 31616
47591, 30569
12198, 29439
207093, 29274
248995, 29274
286487, 29274
196585, 29043
23957, 26991
167087, 26349
195446, 26349
113892, 26179
115381, 26179
170692, 26179
181799, 26179
182539, 26179
192339, 26179
231954, 26179
245004, 26179
294459, 26179
295504, 26179
281611, 25835
51546, 25787
99357, 25787
189306, 25787
206074, 25787
280978, 25787
101907, 25702
182552, 25702
216077, 25702
224572, 25702
242660, 25702
278156, 25601
173193, 25578
173321, 25578
187156, 25578
190286, 25578
193000, 25578
200485, 25578
215478, 25578
235625, 25578
252387, 25578
293348, 25578
118351, 25287
158140, 25287
235735, 25287
279127, 25287
110770, 25259
119902, 25259
127291, 25259
132543, 25259
135087, 25259
144463, 25259
155989, 25259
160365, 25259
167677, 25259
187305, 25259
196771, 25259
201964, 25259
211237, 25259
211720, 25259
220512, 25259
231009, 25259
236511, 25259
243074, 25259
245005, 25259
252656, 25259
266181, 25259
268326, 25259
270259, 25259
272350, 25259
282690, 25259
282703, 25259
283932, 25259
287396, 25259
90454, 23183
93697, 23183
94085, 23183
120521, 23183
130039, 23183
140291, 23183
171765, 23183
182779, 23183
195636, 23183
196248, 23183
207236, 23183
215697, 23183
216417, 23183
228221, 23183
231983, 23183
237415, 23183
260086, 23183
261457, 23183
263700, 23183
264709, 23183
267598, 23183
269663, 23183
270330, 23183
272993, 23183
274632, 23183
276238, 23183
278744, 23183
280372, 23183
291617, 23183
222669, 23065
228421, 23065
237359, 23065
241657, 23065
251711, 23065
275389, 23065
256516, 22781
12168, 21677
19139, 21677
58046, 21677
136021, 21677
142473, 21677
155988, 21677
218262, 21677
226203, 21677
237909, 21677
274957, 21677
278290, 21677
289676, 21677
290473, 21677
296076, 21169
123441, 20795
142068, 20795
166147, 20795
191856, 20795
202330, 20795
210341, 20795
125896, 20205
129059, 20205
137008, 20205
182193, 20205
249458, 20205
287836, 20205
288079, 20205
105558, 19772
115071, 19772
142162, 19772
148552, 19772
199746, 19772
206240, 19772
213658, 19772
266130, 19772
267275, 19772
274816, 19772
291461, 19772
203464, 19566
185578, 19435
133574, 19217
145648, 19217
170532, 19217
199533, 19217
207469, 19217
214765, 19217
224308, 19217
268689, 19217
111058, 18533
233211, 18533
171541, 18468
93878, 18410
122906, 18410
144842, 18410
153858, 18410
166187, 18410
169274, 18410
204631, 18410
210101, 18410
219723, 18410
244919, 18410
256957, 18410
260998, 18410
279790, 18410
291019, 18410
14989, 18235
48811, 18235
62740, 18235
63426, 18235
82597, 18235
84434, 18235
87800, 18235
89811, 18235
98779, 18235
103643, 18235
111944, 18235
114243, 18235
129009, 18235
137039, 18235
149051, 18235
151406, 18235
152298, 18235
155344, 18235
159042, 18235
161973, 18235
163302, 18235
165411, 18235
168421, 18235
171446, 18235
175495, 18235
177027, 18235
182438, 18235
183923, 18235
186196, 18235
186844, 18235
187235, 18235
188027, 18235
192894, 18235
198794, 18235
201070, 18235
201933, 18235
204964, 18235
211282, 18235
211468, 18235
219193, 18235
227833, 18235
242201, 18235
247051, 18235
252798, 18235
253548, 18235
253579, 18235
277083, 18235
277986, 18235
280000, 18235
287948, 18235
289369, 18235
292837, 18235
293465, 18235
8215, 18230
18404, 18230
78296, 18230
104121, 18230
120812, 18230
134218, 18230
143801, 18230
151138, 18230
161669, 18230
165109, 18230
186057, 18230
208303, 18230
223781, 18230
241713, 18230
244241, 18230
249613, 18230
253391, 18230
262168, 18230
270801, 18230
270980, 18230
279536, 18230
282368, 18230
282465, 18230
285449, 18230
285547, 18230
288144, 18230
293803, 18230
294572, 18230
226909, 18213
193710, 17706
64707, 17655
87324, 17655
117233, 17655
163987, 17655
9609, 17469
45824, 17469
48662, 17469
53135, 17469
82058, 17469
83477, 17469
88445, 17469
94734, 17469
100629, 17469
103671, 17469
111935, 17469
115320, 17469
116613, 17469
118355, 17469
127575, 17469
148466, 17469
150743, 17469
155484, 17469
172324, 17469
173022, 17469
176630, 17469
179526, 17469
182774, 17469
182943, 17469
185451, 17469
189429, 17469
195051, 17469
200307, 17469
200597, 17469
202809, 17469
206985, 17469
211146, 17469
222223, 17469
222489, 17469
224379, 17469
225930, 17469
241782, 17469
244302, 17469
252066, 17469
255402, 17469
262204, 17469
271742, 17469
271874, 17469
272974, 17469
273462, 17469
285375, 17469
294269, 17469
295167, 17469
295361, 17469
205357, 17434
81988, 17276
161849, 17276
165894, 17276
168376, 17276
261612, 17276
262857, 17276
77144, 17091
167327, 17091
178014, 17091
267697, 17091
290862, 17091
13796, 17064
66251, 17064
108555, 17064
113906, 17064
145606, 17064
149890, 17064
157285, 17064
178369, 17064
186935, 17064
200535, 17064
202655, 17064
223816, 17064
230767, 17064
231481, 17064
231852, 17064
264720, 17064
272678, 17064
285415, 17064
293330, 17064
118988, 17012
247556, 17012
58332, 16801
112041, 16801
149684, 16801
212308, 16741
13120, 16624
63216, 16624
87918, 16624
111034, 16624
128134, 16624
150866, 16624
160123, 16624
165299, 16624
167013, 16624
174084, 16624
209254, 16624
211275, 16624
212616, 16624
216358, 16624
228326, 16624
228516, 16624
233918, 16624
239261, 16624
246503, 16624
247044, 16624
261061, 16624
263424, 16624
264887, 16624
271521, 16624
291339, 16624
38000, 16593
94205, 16593
98406, 16593
109529, 16529
1780, 16526
35444, 16526
58680, 16526
84859, 16526
92158, 16526
109747, 16526
112762, 16526
121946, 16526
123520, 16526
124812, 16526
128744, 16526
134613, 16526
134866, 16526
145615, 16526
146430, 16526
149440, 16526
149691, 16526
156097, 16526
159569, 16526
167085, 16526
167111, 16526
168397, 16526
172108, 16526
172869, 16526
176463, 16526
180658, 16526
181190, 16526
181528, 16526
185273, 16526
186544, 16526
187081, 16526
189717, 16526
195731, 16526
196623, 16526
197386, 16526
200897, 16526
201696, 16526
203706, 16526
203784, 16526
205145, 16526
207988, 16526
208831, 16526
208876, 16526
211791, 16526
212709, 16526
223842, 16526
226375, 16526
226437, 16526
226625, 16526
226864, 16526
228922, 16526
230084, 16526
230844, 16526
232632, 16526
238785, 16526
238823, 16526
239362, 16526
242602, 16526
246961, 16526
247335, 16526
251047, 16526
256186, 16526
258427, 16526
264854, 16526
265530, 16526
266414, 16526
268249, 16526
269060, 16526
270034, 16526
271816, 16526
276295, 16526
277926, 16526
282517, 16526
285309, 16526
291947, 16526
52172, 16524
72022, 16524
74552, 16524
81314, 16524
107753, 16524
200604, 16524
233665, 16524
246164, 16524
296327, 16524
30155, 16426
73901, 16425
76322, 16425
80936, 16425
95833, 16425
99635, 16425
106574, 16425
110467, 16425
114155, 16425
116763, 16425
117905, 16425
119906, 16425
121180, 16425
125636, 16425
129892, 16425
132592, 16425
137894, 16425
141559, 16425
142463, 16425
142524, 16425
149530, 16425
156615, 16425
159107, 16425
168986, 16425
180799, 16425
183009, 16425
183313, 16425
185331, 16425
189415, 16425
196614, 16425
199810, 16425
202368, 16425
206846, 16425
208496, 16425
209730, 16425
213373, 16425
215063, 16425
218549, 16425
224303, 16425
225576, 16425
227999, 16425
232507, 16425
246848, 16425
247415, 16425
253863, 16425
267287, 16425
269650, 16425
278627, 16425
286282, 16425
292343, 16425
294185, 16425
295480, 16425
295595, 16425
54536, 16238
63179, 16238
107521, 16238
115409, 16238
117933, 16238
124513, 16238
129367, 16238
129746, 16238
131097, 16238
134986, 16238
137786, 16238
147671, 16238
147850, 16238
149507, 16238
153866, 16238
157844, 16238
165271, 16238
166394, 16238
169231, 16238
169377, 16238
171411, 16238
173854, 16238
174767, 16238
180338, 16238
183551, 16238
185356, 16238
185905, 16238
191667, 16238
193281, 16238
196064, 16238
196270, 16238
198754, 16238
199991, 16238
205742, 16238
209252, 16238
210778, 16238
210894, 16238
216210, 16238
222922, 16238
223379, 16238
225209, 16238
225283, 16238
225402, 16238
225473, 16238
231027, 16238
231889, 16238
234610, 16238
239110, 16238
240389, 16238
240749, 16238
241516, 16238
243311, 16238
244342, 16238
246060, 16238
247377, 16238
249302, 16238
251580, 16238
254057, 16238
258809, 16238
259849, 16238
261222, 16238
262010, 16238
263414, 16238
264546, 16238
271673, 16238
273954, 16238
282151, 16238
291445, 16238
294279, 16238
296592, 16238
260471, 16226
52627, 16219
53926, 16219
105570, 16219
182023, 16219
193022, 16219
199860, 16219
295905, 16219
90939, 16181
95234, 16181
99466, 16181
128694, 16181
144980, 16181
161905, 16181
165603, 16181
186231, 16181
250741, 16181
291408, 16181
294247, 16136
82875, 16114
84502, 16114
95954, 16114
140328, 16114
187126, 16114
197717, 16114
203613, 16114
242230, 16114
242297, 16114
245954, 16114
268674, 16114
273808, 16114
60274, 16084
78398, 16084
84898, 16084
86394, 16084
93963, 16084
189683, 16084
249427, 16060
86188, 15955
92317, 15955
108584, 15955
116415, 15955
122945, 15955
136963, 15955
137487, 15955
171917, 15955
172377, 15955
179401, 15955
215114, 15955
41389, 15951
58933, 15951
62346, 15951
78443, 15951
82923, 15951
91299, 15951
93114, 15951
94564, 15951
96287, 15951
106048, 15951
108498, 15951
110798, 15951
114190, 15951
115329, 15951
117402, 15951
121623, 15951
123894, 15951
124890, 15951
127804, 15951
130663, 15951
131378, 15951
133384, 15951
137003, 15951
137234, 15951
137753, 15951
141681, 15951
143017, 15951
144061, 15951
147081, 15951
148138, 15951
151164, 15951
153975, 15951
154331, 15951
154821, 15951
156732, 15951
159533, 15951
160857, 15951
164797, 15951
166785, 15951
167857, 15951
168998, 15951
169961, 15951
170432, 15951
173845, 15951
174605, 15951
178183, 15951
178695, 15951
179440, 15951
182789, 15951
183936, 15951
184278, 15951
186310, 15951
186377, 15951
188618, 15951
190827, 15951
197872, 15951
205265, 15951
205442, 15951
207277, 15951
212277, 15951
213575, 15951
217979, 15951
219063, 15951
219067, 15951
221885, 15951
235180, 15951
236120, 15951
242433, 15951
245782, 15951
250258, 15951
252225, 15951
252862, 15951
253392, 15951
257418, 15951
270659, 15951
279442, 15951
280428, 15951
282181, 15951
285771, 15951
288883, 15951
289685, 15951
293636, 15951
294875, 15951
48793, 15861
53992, 15861
63757, 15861
70927, 15861
76335, 15861
77152, 15861
80184, 15861
80478, 15861
88610, 15861
91871, 15861
93538, 15861
95228, 15861
95760, 15861
101226, 15861
101291, 15861
108966, 15861
109709, 15861
114350, 15861
115516, 15861
118260, 15861
128542, 15861
129712, 15861
134390, 15861
135174, 15861
139676, 15861
140210, 15861
140259, 15861
142825, 15861
145928, 15861
149605, 15861
149612, 15861
152112, 15861
153023, 15861
158821, 15861
158975, 15861
167739, 15861
168425, 15861
175517, 15861
179949, 15861
191881, 15861
193549, 15861
214253, 15861
214603, 15861
245779, 15861
292615, 15861
72077, 15856
115799, 15856
126922, 15856
142094, 15856
243811, 15856
74374, 15634
86342, 15634
104331, 15634
118263, 15634
130918, 15634
151909, 15634
178924, 15634
188929, 15634
208510, 15634
220494, 15634
243795, 15634
253558, 15634
73046, 15626
82331, 15626
84396, 15626
94432, 15626
100496, 15626
101215, 15626
112626, 15626
115921, 15626
140667, 15626
163596, 15626
167408, 15626
258467, 15626
267726, 15626
130871, 15605
238362, 15605
260918, 15605
138924, 15589
151110, 15589
191579, 15589
195422, 15589
285873, 15589
94676, 15495
120292, 15495
185131, 15495
97308, 15480
102773, 15480
41648, 15466
92943, 15466
107496, 15466
120810, 15466
223790, 15466
226042, 15466
77238, 15447
235950, 15447
37360, 15412
46764, 15412
59914, 15412
66420, 15412
67009, 15412
82867, 15412
90595, 15412
108682, 15412
128209, 15412
20235, 15395
29564, 15395
32678, 15395
45515, 15395
59603, 15395
68378, 15395
79906, 15395
87554, 15395
88633, 15395
143486, 15395
56345, 15383
57673, 15383
77603, 15383
137503, 15383
123100, 15341
56187, 15281
59350, 15281
74520, 15281
80323, 15281
80969, 15281
81874, 15281
91856, 15281
92417, 15281
100631, 15281
115666, 15281
129462, 15281
152848, 15281
286937, 15281
33731, 15277
46891, 15277
55045, 15277
71728, 15277
78425, 15277
58794, 15224
61556, 15224
61902, 15224
64184, 15224
77458, 15224
78058, 15224
83964, 15224
85778, 15224
87648, 15224
103807, 15224
135404, 15224
153626, 15224
37590, 15070
140100, 14878
101405, 14578
79254, 14397
83884, 14397
115336, 14220
158062, 14220
167069, 14220
175730, 14220
208601, 14220
216923, 14220
261593, 14220
283099, 14220
234321, 14165
7838, 14147
65379, 14147
79691, 14147
109936, 14147
145313, 14147
22648, 14090
28161, 14028
205287, 13922
73902, 13666
131898, 13474
272480, 13340
74831, 13076
209817, 12913
239221, 12913
276101, 12913
90221, 12783
47964, 12770
103021, 12669
67249, 12626
66615, 12528
88503, 12142
107563, 12060
180860, 11547
43522, 2971
50789, 2824
54682, 2824
55727, 2824
56852, 2824
57957, 2824
58044, 2824
66381, 2824
68921, 2824
77926, 2824
80745, 2824
82153, 2824
88120, 2824
102179, 2824
113229, 2824
118271, 2824
119891, 2824
124632, 2824
125130, 2824
132427, 2824
144541, 2824
192983, 2824
206790, 2824
266857, 2824
276365, 2824
284089, 2824
17903, 2675
29083, 2675
56216, 2675
57672, 2675
81812, 2675
89660, 2675
94980, 2675
109373, 2675
120015, 2675
155764, 2675
170210, 2675
184067, 2675
205853, 2675
229489, 2675
235557, 2675
36967, 2671
71462, 2671
85995, 2671
93362, 2671
95083, 2671
97511, 2671
97549, 2671
105865, 2671
119174, 2671
128706, 2671
145462, 2671
163184, 2671
188058, 2671
205242, 2671
209769, 2671
211575, 2671
212748, 2671
239961, 2671
160947, 2655
83393, 2601
176607, 2601
178979, 2601
201386, 2601
215213, 2601
171946, 2578
261143, 2578
245858, 2560
292417, 2536
82703, 2491
288960, 2491
177896, 2487
282899, 2487
287404, 2487
178286, 2478
184827, 2478
214431, 2478
242264, 2478
245852, 2478
254866, 2478
261878, 2478
123390, 2472
255195, 2472
268781, 2461
138021, 2452
233170, 2443
255989, 2433
230642, 2412
198294, 2398
162119, 2384
93699, 2377
50018, 2369
148285, 2369
188822, 2369
238606, 2369
288146, 2369
232644, 2360
125922, 2354
174158, 2354
37132, 2351
102848, 2351
111811, 2351
268361, 2351
293931, 2351
82625, 2343
257645, 2343
291982, 2343
34326, 2338
48721, 2338
114584, 2338
267993, 2338
131417, 2334
153171, 2330
210374, 2326
149069, 2324
191288, 2324
221439, 2324
280212, 2324
28633, 2320
70236, 2320
90229, 2320
134355, 2320
191658, 2320
194288, 2320
235931, 2320
282555, 2320
156986, 2318
202895, 2318
218637, 2318
177721, 2316
214848, 2316
241204, 2316
108488, 2307
280036, 2307
216834, 2305
223809, 2301
247054, 2291
271887, 2291
122435, 2286
175675, 2286
242285, 2286
258357, 2286
43256, 2284
68144, 2284
179363, 2284
212356, 2284
249032, 2284
276865, 2284
154126, 2281
11248, 2278
28549, 2278
46821, 2278
150851, 2278
166141, 2278
167927, 2278
183556, 2278
244353, 2278
246510, 2276
173574, 2274
224856, 2274
8649, 2269
13511, 2269
145457, 2267
218249, 2267
31842, 2265
138819, 2265
155962, 2265
250117, 2265
197267, 2254
163927, 2250
275461, 2250
279781, 2249
74538, 2245
270845, 2245
287619, 2245
30661, 2235
61116, 2235
232462, 2235
253857, 2235
113223, 2234
199544, 2230
249683, 2230
96972, 2226
146206, 2226
172933, 2226
182287, 2226
197915, 2226
291378, 2226
104487, 2219
283632, 2211
116871, 2208
120070, 2206
132868, 2204
141434, 2204
45089, 2203
57419, 2203
103511, 2203
132623, 2203
157894, 2203
274637, 2203
253335, 2199
84470, 2196
95871, 2194
201348, 2194
171052, 2190
5880, 2187
9588, 2187
48204, 2187
80671, 2187
92910, 2187
113509, 2187
122392, 2187
179904, 2187
188538, 2187
201253, 2187
210917, 2187
249065, 2187
68958, 2179
140825, 2179
139307, 2178
10532, 2177
178529, 2177
138170, 2176
98599, 2173
102319, 2173
112761, 2173
119379, 2173
135477, 2173
162068, 2173
191776, 2173
192523, 2173
246965, 2173
265418, 2171
16373, 2166
166287, 2166
179525, 2166
73571, 2161
148206, 2161
245419, 2161
101887, 2157
165027, 2157
172562, 2157
234138, 2157
123091, 2152
151698, 2152
183264, 2148
86218, 2147
177229, 2147
39133, 2145
43106, 2143
265222, 2143
296336, 2143
95790, 2132
124127, 2132
213213, 2132
244023, 2132
269880, 2132
277585, 2132
248352, 2130
177434, 2128
72579, 2124
223116, 2121
268578, 2121
82865, 2120
35104, 2118
46222, 2118
86305, 2118
91829, 2118
98058, 2118
186211, 2118
232765, 2118
271798, 2118
176263, 2117
71778, 2114
80896, 2113
21118, 2112
44434, 2112
60972, 2112
83607, 2112
171086, 2112
188063, 2112
207245, 2112
225656, 2112
227627, 2112
227983, 2112
30750, 2106
77195, 2106
156864, 2106
236838, 2103
271629, 2103
63166, 2101
94630, 2101
120189, 2101
136375, 2101
153886, 2101
193981, 2101
263411, 2101
272371, 2101
111917, 2099
229509, 2099
231639, 2099
274598, 2099
166149, 2098
29865, 2097
66917, 2097
106770, 2097
154800, 2097
88537, 2093
102541, 2093
111289, 2093
223349, 2093
251436, 2092
26233, 2089
48874, 2089
110620, 2089
113280, 2089
113834, 2089
118750, 2089
119849, 2089
135488, 2089
158018, 2089
225365, 2089
282669, 2089
287880, 2089
294341, 2089
59319, 2085
97441, 2085
120878, 2085
235228, 2085
131250, 2080
131857, 2080
229099, 2071
149449, 2070
198959, 2060
202417, 2060
26638, 2059
41478, 2059
53197, 2059
107582, 2059
130633, 2059
133381, 2059
143817, 2059
148425, 2059
151046, 2059
216591, 2059
251623, 2059
151342, 2057
89646, 2053
131077, 2053
162216, 2053
33003, 2052
160425, 2052
161293, 2052
239983, 2052
247529, 2052
263435, 2052
23326, 2051
43538, 2051
50234, 2051
74981, 2051
87094, 2051
139471, 2051
149545, 2051
161269, 2051
162415, 2051
193182, 2051
201139, 2051
225095, 2051
228645, 2051
257069, 2051
275537, 2051
284828, 2051
291127, 2051
293749, 2051
20515, 2047
144911, 2046
170590, 2046
232115, 2044
273572, 2044
293523, 2044
112779, 2042
9470, 2041
99278, 2041
184885, 2041
252193, 2041
3408, 2039
16737, 2038
18773, 2038
39172, 2038
45700, 2038
49155, 2038
51909, 2038
120084, 2038
122259, 2038
122370, 2038
129686, 2038
132861, 2038
164856, 2038
197301, 2038
199146, 2038
238516, 2038
242732, 2038
247318, 2038
262747, 2038
269475, 2038
285125, 2038
292861, 2038
296487, 2038
253562, 2034
45430, 2033
60325, 2033
81820, 2033
96569, 2033
115303, 2033
132347, 2033
177994, 2033
206527, 2033
226525, 2033
247562, 2033
173081, 2032
41911, 2030
63103, 2030
84338, 2030
116477, 2030
212423, 2030
215931, 2030
236075, 2030
240803, 2030
252550, 2030
262676, 2030
291079, 2030
38393, 2029
197057, 2029
227777, 2027
239237, 2027
177383, 2024
294110, 2022
225814, 2019
244035, 2019
287704, 2019
281780, 2018
92275, 2016
132285, 2016
247422, 2016
77963, 2014
92622, 2014
174421, 2014
184566, 2014
200135, 2014
220303, 2014
234143, 2014
282584, 2014
288561, 2014
60366, 2013
153268, 2013
191985, 2013
232649, 2013
237860, 2013
270673, 2013
232387, 2012
51659, 2010
132839, 2005
32429, 2004
62699, 2004
62831, 2004
66668, 2004
69637, 2004
115112, 2004
134806, 2004
137303, 2004
145657, 2004
161344, 2004
174270, 2004
177139, 2004
204739, 2004
92754, 2002
135932, 2002
274664, 2002
209550, 1999
43721, 1998
63457, 1998
113534, 1998
180757, 1998
202028, 1998
227550, 1998
235006, 1998
242570, 1998
256963, 1998
7003, 1996
35947, 1996
82254, 1996
96010, 1996
121003, 1996
125139, 1996
196276, 1996
99073, 1995
122834, 1995
224465, 1995
48621, 1993
275149, 1993
97726, 1992
250243, 1992
80646, 1991
112686, 1991
242038, 1991
126781, 1989
195127, 1989
70683, 1984
93610, 1984
119157, 1984
168021, 1984
245415, 1982
285796, 1982
16127, 1979
100670, 1979
135354, 1979
166317, 1979
171932, 1979
209055, 1979
213267, 1979
228094, 1979
230674, 1979
259208, 1979
263124, 1979
264097, 1979
276161, 1979
279371, 1979
291363, 1979
148058, 1978
193020, 1978
212635, 1978
133803, 1976
255715, 1976
34872, 1972
51912, 1972
107415, 1972
110529, 1972
122699, 1972
125594, 1972
146083, 1972
146839, 1972
169741, 1972
174273, 1972
176975, 1972
186274, 1972
191389, 1972
199061, 1972
257028, 1972
236359, 1971
17347, 1970
58621, 1970
80442, 1970
97313, 1970
108696, 1970
117630, 1970
119743, 1970
172105, 1970
172940, 1970
181750, 1970
190765, 1970
197193, 1970
206250, 1970
214531, 1970
221032, 1970
223356, 1970
231230, 1970
243167, 1970
257326, 1970
264496, 1970
273144, 1970
138987, 1969
218507, 1969
78789, 1967
23700, 1965
75354, 1965
151335, 1965
155895, 1965
208268, 1965
212248, 1965
266706, 1965
276763, 1965
291775, 1965
86331, 1963
104303, 1963
155502, 1963
225663, 1963
248833, 1963
257919, 1963
281112, 1963
83899, 1961
64094, 1959
87523, 1959
92679, 1959
123936, 1959
160998, 1959
181717, 1959
188730, 1959
195658, 1959
224026, 1959
225449, 1959
241674, 1959
246801, 1959
147016, 1958
234972, 1958
50913, 1955
51500, 1955
68082, 1955
91934, 1955
101525, 1955
106730, 1955
148428, 1955
163171, 1955
179811, 1955
186393, 1955
194199, 1955
210057, 1955
214726, 1955
219633, 1955
236286, 1955
237525, 1955
239912, 1955
252741, 1955
265635, 1955
289001, 1955
47894, 1952
92558, 1952
127202, 1952
133766, 1952
158139, 1952
171396, 1952
212660, 1952
217088, 1952
234381, 1952
244234, 1952
275486, 1952
64854, 1951
163175, 1951
173828, 1951
72865, 1950
83506, 1950
95721, 1950
83676, 1949
88701, 1949
92064, 1949
97499, 1949
207745, 1949
219802, 1949
233130, 1949
251158, 1949
263278, 1949
288254, 1949
292398, 1947
134743, 1946
144393, 1946
232426, 1946
225020, 1945
293108, 1945
121528, 1942
2886, 1939
8779, 1939
11390, 1939
17042, 1939
36005, 1939
57814, 1939
75838, 1939
99566, 1939
105207, 1939
118552, 1939
122486, 1939
139297, 1939
195091, 1939
196506, 1939
198038, 1939
199325, 1939
219209, 1939
236423, 1939
241673, 1939
244556, 1939
250925, 1939
256847, 1939
260639, 1939
269987, 1939
270882, 1939
274676, 1939
275342, 1939
282844, 1939
293846, 1939
21686, 1937
87597, 1937
123620, 1937
178465, 1937
257614, 1937
35986, 1935
47477, 1935
49652, 1935
92945, 1935
103538, 1935
125344, 1935
142898, 1935
157594, 1935
204945, 1935
208096, 1935
247856, 1935
43165, 1934
65720, 1934
118349, 1934
138815, 1934
142237, 1934
182337, 1934
199128, 1934
219691, 1934
229676, 1934
261646, 1934
290405, 1934
7768, 1933
31421, 1933
37599, 1933
58722, 1933
72126, 1933
76962, 1933
80640, 1933
85980, 1933
92582, 1933
103802, 1933
115843, 1933
119247, 1933
134295, 1933
139553, 1933
140827, 1933
142689, 1933
144807, 1933
148645, 1933
152535, 1933
163996, 1933
171182, 1933
177772, 1933
181231, 1933
187751, 1933
190048, 1933
206801, 1933
220794, 1933
223711, 1933
224615, 1933
224986, 1933
229767, 1933
230402, 1933
232069, 1933
232683, 1933
233690, 1933
234607, 1933
240274, 1933
242937, 1933
243993, 1933
254672, 1933
266281, 1933
269658, 1933
269896, 1933
272150, 1933
277561, 1933
279939, 1933
280225, 1933
39355, 1932
42691, 1932
191674, 1932
209255, 1932
285142, 1932
18280, 1931
65560, 1931
125256, 1931
159801, 1931
211461, 1931
281934, 1931
181123, 1930
222761, 1930
248085, 1930
290399, 1930
6016, 1929
55455, 1929
91027, 1929
109093, 1929
110567, 1929
119524, 1929
162148, 1928
252153, 1927
266505, 1927
80570, 1926
98552, 1926
185140, 1926
240949, 1926
291134, 1926
296268, 1926
92189, 1925
262967, 1925
293037, 1925
294643, 1925
42295, 1922
48394, 1922
64742, 1922
70685, 1922
109718, 1922
117891, 1922
121088, 1922
131934, 1922
143511, 1922
148247, 1922
153936, 1922
187713, 1922
200417, 1922
219406, 1922
238948, 1922
246786, 1922
109879, 1921
229191, 1921
232344, 1921
277666, 1919
42962, 1917
101848, 1917
10049, 1916
91427, 1914
107031, 1914
112311, 1914
153130, 1914
154763, 1914
182235, 1914
224028, 1914
90497, 1913
115888, 1913
135430, 1913
146254, 1913
161498, 1913
164283, 1913
182532, 1913
211615, 1913
213673, 1913
216865, 1913
216904, 1913
227702, 1913
239678, 1913
255170, 1913
258551, 1913
273920, 1913
275141, 1913
275158, 1913
276793, 1913
285936, 1913
288563, 1913
81662, 1911
46392, 1909
59707, 1909
65009, 1909
72577, 1909
90434, 1909
144935, 1909
266174, 1909
90068, 1908
127122, 1908
146201, 1908
154973, 1908
196096, 1908
214151, 1908
230583, 1908
236377, 1908
242472, 1908
245691, 1908
256367, 1908
283167, 1908
284977, 1908
290800, 1908
292068, 1908
9493, 1907
41323, 1907
63023, 1907
91127, 1907
137165, 1907
190668, 1907
219687, 1907
245704, 1907
267417, 1907
14314, 1906
38814, 1906
114574, 1906
29929, 1904
43545, 1904
61051, 1904
64634, 1904
73924, 1904
85655, 1904
86247, 1904
103849, 1904
106669, 1904
107208, 1904
115705, 1904
116339, 1904
124439, 1904
165835, 1904
167247, 1904
172732, 1904
191229, 1904
202206, 1904
204282, 1904
205595, 1904
211187, 1904
219636, 1904
222049, 1904
244554, 1904
247819, 1904
255447, 1904
263015, 1904
269008, 1904
278832, 1904
283488, 1904
287872, 1904
253909, 1903
295745, 1903
79576, 1901
87810, 1901
96070, 1901
101837, 1901
121490, 1901
135689, 1901
144163, 1901
209721, 1901
225355, 1901
239410, 1900
230047, 1897
232851, 1897
14676, 1895
41369, 1891
99942, 1891
101194, 1891
114094, 1891
129994, 1891
250160, 1891
79198, 1887
64001, 1886
83759, 1885
94490, 1885
98233, 1885
103129, 1885
104748, 1885
106201, 1885
123283, 1885
140932, 1885
153351, 1885
156090, 1885
171859, 1885
178576, 1885
184327, 1885
194677, 1885
210635, 1885
227360, 1885
242462, 1885
251337, 1885
253065, 1885
273582, 1885
281918, 1885
287549, 1885
296569, 1885
71603, 1883
104408, 1883
31389, 1882
92696, 1882
115906, 1882
146567, 1882
201437, 1882
172372, 1880
288577, 1880
56274, 1878
134707, 1878
232525, 1878
290518, 1878
57660, 1877
62348, 1877
101703, 1877
208415, 1877
260189, 1877
253852, 1875
35642, 1874
204266, 1874
205082, 1874
33640, 1870
38696, 1870
74963, 1870
94886, 1870
100663, 1870
103319, 1870
104353, 1870
123539, 1870
169945, 1870
195963, 1870
223855, 1870
279515, 1870
32976, 1869
34112, 1869
36576, 1869
100763, 1869
48288, 1868
140414, 1868
147828, 1868
162036, 1868
250037, 1868
70295, 1865
265060, 1865
273826, 1864
148160, 1863
211417, 1863
231621, 1863
235947, 1863
204223, 1862
209685, 1862
238288, 1862
273806, 1862
289522, 1862
66836, 1861
109397, 1861
157692, 1861
194619, 1861
232870, 1861
46103, 1860
95069, 1860
95851, 1860
32901, 1858
20122, 1857
149754, 1857
89501, 1856
236810, 1853
158610, 1851
20888, 1850
122030, 1850
122306, 1850
159808, 1850
171363, 1850
172129, 1850
187979, 1850
214874, 1850
218215, 1850
223201, 1850
235499, 1850
239527, 1850
242798, 1850
280489, 1850
290759, 1850
291743, 1850
2867, 1849
127419, 1849
160718, 1849
255694, 1849
20081, 1846
86810, 1846
292322, 1846
95457, 1845
36310, 1844
60584, 1844
81019, 1844
83621, 1844
90876, 1844
98359, 1844
98891, 1844
112013, 1844
150892, 1844
166536, 1844
188710, 1844
120137, 1843
222213, 1843
271223, 1843
47432, 1842
133909, 1842
241981, 1842
235230, 1841
248471, 1841
113640, 1840
162326, 1840
228458, 1840
260100, 1840
37430, 1839
129119, 1839
199854, 1839
268976, 1838
69900, 1837
46468, 1836
68855, 1836
141437, 1836
143418, 1836
183411, 1836
245227, 1836
258425, 1836
272887, 1836
289601, 1836
16704, 1835
21845, 1835
101138, 1835
117435, 1834
120906, 1834
270083, 1834
185453, 1833
279415, 1833
119799, 1832
137233, 1832
154828, 1832
163647, 1832
183492, 1832
202985, 1832
206258, 1832
239736, 1832
254904, 1832
258189, 1832
35301, 1831
203666, 1831
5000, 1830
85353, 1830
167611, 1830
182636, 1830
166529, 1828
7856, 1825
49624, 1825
238231, 1825
43537, 1824
128921, 1824
226043, 1824
247100, 1824
115597, 1823
145785, 1823
40471, 1822
40786, 1822
71024, 1822
77905, 1822
97489, 1822
105145, 1822
177398, 1822
260047, 1822
196943, 1819
29503, 1818
195432, 1818
13134, 1817
68758, 1817
81035, 1817
92757, 1817
160044, 1817
185547, 1817
193461, 1817
231585, 1817
102523, 1816
142758, 1816
251250, 1816
266422, 1816
268520, 1816
103645, 1815
111011, 1815
62362, 1812
127803, 1812
258626, 1812
48141, 1811
225218, 1811
27844, 1810
39526, 1810
41934, 1810
51866, 1810
58417, 1810
66730, 1810
106874, 1810
143660, 1810
188371, 1810
203158, 1810
285113, 1809
40640, 1808
41015, 1808
50385, 1808
70906, 1808
154012, 1808
14705, 1807
50485, 1807
60886, 1807
108950, 1807
113164, 1807
114744, 1802
148981, 1802
168744, 1802
179085, 1802
182286, 1802
185611, 1802
288843, 1802
4905, 1800
14102, 1800
21480, 1800
45337, 1800
76289, 1800
121442, 1800
180767, 1800
208135, 1800
235307, 1800
284782, 1800
28846, 1799
189612, 1799
230017, 1799
85228, 1797
129622, 1797
197060, 1797
155706, 1795
238306, 1795
14426, 1794
36563, 1794
93628, 1794
93859, 1794
109816, 1794
134752, 1794
145508, 1794
158248, 1794
247791, 1794
254288, 1794
85846, 1791
169954, 1791
193151, 1791
15659, 1790
41079, 1790
151015, 1790
95597, 1789
221043, 1789
22305, 1787
24993, 1787
30096, 1787
57521, 1787
72639, 1787
79001, 1787
84755, 1787
87630, 1787
88535, 1787
91349, 1787
99165, 1787
105962, 1787
117555, 1787
121162, 1787
123012, 1787
129366, 1787
130590, 1787
134838, 1787
135317, 1787
148895, 1787
162019, 1787
165163, 1787
179891, 1787
206860, 1787
221562, 1787
236137, 1787
237118, 1787
275722, 1787
9295, 1786
9869, 1786
69833, 1786
11806, 1785
64236, 1785
100150, 1785
159306, 1785
191083, 1785
271238, 1785
24916, 1784
34815, 1784
95905, 1784
114432, 1784
141290, 1784
157686, 1784
164084, 1784
167371, 1784
170241, 1784
178560, 1784
183305, 1784
185111, 1784
198599, 1784
206070, 1784
219874, 1784
222559, 1784
241770, 1784
43526, 1782
58337, 1782
120597, 1782
120948, 1782
128631, 1782
132848, 1782
153916, 1782
155315, 1782
167505, 1782
174113, 1782
206104, 1782
206923, 1782
210985, 1782
214787, 1782
221317, 1782
227430, 1782
228602, 1782
238355, 1782
238698, 1782
244920, 1782
252941, 1782
256438, 1782
257727, 1782
270577, 1782
281393, 1782
282007, 1782
285224, 1782
290678, 1782
291376, 1782
293806, 1782
294184, 1782
7714, 1781
88784, 1781
101511, 1781
114938, 1781
158834, 1781
169859, 1781
244988, 1781
287073, 1781
163766, 1780
261653, 1780
130810, 1779
149484, 1779
194670, 1779
169403, 1778
12437, 1776
20866, 1776
32320, 1776
38099, 1776
72435, 1776
74734, 1776
78653, 1776
81429, 1776
84668, 1776
92818, 1776
100957, 1776
105218, 1776
107099, 1776
125170, 1776
129167, 1776
133213, 1776
135335, 1776
142851, 1776
146590, 1776
148429, 1776
152746, 1776
170008, 1776
170282, 1776
177469, 1776
178852, 1776
189295, 1776
195562, 1776
229410, 1776
237136, 1776
237144, 1776
241844, 1776
244192, 1776
262374, 1776
266718, 1776
278441, 1776
279295, 1776
280439, 1776
284849, 1776
295329, 1776
182330, 1775
294648, 1775
28191, 1773
30830, 1770
52457, 1770
100265, 1770
110845, 1770
224555, 1764
227907, 1764
238683, 1764
259214, 1764
115583, 1759
37407, 1758
42804, 1758
123287, 1758
125480, 1758
145013, 1758
199977, 1758
224683, 1758
236519, 1758
5143, 1754
16759, 1754
73908, 1754
217890, 1754
4882, 1752
66009, 1752
114623, 1752
123809, 1752
124633, 1752
129786, 1752
48522, 1750
146898, 1750
169209, 1750
117643, 1749
136618, 1749
20109, 1748
23671, 1748
44950, 1748
116881, 1748
133474, 1748
176994, 1748
56874, 1745
102702, 1745
216602, 1745
62523, 1744
136953, 1744
216412, 1744
287794, 1744
183812, 1742
81108, 1741
14748, 1740
124763, 1740
152272, 1740
189420, 1739
214835, 1739
216318, 1739
232581, 1739
233881, 1739
268038, 1739
284910, 1739
83127, 1736
99181, 1736
199260, 1736
206284, 1736
256756, 1736
279925, 1736
73835, 1733
277881, 1733
55220, 1732
112952, 1732
133668, 1732
174969, 1732
182890, 1732
270073, 1732
282709, 1732
13515, 1730
41523, 1730
43816, 1730
57898, 1730
74593, 1730
80244, 1730
88256, 1730
91904, 1730
126185, 1730
143547, 1730
160196, 1730
229972, 1730
254718, 1730
49047, 1729
172408, 1727
174483, 1727
251944, 1727
8050, 1726
45555, 1726
75131, 1726
118044, 1726
269352, 1726
281638, 1726
286258, 1726
288356, 1726
291735, 1726
131618, 1725
175657, 1725
272423, 1725
236785, 1724
279014, 1724
295009, 1724
129485, 1723
93271, 1722
262150, 1722
205835, 1721
140223, 1719
11449, 1718
68022, 1718
80089, 1718
111862, 1718
112284, 1718
139366, 1718
175897, 1718
182613, 1718
183432, 1718
190739, 1718
192086, 1718
204865, 1718
217025, 1718
224290, 1718
231450, 1718
256241, 1718
263212, 1718
266366, 1718
267401, 1718
272244, 1718
28001, 1717
79810, 1717
267521, 1717
289014, 1717
144360, 1716
144700, 1716
221744, 1716
273251, 1716
291764, 1716
179884, 1715
29314, 1714
48494, 1714
53383, 1714
74316, 1714
77174, 1714
138380, 1714
223959, 1714
284054, 1714
89128, 1713
255976, 1713
263368, 1713
212762, 1712
26215, 1711
248095, 1711
93856, 1710
188829, 1709
192270, 1708
239407, 1708
266836, 1708
289744, 1708
121478, 1707
143533, 1707
274616, 1707
58532, 1704
76908, 1704
88656, 1703
121699, 1703
209767, 1703
104791, 1702
265310, 1702
126965, 1698
119371, 1697
251225, 1697
292650, 1697
98949, 1694
294636, 1694
65328, 1691
91076, 1691
129834, 1691
151286, 1691
151389, 1691
194483, 1691
222146, 1691
235032, 1691
29002, 1690
107974, 1690
183667, 1690
272653, 1690
277608, 1690
294422, 1690
14082, 1689
53441, 1689
181888, 1688
146911, 1687
289832, 1687
69394, 1686
104122, 1686
137739, 1686
151482, 1686
164877, 1686
89510, 1685
114868, 1685
132991, 1685
157998, 1685
161367, 1685
192837, 1685
216783, 1685
219622, 1685
285999, 1685
50200, 1683
95388, 1683
99368, 1683
30797, 1682
68355, 1682
114211, 1682
179903, 1682
129509, 1681
236960, 1681
264402, 1681
286035, 1681
227604, 1680
269029, 1680
262084, 1679
206568, 1678
38248, 1677
122222, 1676
155854, 1676
185900, 1676
276802, 1676
79047, 1674
111547, 1674
169630, 1674
235119, 1674
61107, 1673
189834, 1673
14029, 1672
42143, 1672
287993, 1672
159396, 1670
138281, 1669
137217, 1668
170368, 1668
200099, 1668
210664, 1668
288157, 1668
63316, 1667
92801, 1667
114538, 1666
174913, 1666
222132, 1666
282613, 1666
70626, 1665
95854, 1665
111932, 1665
113761, 1665
119560, 1665
140301, 1665
140933, 1665
164730, 1665
168993, 1665
207449, 1665
226940, 1665
34839, 1664
60784, 1664
86449, 1664
117121, 1664
120129, 1664
138855, 1664
154805, 1664
169221, 1664
191620, 1664
208851, 1664
223154, 1664
223548, 1664
290977, 1664
45238, 1663
11117, 1662
77770, 1662
78918, 1661
195547, 1661
266464, 1661
155027, 1660
193828, 1659
261276, 1659
276086, 1659
275422, 1657
161666, 1655
167056, 1655
24770, 1649
69939, 1649
215666, 1649
7039, 1644
128646, 1644
129488, 1644
131103, 1644
165196, 1644
168105, 1644
174353, 1644
183100, 1644
199308, 1644
206333, 1644
213653, 1644
261218, 1644
280155, 1644
286263, 1644
289236, 1644
84418, 1642
235136, 1642
77669, 1641
129246, 1641
162485, 1641
288875, 1641
153190, 1640
178123, 1640
117554, 1638
142957, 1638
150287, 1638
185649, 1638
186482, 1638
192465, 1638
219943, 1638
244612, 1638
250451, 1638
271431, 1638
278786, 1638
282086, 1638
91016, 1637
248907, 1637
250923, 1637
265571, 1637
132038, 1636
107634, 1635
108156, 1635
179946, 1635
194613, 1635
221068, 1635
249893, 1635
251251, 1635
276021, 1635
283796, 1635
287994, 1635
121221, 1633
189184, 1633
199173, 1633
49822, 1631
94420, 1631
172149, 1631
175081, 1631
177795, 1631
183622, 1631
194923, 1631
223504, 1631
231047, 1631
257512, 1631
261504, 1631
264894, 1631
269836, 1631
276409, 1631
282219, 1631
294959, 1631
152750, 1629
265236, 1629
38597, 1627
51816, 1627
59805, 1627
61683, 1627
61861, 1627
218297, 1627
10732, 1626
65138, 1625
227177, 1625
284812, 1625
68980, 1624
92047, 1624
168405, 1624
200448, 1624
263737, 1624
276619, 1624
287269, 1624
198416, 1622
198508, 1622
261986, 1622
269188, 1621
182047, 1620
60622, 1617
98626, 1617
226497, 1617
294291, 1617
71990, 1616
215790, 1616
256788, 1616
269829, 1616
292571, 1616
122307, 1615
75226, 1614
181069, 1614
49803, 1613
183957, 1613
287776, 1613
145219, 1612
44689, 1611
44946, 1611
48850, 1611
112166, 1611
123626, 1611
70352, 1610
82410, 1610
90412, 1610
189992, 1610
191168, 1610
282247, 1610
113290, 1608
170572, 1608
260166, 1608
10103, 1607
11009, 1607
11050, 1607
11971, 1607
13963, 1607
18946, 1607
20000, 1607
30609, 1607
69994, 1607
85732, 1607
87807, 1607
99937, 1607
108308, 1607
126315, 1607
143898, 1607
147534, 1607
208235, 1607
213953, 1607
241470, 1607
259747, 1607
278366, 1607
295319, 1607
102475, 1606
104913, 1606
143035, 1606
144244, 1606
176744, 1606
187049, 1606
235364, 1606
25512, 1605
106409, 1605
109240, 1605
114774, 1605
118572, 1605
130082, 1605
218009, 1605
245263, 1605
261031, 1605
289379, 1605
110289, 1604
279734, 1604
89802, 1602
108349, 1602
38670, 1601
105322, 1601
251718, 1601
46366, 1600
99046, 1600
106129, 1600
109185, 1600
128279, 1600
136003, 1600
152684, 1600
167266, 1600
169180, 1600
217274, 1600
271174, 1600
277727, 1600
293577, 1600
293722, 1600
294512, 1600
294900, 1600
296483, 1600
153129, 1599
177954, 1599
294760, 1599
26063, 1597
68859, 1597
290057, 1597
73958, 1596
199170, 1596
211158, 1596
208193, 1595
254448, 1594
23265, 1593
78990, 1593
91285, 1593
289681, 1593
56241, 1592
103586, 1592
251420, 1592
43515, 1591
75141, 1591
94004, 1591
166994, 1591
188296, 1591
224455, 1591
278646, 1591
281299, 1591
284463, 1591
57999, 1590
125807, 1590
126829, 1590
142264, 1590
153405, 1590
193783, 1590
196823, 1590
199654, 1590
209298, 1590
227948, 1590
270174, 1590
288377, 1590
295350, 1590
211492, 1588
21384, 1585
24932, 1585
42528, 1585
53327, 1585
65393, 1585
69967, 1585
75184, 1585
95287, 1585
108029, 1585
108422, 1585
117311, 1585
119620, 1585
121084, 1585
137661, 1585
173430, 1585
174885, 1585
182376, 1585
186625, 1585
216862, 1585
219377, 1585
264299, 1585
134465, 1584
194745, 1584
64868, 1583
119691, 1583
137552, 1583
82070, 1582
172941, 1582
186713, 1582
198298, 1582
225407, 1582
233706, 1582
288067, 1582
77680, 1581
128304, 1579
178041, 1579
186674, 1579
211797, 1579
222001, 1579
274073, 1579
205206, 1576
253417, 1576
282585, 1576
4688, 1575
60945, 1575
61394, 1575
119840, 1575
153456, 1575
170099, 1575
193548, 1575
203925, 1575
207760, 1575
267183, 1575
268452, 1573
292119, 1573
158757, 1572
41700, 1571
206743, 1568
165111, 1567
42631, 1566
60659, 1566
187103, 1566
197862, 1566
237107, 1566
78066, 1564
109278, 1564
98733, 1563
196151, 1563
216568, 1563
266766, 1563
83765, 1561
106606, 1561
97841, 1559
219021, 1559
290921, 1559
51783, 1558
89186, 1556
169167, 1556
273747, 1554
69840, 1553
72140, 1553
90717, 1553
134828, 1553
185208, 1553
35421, 1551
92279, 1551
231568, 1551
31524, 1550
94621, 1550
220587, 1550
27559, 1549
28049, 1549
120127, 1549
160292, 1549
212344, 1549
216216, 1549
56896, 1548
280006, 1548
193989, 1547
194930, 1546
233781, 1546
235015, 1546
62800, 1543
130481, 1543
261835, 1543
25117, 1542
244260, 1542
244832, 1542
103022, 1540
129110, 1540
155786, 1540
289678, 1540
289812, 1540
13907, 1539
130243, 1539
146770, 1539
205900, 1539
221369, 1539
255877, 1539
261138, 1539
273493, 1539
30548, 1537
68679, 1537
97871, 1537
146101, 1537
28253, 1535
109399, 1535
161481, 1535
233827, 1535
257657, 1535
288640, 1535
120195, 1533
267911, 1533
230473, 1532
188099, 1530
87141, 1529
53270, 1527
121057, 1527
148060, 1527
158164, 1527
246968, 1527
271699, 1527
170822, 1526
27713, 1525
167153, 1525
51351, 1524
283894, 1524
50850, 1523
207971, 1523
18396, 1522
185133, 1522
221351, 1520
19584, 1517
25442, 1517
35217, 1517
222498, 1517
266458, 1517
110612, 1516
65745, 1515
248583, 1515
291706, 1515
103251, 1514
142729, 1512
179153, 1512
190871, 1512
168691, 1511
104419, 1510
173909, 1510
229087, 1510
234433, 1510
227867, 1508
283586, 1508
167395, 1505
258559, 1505
294605, 1505
11143, 1502
62315, 1502
150146, 1502
173460, 1502
42791, 1500
139166, 1500
142985, 1500
145291, 1500
111001, 1499
217891, 1499
224024, 1499
231501, 1499
246424, 1499
246914, 1499
259785, 1499
270386, 1499
278537, 1499
281062, 1499
281189, 1499
281806, 1499
128211, 1497
29687, 1495
34283, 1495
149319, 1495
245074, 1495
79638, 1494
123543, 1494
168564, 1494
179435, 1494
228175, 1494
282130, 1494
28674, 1491
70747, 1491
78075, 1491
91935, 1491
156521, 1491
231930, 1491
245794, 1491
172196, 1489
104474, 1488
164915, 1487
286896, 1487
290472, 1487
20517, 1486
268043, 1484
91086, 1483
117980, 1483
182659, 1483
204873, 1483
244617, 1483
266653, 1483
281488, 1483
282076, 1483
179859, 1482
279914, 1482
198954, 1481
213494, 1481
234716, 1481
244322, 1481
265334, 1481
269543, 1481
276247, 1481
103505, 1479
104350, 1479
183354, 1479
202850, 1479
218043, 1479
218510, 1479
227063, 1479
243737, 1479
261353, 1479
200097, 1478
242604, 1478
250690, 1478
290385, 1478
294847, 1478
56159, 1477
155529, 1477
216712, 1477
219569, 1477
228930, 1477
248945, 1477
281811, 1477
101888, 1475
146992, 1475
127836, 1473
264407, 1473
20835, 1472
97392, 1472
97694, 1472
172431, 1472
121100, 1471
203176, 1471
48900, 1470
67654, 1470
175263, 1470
97853, 1469
291654, 1469
4896, 1468
34163, 1467
87959, 1467
119360, 1467
126127, 1467
204077, 1467
218132, 1467
223778, 1467
227273, 1467
241931, 1467
248582, 1467
264665, 1467
266322, 1467
267631, 1467
274428, 1467
294192, 1467
295584, 1467
40942, 1466
71930, 1466
99461, 1466
94460, 1463
94086, 1462
134802, 1462
199753, 1462
216735, 1462
266547, 1462
35954, 1461
244102, 1461
64905, 1460
82744, 1460
112440, 1460
144952, 1460
229328, 1460
257443, 1460
11990, 1459
54885, 1459
58397, 1459
69321, 1459
75659, 1459
19758, 1457
51687, 1457
110367, 1457
201360, 1457
222954, 1457
127199, 1456
133327, 1456
168941, 1456
180772, 1456
196341, 1456
197182, 1456
200378, 1456
236313, 1456
253758, 1456
259167, 1456
273941, 1456
283059, 1456
294741, 1456
195975, 1455
34632, 1454
179914, 1454
5673, 1452
7600, 1452
16968, 1451
178751, 1451
199558, 1449
165775, 1448
223581, 1448
34410, 1447
109682, 1447
111677, 1447
217193, 1447
188670, 1444
214810, 1443
225459, 1443
60229, 1442
50826, 1439
243640, 1436
247284, 1436
62690, 1435
65850, 1435
141282, 1435
171764, 1435
210611, 1435
253309, 1435
286364, 1435
41335, 1433
206612, 1433
196033, 1430
49552, 1429
65975, 1429
124087, 1429
201499, 1429
45548, 1428
87998, 1428
97378, 1428
135225, 1428
141935, 1428
179501, 1428
248904, 1428
255126, 1428
259476, 1428
262029, 1428
275258, 1428
257215, 1427
126510, 1425
85457, 1423
85899, 1423
120352, 1423
162828, 1423
174190, 1423
212640, 1423
231239, 1423
283263, 1423
287984, 1423
273884, 1422
55888, 1421
181778, 1420
292515, 1419
84075, 1418
176597, 1418
31576, 1417
211858, 1417
44916, 1415
193992, 1415
68598, 1414
259884, 1414
284974, 1414
91116, 1413
115611, 1412
34140, 1410
46800, 1410
80041, 1410
91739, 1410
139374, 1410
169751, 1410
219223, 1410
285338, 1410
292824, 1410
106493, 1408
112743, 1408
138777, 1408
189767, 1408
227750, 1408
240592, 1408
8697, 1405
9539, 1405
42136, 1405
73249, 1405
74171, 1405
183495, 1405
189678, 1405
197713, 1405
231026, 1405
239613, 1405
243154, 1405
268516, 1405
267019, 1403
71772, 1401
44851, 1399
137196, 1399
164394, 1399
245236, 1396
251561, 1396
107461, 1394
204068, 1394
53171, 1393
11086, 1391
29233, 1391
45995, 1391
86483, 1391
101489, 1391
154028, 1391
286030, 1391
39486, 1390
109219, 1390
116306, 1389
229066, 1389
266350, 1389
270208, 1389
273558, 1389
79978, 1388
256681, 1388
182963, 1387
243436, 1387
282765, 1387
296132, 1387
131474, 1383
180416, 1383
182743, 1383
8441, 1380
25159, 1380
104133, 1380
182399, 1380
227853, 1380
228770, 1380
249260, 1380
279633, 1380
290734, 1380
22449, 1379
143232, 1379
244104, 1378
58054, 1377
41144, 1373
45257, 1373
50328, 1373
117759, 1373
141972, 1373
159339, 1373
162137, 1373
271007, 1373
284856, 1373
262477, 1372
156051, 1371
172736, 1371
241785, 1371
266596, 1371
289532, 1371
106256, 1370
116440, 1370
128641, 1370
161192, 1370
171469, 1370
117130, 1368
248128, 1367
105243, 1365
220872, 1363
754, 1360
103552, 1360
274693, 1360
128754, 1358
11416, 1357
58877, 1357
4704, 1356
62773, 1356
69456, 1356
116457, 1356
137735, 1356
183429, 1356
203496, 1356
229287, 1356
233443, 1356
237288, 1356
270322, 1356
164080, 1354
165784, 1354
169350, 1354
173510, 1354
199071, 1354
202217, 1354
228829, 1354
25641, 1353
165257, 1353
22584, 1351
198331, 1351
245767, 1351
273158, 1351
273881, 1349
32537, 1348
227104, 1348
231660, 1348
244567, 1348
246560, 1347
252744, 1347
176342, 1345
247505, 1345
55535, 1343
64961, 1343
123375, 1343
146883, 1343
161134, 1343
186776, 1343
229351, 1343
262189, 1343
266017, 1343
102867, 1342
247895, 1342
81146, 1341
191744, 1341
233609, 1341
295454, 1341
186894, 1339
187005, 1339
221716, 1339
254983, 1339
21739, 1338
56749, 1338
17937, 1337
166500, 1337
242672, 1337
8203, 1336
67767, 1335
109989, 1335
135806, 1335
206119, 1335
258252, 1335
14589, 1334
46499, 1334
77640, 1334
225535, 1334
95562, 1333
18164, 1331
104107, 1331
183857, 1330
234094, 1330
48334, 1328
71274, 1328
140456, 1328
206080, 1328
255460, 1328
229835, 1327
264447, 1327
277821, 1327
282749, 1327
208448, 1326
293663, 1326
14252, 1322
28555, 1322
157860, 1322
287432, 1322
101042, 1321
107603, 1321
195069, 1321
221616, 1321
241261, 1321
97398, 1320
158275, 1320
229035, 1319
46681, 1318
142990, 1317
212979, 1317
249672, 1317
97826, 1316
126188, 1316
126788, 1316
136868, 1316
210604, 1316
280266, 1316
202848, 1315
233009, 1315
272808, 1315
113741, 1314
157025, 1314
249466, 1314
41095, 1312
98571, 1312
53291, 1310
72233, 1310
106261, 1310
110246, 1310
110779, 1310
112739, 1310
129157, 1309
163638, 1309
255731, 1309
256405, 1309
264340, 1309
279542, 1309
281458, 1309
295924, 1309
9136, 1307
36969, 1307
232051, 1306
254067, 1306
16945, 1305
49017, 1305
233713, 1305
39852, 1304
104651, 1304
141090, 1302
245025, 1302
291403, 1302
38461, 1301
67277, 1301
141019, 1301
178471, 1301
203257, 1301
283517, 1301
130596, 1300
176448, 1300
218746, 1300
12621, 1297
23907, 1297
138963, 1297
278052, 1297
244100, 1295
162817, 1294
241828, 1294
277758, 1294
12002, 1293
24687, 1293
39445, 1293
77750, 1291
114693, 1291
134899, 1291
272030, 1291
280379, 1291
289703, 1291
230637, 1290
116745, 1289
198767, 1289
236938, 1289
262827, 1289
98775, 1288
53333, 1286
78025, 1286
266433, 1286
271869, 1286
190118, 1285
204262, 1285
263901, 1285
282105, 1285
37271, 1282
141682, 1282
230074, 1282
219872, 1281
267030, 1281
10078, 1280
31793, 1280
34528, 1280
123957, 1280
214121, 1279
256465, 1279
284754, 1279
52613, 1276
148934, 1276
129185, 1274
165547, 1274
210249, 1274
276988, 1274
278202, 1274
33340, 1273
60513, 1273
143578, 1272
209822, 1272
56689, 1271
130076, 1271
148208, 1271
155725, 1271
225897, 1271
229790, 1271
234024, 1271
256965, 1271
9788, 1268
103415, 1268
114881, 1268
144071, 1268
161802, 1268
178579, 1268
214862, 1268
228787, 1268
258487, 1268
191257, 1267
245370, 1267
17836, 1266
52400, 1266
263006, 1264
282268, 1264
294949, 1264
58024, 1263
283206, 1263
287156, 1263
84846, 1262
241151, 1262
84416, 1260
229590, 1260
78408, 1258
153820, 1258
119559, 1257
276355, 1257
237605, 1254
76567, 1252
109367, 1252
125821, 1252
145708, 1252
148221, 1252
167523, 1252
171623, 1252
183878, 1252
186209, 1252
189669, 1252
192027, 1252
227970, 1252
235713, 1252
266807, 1252
274805, 1252
279643, 1252
290025, 1252
228620, 1251
87578, 1250
220981, 1250
249923, 1250
26400, 1249
15583, 1247
288158, 1247
7244, 1246
113049, 1246
213491, 1246
93458, 1245
112248, 1245
289777, 1245
134232, 1244
10846, 1243
38847, 1243
202111, 1243
115166, 1242
249180, 1242
35681, 1241
185290, 1240
263402, 1240
271703, 1240
275647, 1240
287374, 1240
267446, 1239
15474, 1238
271027, 1237
41938, 1236
44382, 1236
58853, 1236
89512, 1236
123379, 1236
175924, 1236
149543, 1234
260559, 1234
54289, 1233
141955, 1233
142214, 1233
176984, 1233
203749, 1233
282829, 1233
89083, 1232
137461, 1232
243239, 1232
215544, 1229
281774, 1229
6195, 1227
251984, 1226
91269, 1225
103464, 1225
112077, 1225
158572, 1225
237672, 1225
193199, 1223
205635, 1223
207608, 1222
256344, 1222
274370, 1222
5642, 1221
33690, 1219
52275, 1219
65898, 1219
102036, 1219
135412, 1219
135766, 1219
142410, 1219
164902, 1219
176162, 1219
198628, 1219
212562, 1219
183311, 1218
128494, 1217
284865, 1217
284871, 1217
87113, 1216
197566, 1216
272606, 1216
178278, 1215
182529, 1215
255410, 1215
294754, 1215
96919, 1214
147683, 1214
15779, 1213
30094, 1213
59611, 1213
67227, 1213
114560, 1213
129652, 1213
171391, 1213
202616, 1211
252159, 1210
202700, 1209
225464, 1209
268318, 1209
92266, 1207
146080, 1207
260048, 1206
9991, 1205
17726, 1205
236704, 1205
147334, 1204
209941, 1202
264410, 1202
271617, 1202
66431, 1201
86458, 1201
217045, 1201
251913, 1201
284104, 1201
109736, 1200
128518, 1200
153236, 1200
211895, 1200
259734, 1199
279623, 1199
75774, 1198
225181, 1198
285994, 1198
93085, 1197
116733, 1197
147936, 1197
190231, 1197
151521, 1196
131295, 1195
11195, 1193
38044, 1193
81710, 1193
102606, 1193
188424, 1193
191414, 1193
259046, 1193
207635, 1192
54875, 1190
75310, 1190
103667, 1190
12282, 1189
223019, 1189
281628, 1189
284132, 1189
65161, 1187
117472, 1187
118316, 1187
59170, 1186
241137, 1186
244365, 1186
279308, 1186
62520, 1185
72195, 1185
143134, 1185
186081, 1185
250804, 1185
261543, 1185
262717, 1185
288434, 1185
295078, 1185
295947, 1185
105132, 1184
210355, 1181
140960, 1180
162809, 1180
94105, 1179
175976, 1179
192351, 1179
232340, 1179
277172, 1179
283974, 1179
288495, 1179
296578, 1179
9472, 1178
38291, 1178
94406, 1178
117493, 1178
236920, 1178
255931, 1178
273581, 1178
67985, 1176
76223, 1176
106239, 1176
247451, 1176
186449, 1173
71448, 1172
281647, 1172
62623, 1171
155222, 1170
16792, 1169
89109, 1169
184909, 1169
233035, 1169
243488, 1169
244841, 1169
250887, 1169
286997, 1169
110114, 1168
218540, 1167
251732, 1167
157857, 1164
182958, 1163
185607, 1163
214442, 1163
72420, 1160
202898, 1160
72371, 1159
81267, 1159
135555, 1158
187808, 1158
207970, 1158
47774, 1157
171586, 1157
182319, 1157
220085, 1157
244441, 1157
248765, 1157
258963, 1157
8484, 1155
45983, 1155
168546, 1155
61396, 1154
218686, 1154
232863, 1154
78038, 1152
128687, 1151
34164, 1149
221473, 1149
235208, 1149
291311, 1148
14859, 1146
131691, 1146
182312, 1146
219677, 1146
243730, 1146
251270, 1146
256143, 1146
21921, 1145
146079, 1145
131517, 1144
72381, 1143
87335, 1143
101480, 1143
174061, 1143
209120, 1143
267851, 1143
268968, 1143
273665, 1143
281224, 1143
285235, 1143
285311, 1143
32021, 1141
71452, 1141
194544, 1141
213472, 1141
159627, 1140
255916, 1140
260563, 1140
175962, 1139
253665, 1138
280205, 1138
197485, 1137
207235, 1137
16625, 1136
145317, 1136
178757, 1136
209023, 1136
221387, 1136
231052, 1136
262509, 1136
275636, 1136
281693, 1136
290904, 1136
7142, 1134
64446, 1134
73202, 1134
155417, 1134
186642, 1134
296400, 1134
46504, 1133
287049, 1132
96604, 1130
124365, 1130
147538, 1130
180649, 1130
231542, 1130
260447, 1130
40005, 1129
114668, 1129
239301, 1128
31975, 1127
37676, 1127
39227, 1127
65618, 1127
74626, 1127
76689, 1127
79245, 1127
98865, 1127
126323, 1127
179795, 1127
189997, 1127
209687, 1127
244171, 1127
248066, 1127
272178, 1127
54318, 1124
90848, 1124
118502, 1124
214649, 1124
254275, 1124
110914, 1123
114905, 1123
160535, 1123
172131, 1123
200200, 1123
254155, 1123
271856, 1123
294499, 1123
160941, 1122
202113, 1122
227977, 1122
6675, 1120
72631, 1120
131432, 1120
248203, 1120
25218, 1118
193405, 1118
286395, 1118
107849, 1117
281193, 1117
120348, 1116
10527, 1113
27078, 1113
112017, 1113
152367, 1113
226122, 1113
243719, 1113
144888, 1112
7601, 1110
56053, 1110
113382, 1110
117729, 1110
121932, 1110
156476, 1110
102484, 1109
130856, 1109
161968, 1109
178062, 1109
231839, 1109
285461, 1109
197473, 1108
199833, 1108
53708, 1107
68515, 1107
78186, 1107
116189, 1107
139202, 1107
204988, 1107
208885, 1107
234491, 1107
253143, 1107
147507, 1106
229601, 1106
253302, 1105
205252, 1104
262497, 1104
282705, 1104
286876, 1104
164623, 1102
5633, 1101
43675, 1101
142279, 1101
198454, 1101
258634, 1101
268609, 1101
282850, 1101
231104, 1100
267994, 1099
27046, 1098
60877, 1098
230310, 1098
269560, 1098
106868, 1097
143038, 1097
163599, 1097
182089, 1097
271978, 1097
113639, 1094
210556, 1094
256447, 1092
285798, 1092
80230, 1091
41594, 1090
68130, 1090
208053, 1090
239506, 1090
267086, 1090
73117, 1089
216142, 1089
261027, 1089
273835, 1088
151231, 1087
246184, 1087
11738, 1086
61071, 1086
232983, 1086
8106, 1085
63870, 1085
161414, 1085
185410, 1085
48516, 1084
74222, 1084
272987, 1084
31299, 1083
52522, 1083
101815, 1083
105372, 1083
274194, 1083
202979, 1081
249184, 1081
29216, 1080
128129, 1080
144966, 1080
153732, 1080
191326, 1080
211447, 1080
244644, 1080
29691, 1077
33599, 1077
110170, 1077
122552, 1077
126451, 1077
194597, 1077
201224, 1077
234323, 1077
283484, 1077
85142, 1076
278950, 1075
205449, 1074
61082, 1073
113266, 1073
132782, 1073
131406, 1071
34480, 1070
185505, 1070
209245, 1070
126836, 1069
195878, 1069
207447, 1069
211584, 1069
221150, 1069
256501, 1069
23573, 1068
119573, 1068
198704, 1068
295409, 1068
84495, 1067
86319, 1067
93037, 1067
106464, 1067
131458, 1067
176536, 1067
176580, 1067
176775, 1067
184600, 1067
258388, 1067
260103, 1067
263267, 1067
275933, 1067
291837, 1067
14318, 1066
79096, 1066
139287, 1066
284591, 1066
68501, 1065
76792, 1065
133150, 1065
141874, 1065
262367, 1065
92338, 1064
41826, 1063
69016, 1063
85841, 1063
227374, 1063
147771, 1062
189075, 1062
271531, 1062
296519, 1062
20464, 1061
195897, 1061
244986, 1061
94542, 1060
108107, 1060
115781, 1060
168834, 1060
194587, 1060
223357, 1060
227718, 1060
292642, 1060
293012, 1060
54664, 1058
122279, 1058
128166, 1058
175312, 1058
190065, 1058
191917, 1058
277828, 1058
203120, 1057
149763, 1056
171553, 1056
254685, 1055
87184, 1054
90889, 1054
93667, 1054
143934, 1054
153829, 1054
160918, 1054
170064, 1054
199938, 1054
229527, 1054
231979, 1054
245002, 1054
255153, 1054
263896, 1054
282909, 1054
56077, 1053
94326, 1053
97861, 1053
141003, 1053
248078, 1052
256230, 1052
274919, 1052
268827, 1051
9794, 1050
100664, 1050
105822, 1050
142343, 1050
150455, 1050
209610, 1050
216355, 1050
238876, 1050
279804, 1050
282783, 1050
199527, 1049
76264, 1048
175870, 1048
179194, 1048
217317, 1048
222701, 1048
230264, 1048
281129, 1048
131754, 1047
139501, 1047
48892, 1046
197073, 1046
233921, 1046
267106, 1046
272024, 1046
174229, 1045
130140, 1043
181204, 1043
241331, 1043
19433, 1042
123992, 1042
158335, 1041
163669, 1040
284580, 1040
6878, 1039
113812, 1039
204125, 1039
61659, 1038
188136, 1038
46617, 1037
60005, 1037
106495, 1037
231685, 1037
243938, 1036
47006, 1035
196481, 1035
198847, 1035
263171, 1035
267204, 1035
290647, 1035
231463, 1034
257719, 1034
65943, 1032
146249, 1032
157231, 1032
169542, 1032
187384, 1032
199772, 1032
238159, 1032
268451, 1032
102007, 1029
259993, 1029
111352, 1028
156167, 1028
261175, 1028
63065, 1027
183141, 1027
219631, 1027
99120, 1026
116526, 1026
11747, 1024
78111, 1024
134753, 1024
108999, 1023
236142, 1023
80678, 1022
168835, 1022
217664, 1022
283661, 1021
184224, 1020
217766, 1020
231937, 1020
67848, 1019
94009, 1019
118392, 1019
145912, 1019
166735, 1019
295285, 1019
23921, 1018
149014, 1018
50540, 1017
208873, 1016
116462, 1015
245009, 1014
229366, 1013
275218, 1013
267121, 1012
29228, 1011
169652, 1010
111568, 1007
115622, 1007
249565, 1007
270236, 1007
127306, 1006
255277, 1006
290981, 1006
166512, 1005
42453, 1004
43421, 1004
119936, 1004
133626, 1004
156686, 1004
209203, 1004
235575, 1004
254335, 1004
122252, 1002
191721, 1002
262364, 1002
175236, 1000
239660, 1000
271981, 1000
