17432, 58452
21423, 58452
73800, 58452
75433, 58452
107598, 58452
108421, 58452
112729, 58452
115149, 58452
116857, 58452
118673, 58452
119386, 58452
122621, 58452
123651, 58452
126220, 58452
126536, 58452
127047, 58452
128424, 58452
129931, 58452
131526, 58452
135731, 58452
140183, 58452
147502, 58452
147640, 58452
162578, 58452
170402, 58452
171181, 58452
176189, 58452
178915, 58452
180823, 58452
181236, 58452
215560, 58452
238731, 58452
240976, 58452
293116, 58452
474, 1489
132854, 1489
153990, 1489
158791, 1489
182935, 1489
185963, 1489
194086, 1489
224497, 1489
236898, 1489
244195, 1489
257417, 1489
282590, 1489
283054, 1489
110766, 1439
128337, 1439
133030, 1439
133310, 1439
133411, 1439
136128, 1439
140879, 1439
143098, 1439
144731, 1439
146873, 1439
147034, 1439
147257, 1439
147312, 1439
148915, 1439
149366, 1439
149456, 1439
154635, 1439
154902, 1439
154911, 1439
155264, 1439
155302, 1439
155965, 1439
155966, 1439
156147, 1439
156220, 1439
157294, 1439
158006, 1439
158102, 1439
158665, 1439
159161, 1439
160047, 1439
161200, 1439
161266, 1439
162042, 1439
162821, 1439
162844, 1439
163571, 1439
163874, 1439
165242, 1439
166407, 1439
169517, 1439
169620, 1439
173336, 1439
173433, 1439
181241, 1439
182830, 1439
184120, 1439
185650, 1439
187219, 1439
189009, 1439
191455, 1439
192934, 1439
196795, 1439
197407, 1439
198948, 1439
199807, 1439
200767, 1439
203848, 1439
205636, 1439
217485, 1439
234031, 1439
256099, 1439
266735, 1439
276703, 1439
292156, 1439
212543, 1437
222200, 1437
256201, 1437
258111, 1437
273625, 1437
251294, 1422
87673, 1413
125220, 1413
133195, 1407
48293, 1400
63002, 1400
87814, 1396
104715, 1396
114839, 1396
147740, 1396
148449, 1396
150226, 1396
154169, 1396
157501, 1396
158074, 1396
166269, 1396
167298, 1396
167312, 1396
174409, 1396
179036, 1396
192425, 1396
192470, 1396
269192, 1396
276727, 1396
280062, 1396
286561, 1396
91484, 1393
203730, 1393
207926, 1393
230223, 1393
236064, 1393
236982, 1393
240457, 1393
263134, 1393
263553, 1393
271532, 1393
278221, 1393
284769, 1393
52790, 1371
55000, 1371
129927, 1366
143249, 1366
152463, 1366
181849, 1366
188254, 1366
198289, 1366
200834, 1366
206066, 1366
207696, 1366
223767, 1366
44909, 1360
47788, 1360
51246, 1360
54017, 1360
117678, 1350
149406, 1350
160190, 1350
164070, 1350
164405, 1350
177120, 1350
180646, 1350
180665, 1350
182455, 1350
182534, 1350
189285, 1350
197263, 1350
205501, 1350
210116, 1350
213996, 1350
216842, 1350
236439, 1350
237004, 1350
241820, 1350
247592, 1350
247641, 1350
263858, 1350
279082, 1350
285581, 1350
289273, 1350
58684, 1349
68638, 1347
71889, 1347
82431, 1347
90851, 1347
100946, 1347
88370, 1339
90993, 1339
93842, 1339
100119, 1339
102064, 1339
105873, 1339
107932, 1339
108260, 1339
109308, 1339
109880, 1339
110760, 1339
112905, 1339
116233, 1339
117373, 1339
119768, 1339
122277, 1339
126618, 1339
127838, 1339
128138, 1339
129561, 1339
133701, 1339
134708, 1339
137983, 1339
139435, 1339
139684, 1339
139919, 1339
140521, 1339
142374, 1339
145174, 1339
151724, 1339
166329, 1339
167321, 1339
190615, 1339
83842, 1338
141873, 1338
179174, 1338
191262, 1338
41318, 1337
53127, 1337
53713, 1337
54201, 1337
64788, 1337
72790, 1337
119519, 1332
148638, 1332
189414, 1332
255653, 1332
75727, 1329
87244, 1329
98176, 1329
99710, 1329
105654, 1329
110421, 1329
113334, 1329
116009, 1329
116642, 1329
119019, 1329
119670, 1329
122589, 1329
122757, 1329
124664, 1329
125457, 1329
84641, 1327
85751, 1327
72177, 1314
106254, 1314
210417, 1306
186294, 1302
94246, 1296
96575, 1296
105529, 1296
40476, 1295
121118, 1286
121772, 1286
129395, 1273
129584, 1273
144735, 1273
154530, 1273
155622, 1273
155748, 1273
157575, 1273
159954, 1273
160582, 1273
162524, 1273
164961, 1273
165802, 1273
168889, 1273
169535, 1273
173733, 1273
174076, 1273
179175, 1273
182368, 1273
184552, 1273
186969, 1273
187255, 1273
187496, 1273
199782, 1273
199881, 1273
200608, 1273
204687, 1273
204838, 1273
205233, 1273
206873, 1273
208929, 1273
209623, 1273
210846, 1273
214602, 1273
218111, 1273
219251, 1273
222679, 1273
223214, 1273
229966, 1273
233370, 1273
241325, 1273
273311, 1273
24739, 1263
53712, 1263
98665, 1263
113567, 1263
114304, 1263
114658, 1263
121698, 1263
122407, 1263
131885, 1263
71480, 1260
91928, 1260
92213, 1260
101306, 1260
111383, 1260
112595, 1260
115126, 1260
120511, 1260
123126, 1260
132043, 1260
26855, 1257
491, 1256
49361, 1237
524, 1232
40037, 1219
46145, 1219
34175, 1207
34257, 1207
34974, 1207
35014, 1207
35231, 1207
35489, 1207
36417, 1207
36505, 1207
36621, 1207
36760, 1207
36817, 1207
37433, 1207
37710, 1207
37855, 1207
38136, 1207
38551, 1207
39471, 1207
39563, 1207
39929, 1207
40055, 1207
40323, 1207
41051, 1207
41509, 1207
42562, 1207
43027, 1207
44300, 1207
48641, 1207
49303, 1207
46655, 1178
80601, 1172
70556, 1171
35914, 1170
36395, 1170
39397, 1170
41543, 1170
28431, 1168
38913, 1156
40836, 1156
42986, 1156
40987, 1147
41404, 1147
41720, 1147
42186, 1147
42322, 1147
43796, 1147
45924, 1147
35555, 1132
40058, 1132
41820, 1132
41882, 1132
42276, 1132
42732, 1132
43272, 1132
43274, 1132
43351, 1132
43500, 1132
43750, 1132
44151, 1132
44431, 1132
44770, 1132
45559, 1132
45677, 1132
46826, 1132
48138, 1132
48145, 1132
36161, 1116
58410, 1112
30529, 1109
48657, 1104
52315, 1104
35570, 1102
37148, 1098
38639, 1081
41918, 1081
47263, 1081
47677, 1081
53115, 1081
53972, 1081
55462, 1081
61643, 1081
65021, 1081
41852, 1060
50779, 1039
39315, 1032
72153, 1030
73945, 1030
27772, 1026
64463, 1024
37292, 1015
40083, 1015
43221, 1015
43298, 1015
45261, 1015
50932, 1015
41513, 1009
56762, 1009
57473, 1009
63437, 1009
75150, 1009
