2065, 56327
194472, 54039
107144, 53478
279863, 53329
3231, 44219
4145, 44219
4693, 44219
12848, 44219
57722, 44219
213990, 44219
3112, 35990
10403, 34577
30781, 34577
249378, 34577
2214, 33638
6652, 33638
14733, 33638
195866, 33638
295066, 33638
9513, 31639
28279, 31639
30146, 31639
61730, 31639
18374, 31184
23629, 31184
38117, 31184
160182, 31184
7926, 29522
11325, 29522
12098, 29522
12489, 29522
15451, 29522
15876, 29522
19382, 29522
19907, 29522
21738, 29522
23297, 29522
24461, 29522
26016, 29522
28236, 29522
29027, 29522
29414, 29522
29625, 29522
30792, 29522
33579, 29522
34825, 29522
35872, 29522
38164, 29522
38821, 29522
39682, 29522
42252, 29522
44321, 29522
44805, 29522
45175, 29522
45217, 29522
51039, 29522
54503, 29522
56084, 29522
56643, 29522
57978, 29522
59578, 29522
62068, 29522
62158, 29522
67965, 29522
68346, 29522
70399, 29522
71836, 29522
72059, 29522
74429, 29522
75427, 29522
76185, 29522
76501, 29522
78871, 29522
81563, 29522
92826, 29522
95725, 29522
97375, 29522
102670, 29522
103514, 29522
114724, 29522
536, 29256
872, 29256
1885, 29256
2709, 29256
3652, 29256
3916, 29256
3955, 29256
5752, 29256
11070, 29256
136573, 29256
163238, 29256
165291, 29256
214366, 29256
231554, 29256
267664, 29256
277685, 29256
3216, 29220
4732, 29220
255595, 29220
265928, 29220
40437, 29008
65, 28101
246, 28101
462, 28095
532, 28095
48618, 28003
58596, 28003
69652, 28003
74457, 28003
76537, 28003
82813, 28003
96656, 28003
64703, 27724
75996, 27724
77109, 27724
82064, 27724
1, 27134
5, 27134
18, 27134
18886, 27038
59374, 26361
164, 25774
116, 20759
212, 14709
14185, 14709
31400, 14709
48154, 14709
54282, 14709
88294, 14709
93018, 14709
106840, 14709
117464, 14709
193473, 14709
197422, 14709
221139, 14709
252603, 14709
254786, 14709
278931, 14709
23043, 14638
144992, 14638
6218, 14619
8095, 14619
23697, 14619
33232, 14619
36818, 14619
41652, 14619
43807, 14619
44997, 14619
47915, 14619
54229, 14619
64055, 14619
66097, 14619
66478, 14619
66634, 14619
69739, 14619
78258, 14619
78648, 14619
84053, 14619
90833, 14619
104372, 14619
105309, 14619
112522, 14619
114536, 14619
115046, 14619
119075, 14619
119976, 14619
127903, 14619
128615, 14619
137441, 14619
150829, 14619
152756, 14619
153284, 14619
153738, 14619
178558, 14619
182155, 14619
185471, 14619
200062, 14619
200393, 14619
202972, 14619
212565, 14619
239245, 14619
243336, 14619
259311, 14619
259951, 14619
267421, 14619
269136, 14619
272850, 14619
274778, 14619
6189, 14587
13172, 14587
32382, 14587
41860, 14587
52025, 14587
52592, 14587
60445, 14587
69801, 14587
70201, 14587
92280, 14587
102094, 14587
103220, 14587
107978, 14587
110022, 14587
119700, 14587
123913, 14587
126896, 14587
144534, 14587
148462, 14587
154367, 14587
163986, 14587
169953, 14587
194615, 14587
196160, 14587
196653, 14587
200022, 14587
228223, 14587
237000, 14587
238091, 14587
238350, 14587
248213, 14587
248894, 14587
248924, 14587
251779, 14587
255593, 14587
256954, 14587
267497, 14587
269617, 14587
272045, 14587
272753, 14587
280022, 14587
289604, 14587
290789, 14587
3402, 14553
206578, 14408
264326, 14408
281125, 14408
282566, 14408
294973, 14408
226647, 14370
4587, 14315
11218, 14315
127136, 14315
144005, 14315
168512, 14315
7638, 14208
9046, 14208
12469, 14208
16802, 14208
16804, 14208
24526, 14208
24852, 14208
25671, 14208
48228, 14208
62871, 14208
64681, 14208
79651, 14208
83798, 14208
95524, 14208
98692, 14208
99941, 14208
109071, 14208
114404, 14208
116587, 14208
117636, 14208
118533, 14208
119527, 14208
119811, 14208
121204, 14208
121530, 14208
124234, 14208
129040, 14208
135019, 14208
138577, 14208
144263, 14208
150110, 14208
151326, 14208
152477, 14208
160874, 14208
165147, 14208
166058, 14208
166321, 14208
177182, 14208
177607, 14208
184202, 14208
198762, 14208
202892, 14208
208654, 14208
208959, 14208
212197, 14208
212995, 14208
219929, 14208
225388, 14208
236398, 14208
243767, 14208
245603, 14208
249099, 14208
264026, 14208
269144, 14208
269392, 14208
276055, 14208
281539, 14208
4738, 14120
10013, 14095
15354, 14095
113453, 14095
115817, 14095
212627, 14095
15204, 14075
17251, 14075
22515, 14075
24473, 14075
37729, 14075
37944, 14075
47265, 14075
47517, 14075
48697, 14075
49601, 14075
49856, 14075
50562, 14075
53558, 14075
55117, 14075
63233, 14075
70328, 14075
72056, 14075
72163, 14075
74875, 14075
78200, 14075
87269, 14075
89117, 14075
92130, 14075
92844, 14075
95231, 14075
99464, 14075
105842, 14075
106501, 14075
110863, 14075
110954, 14075
112138, 14075
112534, 14075
113598, 14075
115924, 14075
123275, 14075
124551, 14075
124963, 14075
127771, 14075
129251, 14075
129331, 14075
129560, 14075
134477, 14075
136515, 14075
140052, 14075
140551, 14075
142354, 14075
144239, 14075
147839, 14075
151330, 14075
154905, 14075
155191, 14075
155329, 14075
159307, 14075
159365, 14075
167731, 14075
170740, 14075
171595, 14075
173761, 14075
177651, 14075
179959, 14075
180992, 14075
183648, 14075
184969, 14075
185805, 14075
187813, 14075
188019, 14075
188391, 14075
190957, 14075
193741, 14075
194044, 14075
195288, 14075
198514, 14075
204659, 14075
204884, 14075
207800, 14075
207998, 14075
208011, 14075
208143, 14075
209708, 14075
211415, 14075
211954, 14075
212416, 14075
212840, 14075
213020, 14075
213377, 14075
213913, 14075
216539, 14075
218275, 14075
218293, 14075
221018, 14075
232020, 14075
235679, 14075
235844, 14075
236378, 14075
238848, 14075
240362, 14075
240918, 14075
243751, 14075
243820, 14075
245989, 14075
250901, 14075
252973, 14075
255463, 14075
261334, 14075
261696, 14075
262691, 14075
262845, 14075
263266, 14075
264088, 14075
266246, 14075
268124, 14075
268978, 14075
269007, 14075
269998, 14075
270151, 14075
271926, 14075
272187, 14075
273892, 14075
274461, 14075
277896, 14075
287446, 14075
287798, 14075
287940, 14075
287964, 14075
292037, 14075
294086, 14075
296057, 14075
54003, 14033
127960, 14033
111652, 14018
16944, 14010
91467, 14010
120244, 13902
259593, 13884
8264, 13851
10786, 13851
20829, 13851
30203, 13851
42444, 13851
46740, 13851
49108, 13851
54844, 13851
62461, 13851
66736, 13851
68295, 13851
70773, 13851
71383, 13851
72296, 13851
74656, 13851
74861, 13851
79602, 13851
85463, 13851
86969, 13851
90742, 13851
92793, 13851
93907, 13851
95040, 13851
95112, 13851
97897, 13851
122496, 13851
126005, 13851
129166, 13851
158261, 13851
180274, 13851
221021, 13851
229014, 13851
223245, 13798
197117, 13765
26196, 13756
99769, 13756
18996, 13746
261313, 13725
4305, 13711
5298, 13711
6431, 13711
37097, 13711
138213, 13711
43045, 13707
51549, 13707
103935, 13707
118348, 13707
149885, 13707
184952, 13707
189705, 13707
232823, 13707
280573, 13707
137315, 13688
152999, 13688
185964, 13688
231327, 13688
81813, 13451
136796, 13451
138429, 13451
178199, 13451
196677, 13451
205371, 13451
214404, 13451
223388, 13451
236529, 13451
240091, 13451
260568, 13451
286895, 13451
2081, 13447
2500, 13407
55033, 13391
65472, 13391
112802, 13391
113887, 13391
6083, 13383
66696, 13383
81481, 13382
130430, 13382
73431, 13352
6226, 13341
10646, 13341
30764, 13341
33657, 13341
41085, 13341
43339, 13341
47458, 13341
54057, 13341
58163, 13341
99508, 13341
46847, 13317
48590, 13317
55425, 13317
69300, 13317
78125, 13317
82417, 13317
92518, 13317
170483, 13298
96475, 13285
104399, 13285
126898, 13285
160566, 13285
169947, 13285
21559, 13235
23215, 13235
8133, 13078
151439, 13062
200179, 13061
90519, 13056
123057, 13056
127650, 13056
182528, 13056
51361, 13040
158822, 13040
37640, 13035
123463, 13035
188311, 13021
37308, 12970
56939, 12970
71568, 12970
15188, 12956
27067, 12956
51397, 12956
59583, 12956
69708, 12956
76077, 12956
181798, 12956
222194, 12956
127158, 12951
12746, 12950
13168, 12950
18630, 12950
127130, 12950
166742, 12950
212298, 12950
4513, 12888
7698, 12882
15852, 12854
22778, 12854
23413, 12854
31629, 12854
33636, 12854
35491, 12854
39879, 12854
44064, 12854
47454, 12854
22372, 12734
31148, 12734
155209, 12734
193104, 12734
211186, 12734
221998, 12734
231342, 12734
246924, 12734
253375, 12734
17637, 12706
22723, 12706
24283, 12706
170237, 12706
173843, 12706
230022, 12706
21806, 12704
86815, 12649
154358, 12649
163303, 12649
203890, 12649
12092, 12629
43368, 12629
47693, 12629
49234, 12629
60436, 12629
88509, 12629
91276, 12629
102509, 12629
112079, 12629
127761, 12629
128831, 12629
139341, 12629
160303, 12629
160658, 12629
166335, 12629
187601, 12629
188141, 12629
194432, 12629
194962, 12629
196055, 12629
198022, 12629
203949, 12629
208907, 12629
222326, 12629
223791, 12629
250590, 12629
20124, 12589
28068, 12589
82136, 12589
60441, 12585
284616, 12552
4026, 12549
4409, 12549
124996, 12549
134906, 12549
138921, 12549
155621, 12549
173094, 12549
215930, 12549
278577, 12549
5804, 12465
6840, 12465
245258, 12462
211143, 12424
221585, 12411
247681, 12374
267246, 12372
8012, 12346
8836, 12346
12809, 12346
13021, 12346
113605, 12346
121299, 12346
123559, 12346
122411, 12345
16129, 12329
23897, 12329
28831, 12329
75076, 12329
81358, 12329
92270, 12329
112949, 12329
119081, 12329
163720, 12329
200162, 12329
277142, 12329
285144, 12329
273150, 12241
12318, 12208
46458, 12208
66535, 12208
98132, 12208
109122, 12208
117274, 12208
141143, 12208
167781, 12208
184185, 12208
199404, 12208
236169, 12208
237190, 12208
256425, 12208
63974, 12173
99106, 12173
107545, 12173
204167, 12173
257759, 12173
262615, 12173
273854, 12173
288981, 12173
293041, 12173
197180, 12153
269582, 12054
152546, 11980
8045, 11901
23319, 11865
50087, 11865
58243, 11865
116595, 11865
146325, 11865
12067, 11660
57015, 11660
84408, 11660
85523, 11660
91232, 11660
98473, 11660
111763, 11660
148818, 11660
271756, 11640
222266, 11635
294812, 11635
3927, 11421
2773, 11408
70191, 11408
196648, 11408
260815, 11408
13697, 11318
148819, 11281
97487, 11261
27975, 11234
44938, 11234
64962, 11234
29093, 11192
51360, 11192
60629, 11192
187488, 11192
39778, 11186
47323, 11186
52106, 11186
55739, 11186
62538, 11186
63836, 11186
75998, 11186
85615, 11186
86451, 11186
92698, 11186
95064, 11186
138149, 11186
2893, 11151
13094, 11086
24434, 11086
27432, 11086
28627, 11086
49542, 11086
50862, 11086
83278, 11086
104958, 11086
105397, 11086
14234, 11014
295772, 11014
31035, 11003
34580, 11003
38268, 11003
39990, 11003
40790, 11003
43579, 11003
47676, 11003
54984, 11003
59261, 11003
62272, 11003
63948, 11003
66401, 11003
68593, 11003
108718, 11003
132161, 11003
98591, 10992
204968, 10929
26948, 10870
64457, 10870
65082, 10870
86199, 10870
103997, 10870
113483, 10870
161459, 10870
15367, 10853
18671, 10853
20040, 10853
30617, 10853
164851, 10853
14755, 10792
14892, 10792
20827, 10792
28840, 10792
285505, 10736
93515, 10724
3010, 10716
8765, 10704
130107, 10691
150861, 10668
172865, 10668
224190, 10668
14567, 10665
101216, 10665
126351, 10665
280856, 10619
222590, 10613
141126, 10586
79894, 10554
91648, 10554
103017, 10554
115531, 10554
120043, 10554
120113, 10554
120517, 10554
121970, 10554
125300, 10554
128392, 10554
129861, 10554
131960, 10554
133203, 10554
135270, 10554
138969, 10554
140134, 10554
140504, 10554
141837, 10554
141960, 10554
142384, 10554
144139, 10554
145502, 10554
145686, 10554
146713, 10554
147171, 10554
147898, 10554
148007, 10554
148952, 10554
150014, 10554
150063, 10554
150224, 10554
150452, 10554
150608, 10554
151949, 10554
152845, 10554
152975, 10554
154199, 10554
157062, 10554
158414, 10554
160742, 10554
162166, 10554
163591, 10554
164301, 10554
164789, 10554
166531, 10554
166786, 10554
166993, 10554
167599, 10554
167933, 10554
169483, 10554
169690, 10554
172311, 10554
173260, 10554
177290, 10554
179332, 10554
181012, 10554
185795, 10554
188904, 10554
188926, 10554
189464, 10554
191916, 10554
192809, 10554
193216, 10554
194308, 10554
194838, 10554
195423, 10554
199600, 10554
200569, 10554
200990, 10554
201191, 10554
202852, 10554
203089, 10554
204597, 10554
205215, 10554
205499, 10554
207737, 10554
207838, 10554
207984, 10554
208550, 10554
208607, 10554
208948, 10554
209483, 10554
210292, 10554
210952, 10554
211548, 10554
212599, 10554
212603, 10554
214751, 10554
219151, 10554
220784, 10554
221482, 10554
222509, 10554
223217, 10554
226149, 10554
228653, 10554
233368, 10554
234313, 10554
235683, 10554
236212, 10554
238323, 10554
238717, 10554
239118, 10554
239862, 10554
242370, 10554
242525, 10554
243830, 10554
244332, 10554
244454, 10554
244882, 10554
245300, 10554
246226, 10554
246421, 10554
246996, 10554
247480, 10554
248056, 10554
248433, 10554
248691, 10554
251640, 10554
254050, 10554
256052, 10554
256259, 10554
256915, 10554
258431, 10554
260708, 10554
260780, 10554
261777, 10554
265478, 10554
266207, 10554
266833, 10554
267780, 10554
270833, 10554
271075, 10554
272157, 10554
272202, 10554
277203, 10554
279122, 10554
281020, 10554
281477, 10554
282796, 10554
288035, 10554
291796, 10554
293371, 10554
294120, 10554
43474, 10539
108082, 10539
89706, 10535
97678, 10535
100378, 10535
112037, 10535
113482, 10535
114423, 10535
114852, 10535
118547, 10535
123048, 10535
134870, 10535
135313, 10535
140961, 10535
141817, 10535
142084, 10535
144210, 10535
145681, 10535
164514, 10535
173868, 10535
176249, 10535
179280, 10535
179305, 10535
183225, 10535
194774, 10535
196618, 10535
198129, 10535
199386, 10535
204523, 10535
206606, 10535
208681, 10535
208805, 10535
210939, 10535
220692, 10535
226859, 10535
227762, 10535
227784, 10535
240439, 10535
240814, 10535
249539, 10535
250612, 10535
253385, 10535
255816, 10535
256167, 10535
256169, 10535
261946, 10535
264103, 10535
270361, 10535
281031, 10535
281968, 10535
288337, 10535
288374, 10535
288704, 10535
293513, 10535
295295, 10535
295806, 10535
142020, 10526
151408, 10526
153638, 10526
177037, 10526
217419, 10526
243898, 10526
249415, 10526
265829, 10526
276792, 10526
279325, 10526
282168, 10526
294098, 10526
122953, 10518
125722, 10518
130387, 10518
150266, 10518
155827, 10518
157553, 10518
160977, 10518
162358, 10518
162360, 10518
168261, 10518
170123, 10518
181207, 10518
189181, 10518
199439, 10518
201736, 10518
220156, 10518
244608, 10518
252962, 10518
259637, 10518
269807, 10518
270839, 10518
283655, 10518
284930, 10518
291515, 10518
292893, 10518
294310, 10518
1591, 10509
95405, 10509
796, 10499
1400, 10499
91504, 10499
94687, 10499
101219, 10499
105871, 10499
106026, 10499
108634, 10499
110511, 10499
110530, 10499
111889, 10499
112016, 10499
114294, 10499
114434, 10499
114449, 10499
114832, 10499
114876, 10499
116600, 10499
116867, 10499
116887, 10499
118877, 10499
120679, 10499
121102, 10499
122447, 10499
124629, 10499
125021, 10499
125744, 10499
126070, 10499
126365, 10499
126888, 10499
126917, 10499
127237, 10499
127271, 10499
130552, 10499
130698, 10499
132501, 10499
133459, 10499
134208, 10499
134737, 10499
135155, 10499
135364, 10499
136241, 10499
136373, 10499
136417, 10499
136621, 10499
136638, 10499
136720, 10499
136877, 10499
137624, 10499
138271, 10499
139112, 10499
140937, 10499
141651, 10499
141753, 10499
141930, 10499
141953, 10499
142301, 10499
142661, 10499
143544, 10499
143678, 10499
143876, 10499
144940, 10499
145734, 10499
145973, 10499
145980, 10499
146076, 10499
146673, 10499
146694, 10499
147879, 10499
147987, 10499
148210, 10499
148332, 10499
148627, 10499
148847, 10499
149105, 10499
149635, 10499
149946, 10499
150081, 10499
150368, 10499
150633, 10499
150717, 10499
151690, 10499
151769, 10499
152384, 10499
152407, 10499
152554, 10499
152882, 10499
153899, 10499
154004, 10499
154040, 10499
154308, 10499
154755, 10499
155246, 10499
156569, 10499
156678, 10499
156861, 10499
157222, 10499
157505, 10499
157591, 10499
157694, 10499
157866, 10499
159493, 10499
160353, 10499
160816, 10499
161139, 10499
161930, 10499
161972, 10499
162508, 10499
162591, 10499
162631, 10499
163018, 10499
163081, 10499
163090, 10499
163330, 10499
163335, 10499
164659, 10499
164837, 10499
165383, 10499
165471, 10499
165520, 10499
165902, 10499
166182, 10499
166642, 10499
167958, 10499
168065, 10499
168348, 10499
168416, 10499
169003, 10499
169485, 10499
170193, 10499
171785, 10499
172667, 10499
172762, 10499
172914, 10499
173572, 10499
173621, 10499
173774, 10499
174109, 10499
174186, 10499
174558, 10499
174729, 10499
174979, 10499
175014, 10499
175430, 10499
176171, 10499
177149, 10499
177461, 10499
178512, 10499
179143, 10499
179671, 10499
180149, 10499
180219, 10499
180449, 10499
180589, 10499
181159, 10499
181272, 10499
181867, 10499
182008, 10499
182081, 10499
182285, 10499
182388, 10499
182638, 10499
183033, 10499
183304, 10499
183370, 10499
183489, 10499
183637, 10499
183988, 10499
184967, 10499
185917, 10499
185946, 10499
186016, 10499
186345, 10499
186522, 10499
186573, 10499
186587, 10499
186628, 10499
187614, 10499
187955, 10499
188261, 10499
188686, 10499
188850, 10499
189623, 10499
190388, 10499
190479, 10499
191147, 10499
191522, 10499
191625, 10499
191635, 10499
192519, 10499
192718, 10499
193089, 10499
193782, 10499
194297, 10499
194310, 10499
194476, 10499
194627, 10499
194817, 10499
194974, 10499
195294, 10499
196294, 10499
197430, 10499
198585, 10499
198918, 10499
199072, 10499
199364, 10499
199390, 10499
200319, 10499
200939, 10499
200947, 10499
201239, 10499
201251, 10499
201763, 10499
201880, 10499
202686, 10499
202730, 10499
202755, 10499
203266, 10499
203515, 10499
203610, 10499
204123, 10499
205771, 10499
206368, 10499
206634, 10499
206773, 10499
206798, 10499
207086, 10499
207194, 10499
207444, 10499
208058, 10499
208184, 10499
208692, 10499
208741, 10499
209158, 10499
209184, 10499
210393, 10499
210538, 10499
210944, 10499
211661, 10499
211822, 10499
211883, 10499
211920, 10499
212713, 10499
213492, 10499
214377, 10499
214680, 10499
214759, 10499
215497, 10499
215675, 10499
215894, 10499
216255, 10499
216542, 10499
216593, 10499
218270, 10499
218820, 10499
219558, 10499
220060, 10499
220382, 10499
221176, 10499
221349, 10499
221401, 10499
221609, 10499
222070, 10499
222378, 10499
222395, 10499
222602, 10499
222788, 10499
222901, 10499
223249, 10499
223624, 10499
225230, 10499
225377, 10499
225675, 10499
225972, 10499
226057, 10499
226115, 10499
226422, 10499
226438, 10499
226460, 10499
226755, 10499
226784, 10499
227245, 10499
227575, 10499
228340, 10499
228786, 10499
228854, 10499
230020, 10499
230083, 10499
230159, 10499
230285, 10499
230348, 10499
230596, 10499
231076, 10499
231088, 10499
231198, 10499
231460, 10499
231613, 10499
232320, 10499
232405, 10499
232774, 10499
233157, 10499
233748, 10499
233817, 10499
234714, 10499
236670, 10499
236734, 10499
237985, 10499
238030, 10499
238123, 10499
239065, 10499
239119, 10499
239490, 10499
240505, 10499
240652, 10499
240761, 10499
241076, 10499
241980, 10499
242111, 10499
242468, 10499
242717, 10499
243162, 10499
243818, 10499
243909, 10499
243930, 10499
246821, 10499
247076, 10499
247334, 10499
247346, 10499
247886, 10499
248785, 10499
249371, 10499
249577, 10499
249669, 10499
250003, 10499
250100, 10499
250139, 10499
250197, 10499
250265, 10499
250859, 10499
251442, 10499
251894, 10499
251995, 10499
252553, 10499
253121, 10499
253135, 10499
253314, 10499
253542, 10499
253800, 10499
253912, 10499
254216, 10499
254462, 10499
254710, 10499
254941, 10499
255253, 10499
255478, 10499
255875, 10499
256032, 10499
256092, 10499
256337, 10499
256456, 10499
256766, 10499
256858, 10499
257042, 10499
257266, 10499
258130, 10499
258210, 10499
258690, 10499
259379, 10499
260056, 10499
260401, 10499
261649, 10499
261933, 10499
262011, 10499
262035, 10499
262879, 10499
263238, 10499
264714, 10499
265161, 10499
265481, 10499
265627, 10499
265724, 10499
266406, 10499
266519, 10499
266775, 10499
266876, 10499
267134, 10499
267510, 10499
267717, 10499
268056, 10499
268400, 10499
268659, 10499
268678, 10499
269014, 10499
269030, 10499
269228, 10499
269614, 10499
269743, 10499
269845, 10499
270366, 10499
270615, 10499
271191, 10499
271239, 10499
271882, 10499
272456, 10499
272737, 10499
273151, 10499
273315, 10499
273844, 10499
274277, 10499
274361, 10499
274376, 10499
275011, 10499
275371, 10499
275436, 10499
276412, 10499
276910, 10499
277303, 10499
277539, 10499
278493, 10499
279289, 10499
279583, 10499
279859, 10499
280050, 10499
280077, 10499
281156, 10499
282675, 10499
283672, 10499
283691, 10499
283698, 10499
284024, 10499
284046, 10499
284176, 10499
284197, 10499
284449, 10499
284488, 10499
284795, 10499
285035, 10499
285500, 10499
285513, 10499
285886, 10499
286083, 10499
286881, 10499
287352, 10499
287450, 10499
287759, 10499
288457, 10499
289288, 10499
289405, 10499
289487, 10499
289949, 10499
290116, 10499
290717, 10499
291072, 10499
291401, 10499
291983, 10499
291996, 10499
292106, 10499
292205, 10499
293557, 10499
293626, 10499
293831, 10499
293880, 10499
294901, 10499
294946, 10499
295367, 10499
295524, 10499
296587, 10499
122958, 10488
143080, 10488
149267, 10488
150409, 10488
155665, 10488
157249, 10488
159075, 10488
163445, 10488
252827, 10488
290198, 10488
139532, 10485
188485, 10485
219561, 10485
267743, 10485
293559, 10485
111028, 10483
179227, 10483
225431, 10483
288917, 10483
154810, 10479
204251, 10479
131497, 10478
145937, 10478
173379, 10478
174300, 10478
189872, 10478
195856, 10478
200488, 10478
202625, 10478
205909, 10478
208375, 10478
211497, 10478
218173, 10478
243205, 10478
263135, 10478
266370, 10478
87580, 10477
106966, 10477
121622, 10477
147892, 10477
149445, 10477
179632, 10477
182851, 10477
191306, 10477
200359, 10477
201907, 10477
206098, 10477
210484, 10477
211006, 10477
214957, 10477
215532, 10477
216856, 10477
219641, 10477
220155, 10477
220684, 10477
222021, 10477
229124, 10477
229636, 10477
230191, 10477
233651, 10477
234331, 10477
235784, 10477
238971, 10477
240097, 10477
241899, 10477
243262, 10477
247690, 10477
250357, 10477
255016, 10477
259061, 10477
261473, 10477
264446, 10477
264692, 10477
273193, 10477
276996, 10477
278490, 10477
278608, 10477
279646, 10477
281275, 10477
282021, 10477
282542, 10477
285182, 10477
286220, 10477
286375, 10477
286814, 10477
288222, 10477
288705, 10477
290179, 10477
290288, 10477
290299, 10477
291890, 10477
295636, 10477
105224, 10476
118071, 10476
118949, 10476
119086, 10476
120146, 10476
128155, 10476
130100, 10476
130292, 10476
131255, 10476
133447, 10476
133627, 10476
136367, 10476
137805, 10476
138318, 10476
139618, 10476
140214, 10476
141358, 10476
142169, 10476
143417, 10476
144618, 10476
144927, 10476
146328, 10476
146846, 10476
147429, 10476
148012, 10476
149603, 10476
150564, 10476
152204, 10476
152818, 10476
153361, 10476
153593, 10476
154598, 10476
155695, 10476
156671, 10476
160506, 10476
160939, 10476
166874, 10476
167120, 10476
168096, 10476
169699, 10476
170243, 10476
171266, 10476
172305, 10476
174057, 10476
175386, 10476
176782, 10476
177144, 10476
177155, 10476
177309, 10476
177319, 10476
178106, 10476
184152, 10476
186055, 10476
187422, 10476
187655, 10476
189424, 10476
191078, 10476
192161, 10476
192275, 10476
192412, 10476
193558, 10476
194904, 10476
197770, 10476
200028, 10476
200995, 10476
202815, 10476
207561, 10476
209866, 10476
210817, 10476
213899, 10476
214430, 10476
215294, 10476
216774, 10476
218135, 10476
219014, 10476
219996, 10476
223151, 10476
223527, 10476
225080, 10476
225887, 10476
227795, 10476
229836, 10476
229976, 10476
231119, 10476
231416, 10476
231482, 10476
231708, 10476
232175, 10476
237149, 10476
237424, 10476
238879, 10476
240580, 10476
242383, 10476
243170, 10476
247759, 10476
248740, 10476
252686, 10476
252797, 10476
253458, 10476
255605, 10476
256687, 10476
257103, 10476
257252, 10476
257724, 10476
260117, 10476
263236, 10476
264177, 10476
264955, 10476
267983, 10476
268279, 10476
268780, 10476
273322, 10476
275470, 10476
277396, 10476
278596, 10476
290796, 10476
291384, 10476
294876, 10476
96716, 10460
97140, 10460
124130, 10460
125822, 10460
126900, 10460
130645, 10460
131461, 10460
133092, 10460
133810, 10460
134998, 10460
135729, 10460
135777, 10460
136313, 10460
136907, 10460
138153, 10460
139089, 10460
141663, 10460
142793, 10460
143107, 10460
143188, 10460
144045, 10460
144049, 10460
147057, 10460
147678, 10460
149711, 10460
150033, 10460
150183, 10460
150643, 10460
150740, 10460
153227, 10460
153611, 10460
156677, 10460
157451, 10460
158099, 10460
160179, 10460
160313, 10460
161903, 10460
162065, 10460
162163, 10460
162179, 10460
164234, 10460
165001, 10460
165965, 10460
168142, 10460
169973, 10460
169976, 10460
170009, 10460
170011, 10460
170235, 10460
170875, 10460
171761, 10460
174121, 10460
174535, 10460
176855, 10460
178330, 10460
178659, 10460
179405, 10460
180685, 10460
181140, 10460
183696, 10460
185552, 10460
186047, 10460
186162, 10460
186571, 10460
187353, 10460
188574, 10460
190922, 10460
192286, 10460
192484, 10460
193649, 10460
193917, 10460
193948, 10460
194417, 10460
196026, 10460
196530, 10460
197030, 10460
197342, 10460
198185, 10460
198578, 10460
202010, 10460
202687, 10460
203045, 10460
203751, 10460
204882, 10460
206147, 10460
206511, 10460
207103, 10460
207661, 10460
208336, 10460
212334, 10460
212494, 10460
212560, 10460
213814, 10460
213911, 10460
213925, 10460
214057, 10460
215701, 10460
215914, 10460
216040, 10460
216498, 10460
216776, 10460
217345, 10460
219148, 10460
219312, 10460
220159, 10460
220896, 10460
223954, 10460
224270, 10460
224848, 10460
226682, 10460
227917, 10460
228507, 10460
229311, 10460
229344, 10460
230804, 10460
231158, 10460
233323, 10460
233456, 10460
233796, 10460
233887, 10460
234152, 10460
234156, 10460
234329, 10460
235170, 10460
235962, 10460
239085, 10460
240206, 10460
240742, 10460
242244, 10460
242342, 10460
243168, 10460
243266, 10460
244667, 10460
244957, 10460
245929, 10460
247091, 10460
247215, 10460
248872, 10460
249347, 10460
249931, 10460
250699, 10460
251044, 10460
251620, 10460
252303, 10460
252415, 10460
252466, 10460
252468, 10460
252498, 10460
253194, 10460
254118, 10460
254302, 10460
254315, 10460
254325, 10460
254643, 10460
254824, 10460
255641, 10460
255803, 10460
256016, 10460
256022, 10460
256583, 10460
256807, 10460
256818, 10460
257448, 10460
257704, 10460
257733, 10460
258585, 10460
258691, 10460
259316, 10460
260368, 10460
260633, 10460
261393, 10460
261496, 10460
261931, 10460
262365, 10460
263842, 10460
264583, 10460
266635, 10460
266931, 10460
267472, 10460
267710, 10460
268007, 10460
269102, 10460
269491, 10460
271334, 10460
271498, 10460
271687, 10460
271964, 10460
274211, 10460
274249, 10460
275923, 10460
276611, 10460
277069, 10460
277524, 10460
278553, 10460
278615, 10460
279013, 10460
279428, 10460
280136, 10460
280176, 10460
280863, 10460
281312, 10460
282022, 10460
282800, 10460
282890, 10460
283240, 10460
283432, 10460
284683, 10460
285432, 10460
285679, 10460
285845, 10460
286974, 10460
287835, 10460
289714, 10460
289801, 10460
290607, 10460
292922, 10460
292978, 10460
293162, 10460
293794, 10460
293874, 10460
294421, 10460
294541, 10460
243583, 10458
215757, 10454
224820, 10454
159721, 10448
188463, 10448
250861, 10448
96495, 10437
114108, 10437
136254, 10437
140570, 10437
146711, 10437
156703, 10437
159418, 10437
159490, 10437
165449, 10437
168765, 10437
172500, 10437
177257, 10437
183607, 10437
184089, 10437
190473, 10437
191230, 10437
193913, 10437
195643, 10437
199773, 10437
209468, 10437
211504, 10437
217976, 10437
224359, 10437
224728, 10437
231837, 10437
232366, 10437
238536, 10437
243072, 10437
243917, 10437
244261, 10437
254573, 10437
255105, 10437
258058, 10437
261237, 10437
281022, 10437
286791, 10437
288324, 10437
142731, 10436
144369, 10436
147825, 10436
159874, 10436
160693, 10436
165569, 10436
166905, 10436
174788, 10436
179057, 10436
179416, 10436
190872, 10436
200722, 10436
202637, 10436
206241, 10436
222648, 10436
222662, 10436
232516, 10436
238497, 10436
246087, 10436
272121, 10436
151966, 10434
163997, 10434
35289, 10433
50116, 10433
54286, 10433
80819, 10433
181089, 10433
232100, 10430
270733, 10430
213716, 10423
177311, 10419
233462, 10419
254821, 10419
95404, 10417
113154, 10417
152705, 10417
187138, 10417
205842, 10417
222404, 10417
242291, 10417
258267, 10417
277987, 10417
279897, 10417
285095, 10417
285191, 10417
285504, 10417
288150, 10417
114228, 10411
173829, 10411
180083, 10411
181135, 10411
246969, 10411
276358, 10411
136163, 10403
175896, 10403
210290, 10403
217868, 10403
278833, 10403
285212, 10403
244651, 10401
290793, 10401
166722, 10373
183212, 10373
206981, 10373
230470, 10373
242698, 10373
252875, 10373
261558, 10373
115672, 10365
168290, 10365
118315, 10354
142560, 10354
146670, 10354
180703, 10354
192051, 10354
193842, 10354
223512, 10354
242974, 10354
243219, 10354
254168, 10354
259040, 10354
260792, 10354
261909, 10354
272262, 10354
276390, 10354
276637, 10354
284018, 10354
284954, 10354
132340, 10323
142419, 10323
228063, 10323
65096, 10304
154844, 10281
240416, 10281
197572, 10251
149931, 10248
160859, 10248
276679, 10224
2655, 10191
49907, 10172
168312, 10148
240978, 10148
122550, 10110
138060, 10107
145634, 10099
226287, 10099
206357, 10095
64524, 10065
163913, 10036
168805, 10036
67354, 10032
209301, 10032
150785, 10010
151277, 10010
227712, 10010
54310, 10001
159668, 9981
278689, 9970
156575, 9965
202638, 9933
188186, 9924
181661, 9920
192514, 9920
228849, 9920
159274, 9764
242578, 9764
196258, 9697
193407, 9682
80124, 9647
111993, 9647
75042, 9477
80452, 9477
99040, 9477
116685, 9477
133907, 9477
134343, 9477
172688, 9477
176581, 9477
222215, 9477
224044, 9477
224698, 9477
228797, 9477
233030, 9477
238550, 9477
242964, 9477
245648, 9477
274131, 9477
277764, 9477
287381, 9477
288898, 9477
294007, 9477
169644, 9451
135097, 9399
199607, 9399
202283, 9399
96084, 9345
128967, 9345
137703, 9345
154894, 9345
158349, 9345
170686, 9345
194531, 9345
196044, 9345
196483, 9345
200412, 9345
244650, 9345
273755, 9345
293684, 9345
164727, 9330
100944, 9323
133119, 9323
246518, 9322
133734, 9315
139005, 9315
141159, 9315
148412, 9315
150898, 9315
160492, 9315
183417, 9315
198341, 9315
227492, 9315
230198, 9315
231503, 9315
259245, 9315
272271, 9315
282522, 9315
284394, 9315
296019, 9315
86895, 9306
91170, 9306
99129, 9306
108939, 9306
118806, 9306
132962, 9306
143126, 9306
153929, 9306
178649, 9306
205978, 9306
229731, 9306
283346, 9306
284563, 9306
290745, 9306
167355, 9302
63528, 9294
101716, 9294
110593, 9294
140467, 9294
171402, 9294
241761, 9294
248758, 9294
288569, 9294
166456, 9288
203010, 9288
206087, 9288
252295, 9288
154053, 9283
188056, 9283
198600, 9259
228105, 9259
252489, 9259
211297, 9251
220347, 9250
89137, 9247
141213, 9239
195505, 9237
256611, 9237
184543, 9234
167963, 9225
172057, 9225
249746, 9222
247029, 9219
198354, 9204
249736, 9204
255331, 9199
210139, 9180
124782, 9171
206675, 9171
287751, 9171
293833, 9167
188623, 9158
130661, 9136
135269, 9136
146998, 9136
198645, 9136
218323, 9136
233522, 9136
247278, 9136
89221, 9126
159722, 9113
246189, 9113
110347, 9105
124095, 9105
153872, 9105
159052, 9105
166963, 9105
173378, 9105
176022, 9105
179136, 9105
189304, 9105
195927, 9105
206605, 9105
208005, 9105
215878, 9105
221426, 9105
256361, 9105
272164, 9105
290689, 9105
43146, 8894
51865, 8894
76448, 8894
79956, 8894
91100, 8894
94720, 8894
120210, 8894
216942, 8894
178996, 8841
280505, 8817
97867, 8776
101361, 8776
116852, 8776
139072, 8776
183999, 8776
246830, 8776
240729, 8755
94137, 8676
283370, 8343
183452, 8305
166984, 8259
252569, 7994
211597, 7891
128303, 7818
6169, 7795
130376, 7765
9843, 7454
174539, 7387
109792, 7279
250245, 7112
255801, 7055
222272, 6643
250350, 6643
81151, 6205
119789, 5851
294214, 5613
278336, 5600
95876, 5517
169569, 5003
158737, 4323
208109, 4323
239441, 4270
258921, 4270
640, 4220
991, 4220
10192, 4220
61708, 4220
73602, 4220
83279, 4220
102890, 4220
116090, 4220
122922, 4220
124757, 4220
129820, 4220
130139, 4220
142056, 4220
145495, 4220
161309, 4220
165165, 4220
169029, 4220
173656, 4220
190135, 4220
198107, 4220
198858, 4220
200783, 4220
202589, 4220
206307, 4220
206910, 4220
210688, 4220
212473, 4220
212878, 4220
214629, 4220
215307, 4220
216279, 4220
218952, 4220
222029, 4220
224479, 4220
225383, 4220
229467, 4220
230812, 4220
234319, 4220
236719, 4220
237154, 4220
237557, 4220
244445, 4220
245677, 4220
247897, 4220
251714, 4220
255258, 4220
256144, 4220
261717, 4220
269660, 4220
273152, 4220
273734, 4220
277059, 4220
279182, 4220
279819, 4220
280318, 4220
283228, 4220
286516, 4220
292242, 4220
296366, 4220
240156, 4216
288820, 4216
714, 4196
52554, 4196
52679, 4196
79592, 4196
88131, 4196
90141, 4196
90664, 4196
93322, 4196
99742, 4196
99895, 4196
99909, 4196
100222, 4196
100871, 4196
106467, 4196
107250, 4196
112498, 4196
116549, 4196
135158, 4196
137743, 4196
147768, 4196
150385, 4196
160660, 4196
161452, 4196
171418, 4196
172977, 4196
174981, 4196
178197, 4196
179236, 4196
189775, 4196
193245, 4196
194871, 4196
205484, 4196
205810, 4196
211507, 4196
213756, 4196
217417, 4196
220598, 4196
223374, 4196
226880, 4196
238721, 4196
262434, 4196
265440, 4196
2594, 4164
54331, 4164
65648, 4164
94685, 4164
115137, 4164
134715, 4164
142387, 4164
143756, 4164
161474, 4164
163475, 4164
170248, 4164
185695, 4164
186937, 4164
189483, 4164
190159, 4164
194906, 4164
199922, 4164
220806, 4164
222939, 4164
237637, 4164
238920, 4164
273728, 4164
291220, 4164
105601, 4122
119572, 4122
154741, 4057
221645, 3998
150502, 3950
101587, 3865
131148, 3865
148582, 3865
176428, 3865
177031, 3865
179447, 3865
183589, 3865
190335, 3865
203681, 3865
205356, 3865
209144, 3865
225246, 3865
229903, 3865
230235, 3865
259928, 3865
112437, 3805
148381, 3805
227613, 3805
47210, 3787
53408, 3761
194797, 3761
118237, 3621
137398, 3621
142952, 3621
145586, 3621
200388, 3621
124485, 3532
126129, 3532
105437, 3358
118158, 3358
158066, 3358
158695, 3358
90693, 3109
110261, 3109
124778, 3109
170782, 3076
185215, 3076
209039, 3076
218831, 3076
226002, 3076
242282, 3076
259186, 3076
285, 3075
52454, 3075
55396, 3075
71655, 3075
82820, 3075
138639, 3075
151726, 3075
159593, 3075
162674, 3075
196220, 3075
203707, 3075
208967, 3075
217501, 3075
221906, 3075
229252, 3075
230947, 3075
233722, 3075
244265, 3075
256317, 3075
263799, 3075
265566, 3075
278884, 3075
282290, 3075
289737, 3075
81306, 3058
44322, 3042
138843, 3042
237983, 3042
289934, 3042
122115, 3018
210733, 3018
249308, 3018
158748, 3009
78023, 2992
78081, 2992
145411, 2991
134629, 2980
232208, 2980
251136, 2980
253267, 2980
253507, 2980
103223, 2962
177713, 2962
180520, 2962
189366, 2962
193261, 2962
196968, 2962
197272, 2962
202833, 2962
207358, 2962
208072, 2962
208795, 2962
215010, 2962
216081, 2962
217534, 2962
231269, 2962
237618, 2962
238973, 2962
239737, 2962
251188, 2962
254119, 2962
261713, 2962
262414, 2962
263582, 2962
263967, 2962
264666, 2962
264926, 2962
266627, 2962
266798, 2962
267502, 2962
270720, 2962
276605, 2962
279189, 2962
280726, 2962
282211, 2962
284217, 2962
285692, 2962
287552, 2962
287712, 2962
292363, 2962
26278, 2957
31530, 2957
46915, 2957
51889, 2957
59706, 2957
60876, 2957
69841, 2957
70916, 2957
73296, 2957
74799, 2957
78919, 2957
80944, 2957
82745, 2957
86553, 2957
87962, 2957
93244, 2957
96502, 2957
101949, 2957
107016, 2957
108458, 2957
120204, 2957
132088, 2957
135673, 2957
147348, 2957
156913, 2957
160665, 2957
163336, 2957
165474, 2957
174289, 2957
185559, 2957
200130, 2957
211793, 2957
221637, 2957
227010, 2957
278406, 2951
94278, 2936
83074, 2930
97479, 2930
116202, 2930
159564, 2930
163340, 2930
203044, 2930
232487, 2930
659, 2928
259321, 2919
235430, 2914
243711, 2914
248983, 2914
255497, 2914
262243, 2914
263954, 2914
271661, 2914
274611, 2914
274780, 2914
280141, 2914
280703, 2914
288400, 2914
203978, 2908
260391, 2908
260883, 2908
290633, 2908
73797, 2905
83147, 2905
90556, 2905
81864, 2899
227566, 2897
24443, 2895
25302, 2895
34142, 2895
36987, 2895
37838, 2895
52829, 2895
56074, 2895
71605, 2895
99124, 2895
119015, 2895
126621, 2895
127898, 2895
137346, 2895
169681, 2895
185707, 2895
202787, 2895
224789, 2895
246137, 2895
214748, 2893
148026, 2885
117588, 2883
125950, 2883
149411, 2883
153957, 2883
154934, 2883
158603, 2883
158900, 2883
176224, 2883
179014, 2883
188696, 2883
192364, 2883
194820, 2883
227852, 2883
229713, 2883
231155, 2883
231332, 2883
238299, 2883
238877, 2883
246494, 2883
249379, 2883
250096, 2883
255262, 2883
256581, 2883
260085, 2883
267129, 2883
268217, 2883
271213, 2883
271377, 2883
274657, 2883
275385, 2883
279353, 2883
286437, 2883
292410, 2883
295824, 2883
65077, 2882
185224, 2882
225463, 2882
278498, 2882
289456, 2882
140654, 2873
184372, 2873
212271, 2873
219688, 2873
227448, 2873
234111, 2873
238403, 2873
244596, 2873
250372, 2873
275278, 2873
276249, 2873
180601, 2849
184314, 2849
204506, 2849
204603, 2849
205306, 2849
214097, 2849
260677, 2849
264405, 2849
285394, 2849
13227, 2828
20631, 2828
20650, 2828
30257, 2828
40638, 2828
44695, 2828
59386, 2828
66417, 2828
73465, 2828
85654, 2828
86853, 2828
87684, 2828
95990, 2828
97713, 2828
114754, 2828
139599, 2828
160691, 2828
163690, 2828
261412, 2828
10848, 2817
14267, 2817
23247, 2817
46006, 2817
56470, 2817
61791, 2817
76528, 2817
151393, 2817
172003, 2817
208801, 2817
243949, 2817
220419, 2802
121251, 2791
292752, 2781
251911, 2778
278120, 2772
193464, 2771
18533, 2747
128171, 2747
141730, 2747
127531, 2739
12544, 2723
160759, 2711
147521, 2702
211686, 2702
277399, 2702
228058, 2700
220641, 2689
163292, 2688
225693, 2688
139058, 2666
197251, 2663
193229, 2658
197367, 2658
290213, 2652
18758, 2645
75465, 2645
105740, 2645
122614, 2645
130649, 2645
139573, 2645
142052, 2645
147108, 2645
177613, 2645
225454, 2632
72277, 2630
109042, 2630
205471, 2630
275601, 2627
84980, 2602
139494, 2602
220736, 2602
257814, 2602
176675, 2561
64935, 2557
92088, 2557
273654, 2551
28477, 2545
38851, 2545
53873, 2545
54192, 2545
64128, 2545
79607, 2545
140255, 2494
152900, 2494
189205, 2494
201794, 2494
1439, 2479
146857, 2461
232519, 2461
62246, 2447
64263, 2447
261278, 2447
222909, 2434
253018, 2434
99309, 2408
211900, 2408
8326, 2401
21323, 2401
22795, 2401
24992, 2401
25278, 2401
38634, 2401
110281, 2401
1471, 2395
1496, 2395
7312, 2383
1372, 2359
1557, 2359
256108, 2346
289723, 2346
6075, 2344
1448, 2335
3265, 2323
1368, 2301
283990, 2301
11998, 2295
1467, 2293
179967, 2283
84562, 2257
197131, 2253
216397, 2253
261340, 2253
283797, 2253
121303, 2250
237227, 2225
240175, 2225
272723, 2225
1284, 2223
118207, 2144
125915, 2144
175637, 2144
221574, 2144
230117, 2144
235670, 2144
252635, 2144
287978, 2144
288835, 2144
172249, 2073
229820, 2044
29643, 2036
29896, 2036
30018, 2036
30297, 2036
30581, 2036
31191, 2036
31257, 2036
32455, 2036
34153, 2036
34233, 2036
34523, 2036
34540, 2036
35285, 2036
36124, 2036
36167, 2036
37975, 2036
38043, 2036
38446, 2036
27079, 2034
27092, 2034
28681, 2034
29312, 2034
30214, 2034
31827, 2034
32068, 2034
32139, 2034
32626, 2034
33160, 2034
33591, 2034
34019, 2034
34171, 2034
34230, 2034
35095, 2034
23179, 2031
24073, 1987
29600, 1987
29743, 1987
30704, 1987
31159, 1987
31469, 1987
31774, 1987
32022, 1987
32183, 1987
32493, 1987
33144, 1987
33466, 1987
35046, 1987
35135, 1987
35450, 1987
35547, 1987
35656, 1987
36009, 1987
36091, 1987
37383, 1987
25976, 1986
24946, 1981
27115, 1981
30115, 1981
30347, 1981
30392, 1981
30466, 1981
30635, 1981
30898, 1981
31286, 1981
31474, 1981
32793, 1981
33341, 1981
14023, 1978
24225, 1978
25453, 1954
27807, 1954
28495, 1954
30086, 1954
20119, 1941
20717, 1941
25638, 1941
19792, 1936
23775, 1936
27142, 1936
14686, 1931
16194, 1931
16337, 1931
15145, 1930
17145, 1930
18950, 1930
19450, 1930
17055, 1928
18973, 1928
19077, 1928
21191, 1928
22079, 1928
22636, 1928
22808, 1928
22914, 1928
23079, 1928
23598, 1928
24419, 1928
24444, 1928
25057, 1928
25612, 1928
26639, 1928
14316, 1927
18511, 1927
23721, 1927
23732, 1927
23861, 1927
24655, 1927
25200, 1927
25760, 1927
26368, 1927
26877, 1927
26901, 1927
26913, 1927
27193, 1927
27509, 1927
27999, 1927
28193, 1927
28975, 1927
29080, 1927
31322, 1927
18470, 1925
19713, 1925
19867, 1925
20436, 1925
20530, 1925
20860, 1925
21066, 1925
21431, 1925
21601, 1925
21758, 1925
22098, 1925
22183, 1925
22880, 1925
23641, 1925
24008, 1925
24120, 1925
24741, 1925
24922, 1925
25015, 1925
25243, 1925
25460, 1925
25480, 1925
25508, 1925
25604, 1925
26468, 1925
27611, 1925
26403, 1924
27913, 1924
28447, 1924
30063, 1924
30237, 1924
31025, 1924
31836, 1924
16993, 1923
24702, 1923
27876, 1923
14307, 1912
23109, 1912
24740, 1912
24862, 1912
26651, 1912
27120, 1912
28018, 1912
28349, 1912
28909, 1912
28958, 1912
29007, 1912
29065, 1912
31907, 1912
21460, 1911
23738, 1911
24193, 1911
24507, 1911
25054, 1911
25593, 1911
26497, 1911
26549, 1911
26666, 1911
26708, 1911
27340, 1911
27342, 1911
28060, 1911
28680, 1911
29004, 1911
29375, 1911
29714, 1911
30073, 1911
30582, 1911
30959, 1911
31214, 1911
31264, 1911
32511, 1911
34268, 1911
19257, 1910
22012, 1910
31374, 1908
20745, 1903
18322, 1901
17807, 1891
18229, 1885
257358, 1885
15318, 1879
131774, 1821
152121, 1821
156586, 1821
160521, 1821
164526, 1821
194692, 1821
197427, 1821
283481, 1821
109898, 1761
217377, 1760
137457, 1689
212115, 1681
903, 1679
959, 1679
165830, 1666
173924, 1666
181652, 1666
185509, 1666
186840, 1666
200808, 1666
174752, 1664
200107, 1664
217176, 1664
220329, 1664
221134, 1664
236465, 1664
237386, 1664
104, 1662
117, 1662
122, 1662
139, 1662
193751, 1654
197118, 1650
188367, 1648
764, 1647
188528, 1644
184747, 1625
254567, 1625
269550, 1624
6887, 1617
24278, 1617
166844, 1612
201918, 1612
84, 1611
1387, 1611
861, 1598
869, 1598
143, 1593
168, 1593
223, 1593
186779, 1592
217140, 1592
256644, 1592
278558, 1592
164432, 1591
203107, 1591
262, 1586
1357, 1585
221361, 1584
124, 1583
146, 1583
752, 1576
798, 1576
939, 1574
962, 1574
113347, 1573
147461, 1573
150293, 1573
192882, 1573
220179, 1573
934, 1571
1001, 1571
7508, 1568
11181, 1568
18526, 1568
33387, 1568
42949, 1568
73478, 1568
115507, 1568
184200, 1568
228891, 1568
7712, 1567
26614, 1567
77141, 1567
2862, 1564
22257, 1564
242081, 1563
252230, 1563
1330, 1562
33818, 1562
56048, 1562
67380, 1562
133422, 1562
29965, 1557
47727, 1557
54339, 1557
57486, 1557
224590, 1557
969, 1555
913, 1547
205026, 1545
600, 1540
1167, 1537
1363, 1537
51837, 1535
57249, 1535
73436, 1535
120850, 1535
122503, 1535
1138, 1534
139517, 1532
1680, 1529
217226, 1522
448, 1521
479, 1521
513, 1521
517, 1521
575, 1518
351, 1517
355, 1517
140, 1515
218, 1515
253, 1515
314, 1515
683, 1509
713, 1509
996, 1503
577, 1501
614, 1501
7719, 1499
135138, 1499
1046, 1497
1015, 1484
269, 1478
104082, 1467
136407, 1467
179847, 1467
827, 1465
931, 1465
146335, 1461
42424, 1455
43457, 1455
44794, 1455
108926, 1455
110680, 1455
121066, 1455
135482, 1455
810, 1450
45346, 1448
45809, 1448
267781, 1448
43138, 1445
43975, 1445
54559, 1445
76419, 1445
83183, 1445
99085, 1445
114980, 1441
115172, 1441
966, 1436
1021, 1436
1136, 1435
1313, 1435
620, 1418
621, 1418
561, 1414
58476, 1390
282934, 1386
1098, 1373
54473, 1371
60381, 1371
2170, 1369
139661, 1368
144450, 1368
1233, 1358
265761, 1331
2056, 1313
1920, 1307
1964, 1307
2019, 1307
3599, 1307
1642, 1285
1518, 1284
1275, 1270
1778, 1269
1706, 1268
1910, 1268
2010, 1268
1156, 1267
1729, 1262
1821, 1262
1867, 1262
1937, 1262
1938, 1262
2042, 1262
174329, 1262
3790, 1260
278680, 1260
1238, 1258
200694, 1257
1551, 1254
1733, 1254
2027, 1254
2034, 1254
249162, 1253
1162, 1251
1312, 1251
1343, 1251
1609, 1249
1686, 1249
1759, 1249
1803, 1249
1835, 1249
1907, 1249
123867, 1245
150466, 1245
1311, 1243
78069, 1243
81416, 1243
86076, 1243
117341, 1243
290836, 1243
1621, 1240
1316, 1238
1359, 1237
193965, 1237
154098, 1229
276645, 1215
216455, 1211
4830, 1203
29443, 1192
30110, 1192
30867, 1192
32159, 1192
33359, 1192
33629, 1192
34217, 1192
35278, 1192
35328, 1192
35816, 1192
35972, 1192
36444, 1192
36554, 1192
37081, 1192
37457, 1192
37740, 1192
37780, 1192
37918, 1192
38321, 1192
38454, 1192
38692, 1192
41044, 1192
43978, 1192
48115, 1192
2882, 1185
5186, 1185
175168, 1181
33494, 1178
26739, 1177
28050, 1177
29555, 1177
32015, 1177
33390, 1177
35256, 1177
36325, 1177
37577, 1177
120139, 1167
134860, 1167
197936, 1167
28558, 1165
29150, 1165
31825, 1165
32475, 1165
33122, 1165
34447, 1165
99016, 1165
139743, 1165
208589, 1164
916, 1162
29139, 1160
33639, 1160
34202, 1160
34406, 1160
35058, 1160
36434, 1160
37103, 1160
37596, 1160
37681, 1160
37876, 1160
38656, 1160
39450, 1160
39859, 1160
40707, 1160
40779, 1160
40833, 1160
41033, 1160
41428, 1160
41613, 1160
43092, 1160
43594, 1160
44083, 1160
44888, 1160
46375, 1160
47295, 1160
34281, 1141
41017, 1141
41437, 1141
44920, 1141
45942, 1141
46299, 1141
135139, 1138
182758, 1138
191494, 1138
191515, 1138
223934, 1138
224577, 1138
29954, 1136
22806, 1133
25936, 1133
26395, 1133
29653, 1133
29876, 1133
30280, 1133
34998, 1133
18299, 1130
3517, 1128
5429, 1128
6059, 1128
9927, 1128
28157, 1123
41711, 1123
113241, 1123
266392, 1119
7919, 1118
6423, 1117
37532, 1108
42311, 1108
40187, 1104
24144, 1077
135163, 1076
3466, 1070
5544, 1070
5909, 1070
5917, 1067
7004, 1067
7908, 1067
8091, 1067
8182, 1067
8296, 1067
9354, 1067
9750, 1067
11897, 1067
13011, 1067
8670, 1066
10762, 1066
12042, 1066
12829, 1066
12975, 1066
13489, 1066
13558, 1066
13803, 1066
13939, 1066
14020, 1066
14191, 1066
14230, 1066
14282, 1066
14289, 1066
14421, 1066
14459, 1066
14557, 1066
14590, 1066
14621, 1066
14667, 1066
14969, 1066
15040, 1066
15126, 1066
15444, 1066
15446, 1066
15580, 1066
15662, 1066
15774, 1066
15872, 1066
15885, 1066
16066, 1066
16259, 1066
16276, 1066
16343, 1066
16589, 1066
16656, 1066
16758, 1066
16789, 1066
16948, 1066
17043, 1066
4066, 1065
187864, 1065
202144, 1065
272875, 1065
223188, 1064
7988, 1062
8273, 1061
8584, 1061
8751, 1061
8843, 1061
8931, 1061
9854, 1061
9950, 1061
10043, 1061
10074, 1061
10090, 1061
10257, 1061
10261, 1061
10342, 1061
10383, 1061
10633, 1061
10704, 1061
10727, 1061
10782, 1061
10978, 1061
11269, 1061
11332, 1061
11579, 1061
11675, 1061
11746, 1061
12130, 1061
12427, 1061
12569, 1061
12785, 1061
13057, 1061
13141, 1061
13278, 1061
13419, 1061
13743, 1061
14018, 1061
13271, 1060
14571, 1060
15502, 1060
15805, 1060
16935, 1060
5183, 1059
5970, 1059
6246, 1059
9377, 1059
11782, 1059
7949, 1057
9292, 1056
7631, 1053
11807, 1050
985, 1044
1376, 1044
1717, 1044
1779, 1044
1827, 1044
2050, 1044
2442, 1044
2451, 1044
2630, 1044
2840, 1044
2874, 1044
2910, 1044
3097, 1044
3107, 1044
3171, 1044
3288, 1044
3295, 1044
3439, 1044
3508, 1044
3540, 1044
3565, 1044
3738, 1044
3783, 1044
3872, 1044
3935, 1044
3959, 1044
4059, 1044
4158, 1044
4233, 1044
4260, 1044
4317, 1044
4345, 1044
4353, 1044
4411, 1044
4436, 1044
4522, 1044
4556, 1044
4557, 1044
4562, 1044
4611, 1044
4639, 1044
4654, 1044
4736, 1044
4771, 1044
4865, 1044
4914, 1044
4922, 1044
4932, 1044
4980, 1044
5042, 1044
5089, 1044
5114, 1044
5135, 1044
5212, 1044
5240, 1044
85492, 1043
93646, 1043
96712, 1043
9102, 1040
9982, 1040
17170, 1039
17309, 1039
18552, 1039
19748, 1039
20282, 1039
20382, 1039
20434, 1039
20662, 1039
20998, 1039
21068, 1039
21086, 1039
21226, 1039
21585, 1039
21782, 1039
21986, 1039
22053, 1039
12190, 1038
13409, 1038
14137, 1038
15366, 1038
15656, 1038
15804, 1038
16492, 1038
16553, 1038
10643, 1034
13985, 1034
19709, 1032
16053, 1029
18666, 1029
19690, 1029
11322, 1027
218835, 1026
242543, 1026
19247, 1024
20256, 1024
21657, 1024
38080, 1023
39635, 1023
39959, 1023
3749, 1021
4636, 1021
4706, 1021
5132, 1021
13770, 1019
17589, 1019
18583, 1019
20171, 1019
20482, 1019
20964, 1019
21104, 1019
21190, 1019
21726, 1019
21816, 1019
22618, 1019
22807, 1019
22821, 1019
22839, 1019
22907, 1019
22982, 1019
23035, 1019
23130, 1019
23852, 1019
24451, 1019
24538, 1019
24610, 1019
26190, 1019
26501, 1019
32821, 1019
53475, 1019
15161, 1018
18567, 1018
18577, 1018
18710, 1018
19061, 1018
19217, 1018
19279, 1018
20014, 1018
99061, 1018
99070, 1018
116134, 1018
16516, 1017
15980, 1013
16533, 1013
16906, 1013
16996, 1013
17156, 1013
17177, 1013
18287, 1013
18698, 1013
18786, 1013
20696, 1013
20249, 1011
12946, 1005
12616, 1004
14040, 1004
14386, 1004
15384, 1004
15461, 1004
230157, 1001
