1855, 67071
1955, 67071
2078, 67071
2512, 67071
2925, 67071
2982, 67071
185465, 67071
2598, 66749
1350, 64443
2618, 64443
2890, 64443
2991, 64443
3090, 64443
3106, 64443
6581, 64443
15936, 64443
25380, 64443
66230, 64443
66729, 64443
2901, 59008
2914, 58493
226638, 58428
37774, 56514
3111, 54433
136255, 51681
2436, 47925
30433, 43120
73683, 30181
164579, 30181
2358, 28235
205384, 28143
4893, 27231
8598, 27231
15103, 27231
18765, 27231
23971, 27231
39387, 27231
86680, 27231
20253, 26670
17689, 24823
13146, 24220
17179, 24220
18692, 24220
12627, 24005
20657, 23972
10659, 23962
44194, 23190
35, 23144
3381, 23144
27631, 23144
31055, 23144
20172, 22984
9367, 22927
19525, 22912
16570, 22866
16844, 22866
17048, 22866
18348, 22866
18505, 22866
18715, 22866
19102, 22866
19989, 22866
20182, 22866
95896, 22866
13230, 22712
15233, 22712
101829, 22712
169367, 22712
205166, 22712
217646, 22712
261405, 22712
7007, 22667
9882, 22667
23177, 22667
27773, 22481
12774, 22347
55398, 22281
21785, 22201
21908, 22201
22644, 22201
22671, 22201
22818, 22201
23411, 22201
24091, 22201
28610, 22201
5801, 22049
7321, 22049
8482, 22032
12058, 22032
15190, 22032
16207, 22032
17346, 22032
19902, 22032
21094, 22032
25748, 22032
179602, 22032
8622, 21950
8870, 21950
10023, 21950
14248, 21950
18184, 21950
7686, 21905
8395, 21905
11653, 21895
13959, 21895
14638, 21895
116476, 21895
282841, 21895
7271, 21870
5418, 21850
22282, 21850
1181, 21797
12573, 21797
104029, 21797
6664, 21796
8397, 21796
1995, 21629
29684, 21510
41838, 21428
19514, 21300
36250, 21153
67884, 21153
2, 21066
163, 21066
9151, 21019
29399, 20801
49644, 20801
50453, 20801
205, 20734
562, 20734
1823, 20734
2282, 20734
3091, 20734
3903, 20734
13858, 20734
65058, 20734
23211, 20667
10123, 20624
58166, 20615
264825, 20603
11957, 20447
13028, 20447
13506, 20447
13846, 20447
14593, 20447
15935, 20447
16457, 20447
17134, 20447
17463, 20447
17595, 20447
17906, 20447
18848, 20447
73613, 20447
105877, 20447
161505, 20447
173218, 20447
240449, 20447
250543, 20447
290433, 20447
291263, 20447
296385, 20447
36471, 20421
884, 20376
3195, 20376
5171, 20376
154247, 20024
158113, 20024
161572, 20024
44798, 19942
140790, 19942
170427, 19942
26194, 19905
26831, 19905
27379, 19905
27980, 19905
28440, 19905
29283, 19905
22108, 19685
167391, 19476
31513, 19412
93701, 19310
25918, 19056
68763, 18959
123467, 18959
44897, 18891
20096, 18616
25066, 18597
25853, 18597
27651, 18597
28040, 18597
29742, 18597
43440, 18597
72703, 18597
29166, 18387
108441, 18387
142127, 18387
3468, 18314
21509, 18269
25095, 18269
25154, 18269
223802, 18216
116096, 18195
122769, 18195
36138, 18069
72290, 18069
38125, 17799
41670, 17799
51848, 17692
28227, 17476
137857, 17462
166882, 17328
170770, 17328
1201, 17303
68029, 17140
12214, 16835
14027, 16835
15609, 16835
267, 16761
13393, 16761
28547, 16729
133292, 16719
42941, 16593
1099, 16584
262595, 16506
178675, 16432
198119, 16432
227019, 16432
235970, 16432
5474, 16382
69268, 16320
85589, 16015
85674, 16015
86314, 16015
86977, 16015
87600, 16015
91693, 16015
91737, 16015
92984, 16015
103279, 16015
105950, 16015
147376, 16015
180510, 16015
5556, 15920
81868, 15441
92775, 15441
148783, 15441
187503, 15441
19394, 14621
5806, 14615
33215, 14606
29982, 14461
31190, 14461
36225, 14461
39478, 14461
40809, 14461
45911, 14461
7116, 14356
150780, 14071
176233, 14071
133267, 14028
168937, 14028
177870, 14028
183130, 14028
187144, 14028
198333, 14028
198513, 14028
201842, 14028
214321, 14028
221504, 14028
221902, 14028
235356, 14028
241376, 14028
241972, 14028
245210, 14028
246463, 14028
248656, 14028
251672, 14028
252844, 14028
253840, 14028
264602, 14028
264736, 14028
265525, 14028
282476, 14028
283303, 14028
283636, 14028
286524, 14028
286596, 14028
292078, 14028
293204, 14028
293436, 14028
296314, 14028
21279, 13991
11199, 13959
113, 13910
284001, 13891
10030, 13890
10241, 13890
12137, 13890
22289, 13890
64829, 13890
71559, 13890
104241, 13890
113466, 13890
126661, 13890
258749, 13890
147826, 13836
292355, 13739
76196, 13653
25744, 13536
90179, 13430
221705, 13394
217314, 13315
20960, 13260
156583, 13260
7387, 13165
9747, 13165
19676, 13165
58592, 13165
79414, 13165
84205, 13165
152405, 13165
175991, 13165
145677, 13134
201772, 13089
212343, 13089
224567, 13089
143190, 13054
293089, 13054
221275, 13023
94220, 12975
120891, 12975
124371, 12975
131099, 12975
131245, 12975
131712, 12975
132031, 12975
135788, 12975
140264, 12975
141362, 12975
152186, 12975
164777, 12975
166763, 12975
167651, 12975
167773, 12975
172418, 12975
203593, 12975
206487, 12975
208706, 12975
217261, 12975
232230, 12975
238006, 12975
243541, 12975
256418, 12975
286001, 12975
289195, 12975
76930, 12918
30586, 12912
118984, 12876
52581, 12838
59067, 12838
59627, 12838
61421, 12838
66914, 12838
79745, 12830
12694, 12748
17342, 12748
36642, 12748
204280, 12748
243387, 12748
255737, 12748
211026, 12703
259181, 12703
108711, 12567
45376, 12536
232658, 12524
65893, 12485
8943, 12417
13509, 12417
68833, 12417
147543, 12417
177092, 12417
30625, 12410
34567, 12410
37169, 12410
55136, 12410
14013, 12396
125642, 12396
58869, 12370
59087, 12370
64714, 12370
40298, 12357
62765, 12329
68160, 12329
20732, 12243
7878, 12160
45896, 11948
48105, 11948
88681, 11948
201665, 11948
276170, 11948
55713, 11921
55985, 11921
64475, 11921
65423, 11921
215376, 11910
196451, 11903
101459, 11814
105319, 11814
129729, 11814
142928, 11814
39388, 11791
55877, 11791
62952, 11791
72320, 11791
83247, 11791
99793, 11726
110797, 11726
110968, 11726
112900, 11726
185417, 11726
4209, 11708
19071, 11708
147092, 11628
206535, 11628
233919, 11628
122112, 11500
150570, 11500
164472, 11500
15866, 11489
275073, 11465
90275, 11452
116690, 11452
130289, 11452
172535, 11452
110869, 11384
235838, 11384
123396, 11333
124793, 11333
128795, 11333
132102, 11333
132665, 11333
137325, 11333
147415, 11333
149295, 11333
152665, 11333
153138, 11333
166938, 11333
199013, 11333
203377, 11333
242859, 11333
137782, 11268
201735, 11198
48149, 11186
48947, 11166
54970, 11166
64153, 11166
35267, 11156
117516, 11156
89766, 11127
70610, 11117
72768, 11117
74145, 11117
168042, 11116
247425, 11116
25719, 11091
52103, 10870
10895, 10867
16016, 10867
20378, 10691
235914, 10679
131315, 10626
36851, 10623
75384, 10623
1132, 10600
54113, 10561
58090, 10561
58255, 10561
64867, 10561
66788, 10561
67709, 10561
79228, 10561
92187, 10561
94659, 10561
96958, 10561
97022, 10561
106591, 10561
279517, 10445
64577, 10412
106735, 10412
121978, 10370
135622, 10370
136945, 10370
144054, 10370
162980, 10370
166810, 10370
180204, 10370
208180, 10370
231494, 10370
152142, 10367
193410, 10367
294891, 10329
48197, 10319
294795, 10268
40282, 10210
51265, 10133
250764, 10133
101558, 9994
117934, 9994
129612, 9994
135203, 9994
141394, 9994
141958, 9994
143700, 9994
145424, 9994
151139, 9994
294407, 9994
115563, 9877
135854, 9877
234775, 9772
192091, 9768
107924, 9695
110578, 9695
116536, 9695
120823, 9695
121407, 9695
130741, 9695
135035, 9695
150562, 9695
159741, 9695
127729, 9628
135063, 9628
141842, 9628
147720, 9628
2593, 9619
24171, 9619
44283, 9619
58702, 9619
72288, 9619
238223, 9619
4367, 9601
7215, 9601
41020, 9601
69930, 9601
83569, 9601
188500, 9601
3866, 9598
30085, 9598
54376, 9598
183488, 9598
58132, 9595
61195, 9595
137557, 9595
138113, 9595
12429, 9587
13446, 9587
25772, 9587
210598, 9587
2357, 9566
17326, 9566
32585, 9566
39907, 9566
72099, 9566
119770, 9566
148728, 9566
290156, 9566
139490, 9530
235246, 9530
3890, 9517
154110, 9517
242515, 9516
255036, 9516
130002, 9507
140084, 9507
148384, 9507
173055, 9507
70886, 9503
80665, 9503
2457, 9493
5453, 9493
13923, 9493
28300, 9493
29927, 9493
61007, 9493
72081, 9493
84372, 9493
111074, 9493
136829, 9493
196683, 9493
233678, 9493
287139, 9493
16687, 9469
29974, 9469
32335, 9469
37898, 9469
49211, 9469
113051, 9469
269002, 9469
103482, 9467
1417, 9460
1446, 9460
1481, 9460
1755, 9460
3913, 9460
4785, 9460
7875, 9460
8288, 9460
11333, 9460
17469, 9460
18059, 9460
18650, 9460
20108, 9460
20875, 9460
22338, 9460
25957, 9460
37392, 9460
68620, 9460
72911, 9460
83059, 9460
84944, 9460
90185, 9460
93086, 9460
117541, 9460
123886, 9460
138772, 9460
154887, 9460
159085, 9460
162167, 9460
253247, 9460
278316, 9436
14738, 9430
17535, 9430
18566, 9430
19458, 9430
20131, 9430
26599, 9430
63224, 9430
68448, 9430
86522, 9430
93295, 9430
122691, 9430
142485, 9430
169176, 9430
178658, 9430
284053, 9430
213410, 9410
10324, 9405
256532, 9402
97026, 9392
35518, 9367
211852, 9340
247989, 9340
263254, 9335
4537, 9319
145594, 9305
80888, 9292
224446, 9263
230125, 9263
246245, 9263
277688, 9263
227839, 9258
273560, 9188
20617, 9179
24592, 9179
26768, 9179
37135, 9179
40932, 9179
45351, 9179
50451, 9179
178117, 9179
179256, 9179
259363, 9179
6497, 9162
124922, 9160
47342, 9086
169277, 9079
248358, 9077
117653, 9068
124240, 9068
132421, 9068
140853, 9068
155875, 9068
157968, 9068
159324, 9068
190802, 9054
170150, 9038
238120, 9038
5611, 8952
192307, 8946
32521, 8898
40401, 8898
40671, 8898
106278, 8898
144612, 8898
211135, 8898
256736, 8898
266965, 8862
16851, 8833
76974, 8833
106290, 8743
126016, 8743
132609, 8743
136165, 8743
137837, 8743
138117, 8743
139379, 8743
140227, 8743
142148, 8743
144899, 8743
150465, 8743
150820, 8743
151082, 8743
153561, 8743
154611, 8743
158764, 8743
160689, 8743
161223, 8743
162240, 8743
168477, 8743
169072, 8743
170330, 8743
171370, 8743
180077, 8743
186255, 8743
188917, 8743
198250, 8743
202275, 8743
205281, 8743
220815, 8743
290945, 8684
55885, 8675
294482, 8675
106122, 8633
149148, 8633
7132, 8419
11280, 8419
18218, 8419
25044, 8419
103774, 8419
130067, 8419
147350, 8419
176619, 8419
255599, 8419
158190, 8406
89377, 8389
128937, 8377
135466, 8377
154330, 8377
159442, 8377
180474, 8377
30879, 8348
136020, 8303
136805, 8303
142130, 8303
156421, 8303
161342, 8303
91921, 8289
117737, 8289
121195, 8289
125404, 8289
164569, 8289
176495, 8289
191346, 8289
197876, 8289
216213, 8260
221613, 8236
27278, 8203
40525, 8203
92393, 8203
96270, 8203
120724, 8203
110882, 8183
81363, 8180
123169, 8141
159625, 8141
28328, 8118
36676, 8118
36840, 8118
43708, 8118
66169, 8118
96930, 8118
111380, 8118
154113, 8118
164498, 8118
204164, 8118
204210, 8118
210145, 8118
213532, 8118
247802, 8118
279525, 8118
279729, 8118
42980, 8075
122427, 8075
219767, 8075
223563, 8075
119773, 8071
282402, 8071
30671, 8057
115057, 8057
42620, 7998
101550, 7886
129759, 7886
134289, 7886
134767, 7886
168868, 7886
169733, 7886
174807, 7886
229785, 7886
256964, 7886
287879, 7886
174216, 7860
125550, 7849
138673, 7849
167294, 7849
168468, 7814
164710, 7765
137127, 7722
375, 7707
60933, 7707
69592, 7707
71825, 7707
78782, 7707
121760, 7707
148519, 7707
148970, 7707
155088, 7707
158797, 7707
173312, 7707
237994, 7707
255533, 7707
265220, 7707
281081, 7707
141116, 7704
279990, 7582
206444, 7521
252974, 7521
268333, 7521
34073, 7443
132890, 7435
154244, 7435
178571, 7435
111430, 7402
138765, 7394
266974, 7350
63340, 7348
249856, 7303
78697, 7296
58202, 7288
191948, 7236
266258, 7236
278701, 7236
166604, 7194
175182, 7194
246450, 7194
277322, 7194
231588, 7142
75234, 7081
84263, 7081
84873, 7081
126084, 7081
130854, 7081
136012, 7081
153812, 7081
187894, 7041
272186, 7041
70016, 6997
268815, 6997
164351, 6995
178679, 6995
230015, 6995
202811, 6924
28083, 6907
175086, 6863
177752, 6863
198649, 6863
209265, 6863
217887, 6863
250860, 6863
273361, 6863
126318, 6825
146684, 6825
148470, 6825
160578, 6825
161830, 6825
165397, 6825
201330, 6825
202671, 6825
233346, 6825
245283, 6825
245903, 6825
263500, 6825
235121, 6797
12259, 6705
14643, 6675
15063, 6675
16327, 6675
19009, 6675
50104, 6675
56117, 6675
100943, 6675
141742, 6675
201555, 6675
211696, 6675
241186, 6675
251075, 6675
264179, 6675
218515, 6632
239884, 6632
248962, 6632
253524, 6632
18033, 6564
25644, 6464
26797, 6464
30068, 6464
39076, 6464
41551, 6464
66040, 6464
69232, 6464
82760, 6464
124273, 6464
128380, 6464
165916, 6464
166749, 6464
178127, 6464
185085, 6464
193531, 6464
200585, 6464
204263, 6464
209824, 6464
210125, 6464
219427, 6464
226182, 6464
251819, 6464
262170, 6446
94764, 6428
46572, 6426
294, 6419
15458, 6419
49407, 6419
59461, 6419
88168, 6419
125855, 6419
184609, 6419
219091, 6419
266145, 6419
74885, 6418
115898, 6418
24224, 6414
30685, 6414
34559, 6414
56489, 6414
65306, 6414
71072, 6414
77901, 6414
81451, 6414
111282, 6414
140316, 6414
144769, 6414
150106, 6414
203543, 6414
205219, 6414
254280, 6414
293246, 6414
251, 6410
20275, 6410
23627, 6410
155348, 6410
167574, 6410
627, 6375
81525, 6375
12730, 6326
20407, 6326
118832, 6326
168526, 6326
245710, 6326
83003, 6320
211376, 6320
214231, 6320
246952, 6320
271046, 6320
44877, 6313
69042, 6287
78222, 6287
85707, 6287
115466, 6287
115891, 6287
16138, 6245
27798, 6245
60093, 6245
82528, 6245
150997, 6245
194937, 6245
293396, 6245
73814, 6228
44752, 6159
89931, 6159
97015, 6159
124595, 6159
127475, 6159
135683, 6159
137985, 6159
172687, 6159
173483, 6159
261064, 6159
262682, 6159
282310, 6159
41897, 6101
68478, 6101
82021, 6101
91093, 6101
107467, 6101
137253, 6101
148661, 6101
215185, 6101
220801, 6101
244620, 6101
276413, 6101
292003, 6101
83769, 6089
52339, 6086
118723, 6086
129439, 6086
266699, 6086
268299, 6086
36975, 6045
63689, 6045
13500, 6013
17583, 6013
19130, 6013
26348, 6013
31533, 6013
38470, 6013
43863, 6013
55466, 6013
61682, 6013
64521, 6013
76056, 6013
85078, 6013
95110, 6013
118868, 6013
128059, 6013
130428, 6013
155518, 6013
166977, 6013
176629, 6013
183833, 6013
184225, 6013
184228, 6013
184570, 6013
255717, 6013
258274, 6013
19036, 5995
29025, 5995
31032, 5995
42690, 5995
56132, 5995
65573, 5995
85406, 5995
85653, 5995
86923, 5995
98225, 5995
120818, 5995
122067, 5995
134377, 5995
139156, 5995
141489, 5995
188849, 5995
218907, 5995
220223, 5995
230299, 5995
246654, 5995
288226, 5995
89210, 5975
138782, 5975
153644, 5975
46316, 5881
91370, 5881
149387, 5818
151492, 5818
228391, 5818
261739, 5818
13217, 5812
73374, 5797
120226, 5797
39492, 5775
45058, 5775
73975, 5775
101390, 5775
106512, 5775
107749, 5775
122816, 5775
144221, 5775
146208, 5775
158150, 5775
166277, 5775
197801, 5775
209797, 5775
216424, 5775
289826, 5775
2038, 5769
29984, 5704
104144, 5704
20649, 5674
125644, 5670
138510, 5652
174831, 5577
214221, 5557
59814, 5424
167555, 5424
177452, 5424
197708, 5424
46871, 5411
219194, 5411
255082, 5411
40890, 5387
3, 5359
54233, 5275
112165, 5275
196423, 5275
231435, 5275
45989, 5210
281974, 5210
141797, 5194
4018, 5154
4576, 5154
5040, 5154
5271, 5154
7098, 5154
19950, 5154
20123, 5154
20156, 5154
21674, 5154
24965, 5154
31909, 5154
119304, 5154
125060, 5154
211859, 5154
278868, 5154
283165, 5154
52, 5148
180305, 5019
130977, 5011
156987, 5011
256706, 5003
159611, 4987
202820, 4987
210007, 4987
130681, 4906
20986, 4868
93395, 4868
292962, 4854
84984, 4648
163264, 4642
182069, 4642
190975, 4642
16262, 4623
16277, 4623
25476, 4623
27760, 4623
28522, 4623
37290, 4623
38344, 4623
44563, 4623
47992, 4623
51887, 4623
60999, 4623
62534, 4623
69873, 4623
80285, 4623
91043, 4623
134787, 4623
139160, 4623
193409, 4623
200601, 4623
218619, 4623
243772, 4623
245731, 4623
268040, 4623
286032, 4623
290111, 4623
56267, 4588
13183, 4540
18518, 4540
23081, 4540
31851, 4540
32908, 4540
40383, 4540
42890, 4540
44306, 4540
48825, 4540
53246, 4540
59376, 4540
60169, 4540
66899, 4540
67457, 4540
69490, 4540
72664, 4540
77970, 4540
81872, 4540
87603, 4540
90236, 4540
91330, 4540
92944, 4540
94594, 4540
94750, 4540
114735, 4540
116164, 4540
116786, 4540
117265, 4540
127962, 4540
138597, 4540
139448, 4540
143867, 4540
151705, 4540
154125, 4540
157829, 4540
160194, 4540
161941, 4540
199090, 4540
208592, 4540
213924, 4540
250820, 4540
255292, 4540
263667, 4540
63337, 4506
137259, 4498
161416, 4498
215423, 4426
131616, 4407
194408, 4407
4058, 4377
24356, 4377
123501, 4377
265749, 4377
138289, 4350
28955, 4319
31373, 4319
216280, 4298
78, 4267
288378, 4208
51457, 4193
141965, 4155
74535, 4152
11289, 4144
236686, 4132
27766, 4120
136577, 4120
234712, 4080
559, 4052
148742, 3902
240033, 3889
115733, 3738
122680, 3738
290207, 3738
66120, 3730
66946, 3730
116187, 3730
235355, 3730
15369, 3717
45492, 3714
49810, 3714
53175, 3714
58155, 3714
66756, 3714
74624, 3714
75643, 3714
76916, 3714
78276, 3714
78588, 3714
85032, 3714
86780, 3714
103712, 3714
122643, 3714
138364, 3714
145985, 3714
147324, 3714
148075, 3714
150187, 3714
177894, 3714
179110, 3714
181641, 3714
226714, 3714
249188, 3714
78395, 3709
105534, 3709
108549, 3709
130930, 3709
140711, 3709
152096, 3709
162352, 3709
163606, 3709
205814, 3709
217736, 3709
234748, 3709
251886, 3709
284095, 3709
2082, 3697
194074, 3697
288085, 3697
57962, 3693
188105, 3692
249354, 3692
267634, 3692
249653, 3690
52919, 3686
145143, 3686
160565, 3686
192507, 3686
230012, 3686
258833, 3686
36367, 3670
41975, 3670
72527, 3670
77716, 3670
81082, 3670
85186, 3670
101978, 3670
120691, 3670
149063, 3670
190707, 3670
1174, 3669
3472, 3669
16909, 3669
34107, 3669
53029, 3669
72061, 3669
91355, 3669
194087, 3669
78137, 3656
237814, 3652
70953, 3624
228835, 3619
7706, 3612
6259, 3604
53366, 3604
78228, 3604
192464, 3596
204677, 3593
73375, 3585
122705, 3585
140380, 3585
189894, 3585
83633, 3538
280065, 3419
280554, 3373
50365, 3141
74908, 3141
151795, 3141
187456, 3141
15321, 3123
32527, 3123
25201, 3106
58457, 3106
164681, 3106
18215, 3104
98848, 3104
990, 3089
87682, 3089
221276, 3089
284773, 3089
79369, 3058
233994, 3058
255925, 3058
283381, 3058
85739, 3056
182301, 3035
227129, 3035
30723, 3031
87224, 3031
212868, 3031
75244, 3020
126740, 3017
157259, 3017
172871, 3015
23608, 2999
41789, 2996
170448, 2982
287856, 2971
78145, 2958
239972, 2958
23731, 2951
136462, 2951
196415, 2951
34983, 2942
168919, 2942
179396, 2942
99636, 2926
237904, 2926
22791, 2923
93343, 2908
106466, 2868
123590, 2868
211705, 2864
262718, 2864
119970, 2858
147361, 2858
158225, 2858
182385, 2858
197217, 2858
204441, 2858
236839, 2858
244206, 2858
282158, 2858
47604, 2852
78647, 2852
122291, 2849
130259, 2849
135959, 2849
138257, 2849
143085, 2849
147387, 2849
152698, 2849
168599, 2849
169337, 2849
184697, 2849
188197, 2849
240782, 2849
260015, 2849
276422, 2849
127179, 2844
142278, 2844
120887, 2836
130273, 2836
140157, 2836
140621, 2836
141500, 2836
183981, 2836
189438, 2836
208440, 2836
237403, 2836
271283, 2836
247108, 2831
188580, 2818
124875, 2814
3628, 2798
175792, 2794
110096, 2790
150814, 2786
154786, 2786
165555, 2786
247557, 2786
247627, 2786
105098, 2782
110995, 2782
134376, 2782
140371, 2782
143177, 2782
173318, 2782
253381, 2782
263417, 2782
271562, 2782
224578, 2775
211707, 2765
159934, 2762
87940, 2754
140850, 2754
203168, 2754
216962, 2754
181680, 2750
165320, 2735
280888, 2735
282733, 2735
65314, 2724
246910, 2724
278652, 2724
161468, 2721
37274, 2712
180487, 2712
208261, 2712
281692, 2712
111173, 2704
111462, 2704
130577, 2704
163937, 2704
212856, 2704
223195, 2704
283800, 2704
54657, 2698
70270, 2698
76282, 2698
166782, 2698
51569, 2693
62932, 2693
129372, 2693
184250, 2693
67886, 2686
151322, 2682
47414, 2679
113728, 2679
171382, 2679
88279, 2663
130169, 2661
138776, 2661
170005, 2661
180872, 2661
189566, 2661
199138, 2661
211922, 2661
219550, 2661
223885, 2661
238886, 2661
247141, 2661
259100, 2661
263260, 2661
265025, 2661
279931, 2661
290510, 2661
236295, 2660
280321, 2660
291267, 2660
109961, 2647
146702, 2647
191815, 2647
217194, 2647
220893, 2647
227372, 2647
166135, 2645
69838, 2641
128296, 2641
180843, 2641
160839, 2638
126474, 2634
280477, 2631
98837, 2630
151766, 2630
280148, 2630
22686, 2623
27048, 2623
28484, 2623
132484, 2623
135400, 2623
249594, 2623
255765, 2623
266449, 2623
283784, 2623
294534, 2623
61002, 2621
106713, 2621
141478, 2621
213127, 2621
217303, 2621
233870, 2621
244840, 2621
252437, 2621
82316, 2620
97162, 2620
166116, 2620
175229, 2620
277367, 2620
27426, 2611
104307, 2611
105825, 2611
22240, 2604
72815, 2604
39655, 2603
98570, 2603
119617, 2600
219126, 2600
126909, 2597
13671, 2589
88042, 2589
165759, 2589
128684, 2588
100049, 2586
265068, 2586
49626, 2583
95298, 2583
93394, 2580
163304, 2580
239298, 2580
49072, 2579
67340, 2579
86496, 2579
110908, 2579
137459, 2579
276156, 2579
292222, 2579
18290, 2575
60959, 2575
281282, 2575
2918, 2574
47624, 2574
64886, 2574
131174, 2574
251859, 2573
74683, 2571
27927, 2570
89388, 2570
99659, 2570
101262, 2570
102305, 2570
103312, 2570
107604, 2570
109913, 2570
114250, 2570
119045, 2570
124857, 2570
164732, 2570
170226, 2570
219335, 2570
6081, 2568
70303, 2568
102106, 2568
175089, 2568
194131, 2568
208138, 2568
266964, 2568
54120, 2566
205915, 2566
22038, 2564
75410, 2564
94495, 2564
123857, 2564
143388, 2564
63694, 2560
136316, 2559
137361, 2559
145271, 2559
42008, 2558
217051, 2556
59531, 2553
20519, 2551
20688, 2551
83315, 2551
163300, 2551
250358, 2551
150444, 2549
23797, 2544
37486, 2544
45686, 2544
53368, 2544
71752, 2544
106739, 2544
107389, 2544
113974, 2544
178936, 2544
292382, 2544
13377, 2543
84844, 2543
198556, 2543
236490, 2543
265046, 2543
15491, 2542
90389, 2542
64648, 2532
74333, 2532
84644, 2532
84783, 2532
98725, 2532
106686, 2532
115341, 2532
127308, 2532
149962, 2532
171711, 2532
182358, 2532
207874, 2532
247049, 2532
23121, 2525
257915, 2522
29034, 2516
40368, 2516
82059, 2516
153752, 2516
164245, 2516
3062, 2513
15414, 2513
15490, 2513
16014, 2513
21455, 2513
23096, 2513
77767, 2513
170777, 2513
270985, 2513
223572, 2512
4963, 2511
14015, 2511
28075, 2511
33265, 2511
57929, 2511
77401, 2511
90438, 2511
92743, 2511
95186, 2511
106028, 2511
113171, 2511
142611, 2511
149344, 2511
177043, 2511
190444, 2511
192763, 2511
290278, 2511
9133, 2510
34451, 2506
100640, 2506
288660, 2506
17775, 2504
20499, 2504
24228, 2504
45463, 2504
52608, 2504
54823, 2504
55374, 2504
87754, 2504
94250, 2504
111009, 2504
10645, 2502
35684, 2502
37177, 2502
138120, 2502
187261, 2501
200902, 2501
264398, 2501
42907, 2500
81493, 2500
129908, 2500
162515, 2500
185947, 2500
35054, 2497
70055, 2497
102339, 2497
130901, 2497
145843, 2497
260371, 2497
149868, 2496
185351, 2492
263760, 2491
283905, 2491
39216, 2486
135681, 2481
121763, 2480
276105, 2480
8506, 2473
48477, 2471
98590, 2471
100331, 2471
162366, 2471
268334, 2471
927, 2469
3746, 2469
83052, 2469
109583, 2469
126115, 2469
132707, 2469
157887, 2469
200559, 2469
208442, 2469
222472, 2469
243138, 2469
273738, 2469
273921, 2469
282962, 2469
134749, 2468
195902, 2468
59045, 2467
199713, 2467
220876, 2467
3347, 2466
25125, 2466
96064, 2466
136488, 2465
247423, 2465
34251, 2460
65283, 2460
86301, 2460
94372, 2460
154923, 2460
33695, 2457
78435, 2457
111594, 2457
176085, 2457
193714, 2457
293995, 2457
5566, 2455
7389, 2455
19020, 2455
19993, 2455
77890, 2455
46255, 2454
68866, 2454
140325, 2454
143879, 2451
47080, 2447
116593, 2447
123828, 2447
127663, 2447
128626, 2447
15121, 2446
110129, 2446
252897, 2446
171739, 2445
225984, 2445
9216, 2440
113037, 2440
204860, 2440
286050, 2440
104051, 2438
123841, 2438
54795, 2436
62128, 2436
117674, 2436
265819, 2436
21154, 2435
18912, 2434
22594, 2433
57028, 2432
126581, 2432
23402, 2431
28027, 2431
4040, 2430
87273, 2430
217869, 2429
32920, 2428
250022, 2428
35443, 2425
67822, 2425
172538, 2425
241127, 2425
87165, 2420
96969, 2420
154994, 2420
57602, 2419
112640, 2416
102456, 2406
122532, 2406
210630, 2406
222415, 2406
261773, 2406
21545, 2405
205733, 2405
58305, 2404
61512, 2404
75992, 2404
147749, 2404
247852, 2404
254038, 2404
42009, 2401
127024, 2401
123943, 2400
156219, 2400
104635, 2399
47039, 2398
49244, 2398
56862, 2398
231333, 2398
261675, 2398
3786, 2396
225748, 2396
221846, 2395
25148, 2394
66538, 2394
87571, 2394
170139, 2394
268101, 2394
43228, 2393
52366, 2393
116570, 2393
158544, 2393
162218, 2393
174196, 2393
181232, 2393
187193, 2393
205422, 2393
1368, 2389
46977, 2389
87196, 2389
111872, 2389
122633, 2389
194596, 2389
202134, 2389
283990, 2389
294384, 2389
91214, 2384
36771, 2383
41692, 2383
53527, 2383
108177, 2383
46563, 2382
146198, 2381
150933, 2381
193747, 2381
153623, 2380
220379, 2380
220707, 2380
270086, 2379
36342, 2378
124026, 2377
187215, 2377
256531, 2372
96324, 2370
189530, 2368
11229, 2364
162432, 2352
28514, 2351
75319, 2351
224822, 2351
230134, 2351
11834, 2349
23937, 2349
30435, 2349
44791, 2349
51244, 2349
52759, 2349
64433, 2349
71046, 2349
74453, 2349
74762, 2349
75481, 2349
89411, 2349
90343, 2349
104370, 2349
114208, 2349
119499, 2349
124287, 2349
55640, 2348
107740, 2348
220734, 2348
119261, 2347
163767, 2347
60222, 2346
232153, 2346
263194, 2346
14011, 2345
160746, 2345
24731, 2344
101761, 2344
143441, 2344
144656, 2344
256791, 2344
62830, 2343
211624, 2343
62326, 2342
72272, 2342
78692, 2342
84515, 2342
1284, 2339
33789, 2339
53140, 2339
82602, 2339
202906, 2339
230359, 2339
197329, 2336
169486, 2332
71058, 2326
189676, 2326
106193, 2321
185116, 2321
112011, 2314
217453, 2314
26929, 2313
93035, 2310
247716, 2310
42332, 2309
102244, 2309
145377, 2309
98306, 2306
137688, 2306
213759, 2306
182881, 2302
57338, 2301
78031, 2301
152522, 2301
184661, 2301
213282, 2301
42892, 2299
36659, 2298
38059, 2298
41650, 2298
57367, 2298
176814, 2298
42752, 2297
11763, 2296
24418, 2295
32733, 2295
99632, 2295
101096, 2295
146068, 2294
180001, 2293
16528, 2291
42839, 2291
97288, 2291
104813, 2291
168454, 2291
169842, 2291
188304, 2291
271975, 2289
99209, 2287
28991, 2282
80444, 2279
108171, 2279
110756, 2279
46442, 2275
273634, 2274
48709, 2270
122497, 2270
193369, 2270
194243, 2270
3419, 2269
98371, 2269
225261, 2269
58288, 2257
102114, 2257
194925, 2257
225, 2248
110763, 2248
198507, 2248
33412, 2247
117429, 2247
14458, 2245
292863, 2244
17332, 2242
88052, 2242
88417, 2241
41390, 2239
24546, 2233
52272, 2233
187723, 2233
32308, 2232
56378, 2229
127337, 2229
22112, 2228
29888, 2228
71976, 2226
122509, 2226
123070, 2226
156498, 2223
165321, 2223
62672, 2222
3485, 2221
3764, 2221
9126, 2221
156096, 2219
217196, 2219
92350, 2217
97430, 2217
113470, 2215
177623, 2213
52702, 2212
98882, 2212
248227, 2212
175113, 2205
227578, 2205
209948, 2201
5952, 2200
14528, 2200
63043, 2199
71694, 2199
193396, 2199
17711, 2196
55109, 2196
150249, 2196
1810, 2194
11833, 2194
34293, 2194
241501, 2192
100869, 2191
126443, 2191
119594, 2188
122872, 2188
31486, 2186
38188, 2185
44127, 2179
103633, 2179
118883, 2179
285860, 2179
10263, 2175
74312, 2174
4437, 2170
22299, 2170
3606, 2168
33172, 2168
273145, 2166
105926, 2164
41714, 2163
262086, 2163
177638, 2162
170654, 2161
65929, 2157
120965, 2156
21041, 2154
109322, 2154
8114, 2151
8607, 2150
55219, 2145
222630, 2144
59370, 2143
38135, 2142
44825, 2142
5780, 2140
12729, 2140
80719, 2140
186595, 2140
282520, 2140
284332, 2140
21240, 2139
21392, 2138
33097, 2138
33624, 2138
84142, 2137
217898, 2137
35195, 2136
3359, 2135
6045, 2129
96415, 2129
100442, 2128
261337, 2128
99428, 2127
34146, 2126
8386, 2118
9185, 2118
50429, 2118
64744, 2118
258093, 2118
159838, 2117
31022, 2115
132804, 2115
104147, 2113
23998, 2112
36453, 2112
38090, 2112
38134, 2112
38159, 2112
42729, 2112
55404, 2112
62298, 2112
77545, 2112
84403, 2112
92906, 2112
100654, 2112
101911, 2112
103696, 2112
154860, 2112
162531, 2112
163279, 2112
171129, 2112
185312, 2112
281503, 2112
36104, 2111
19092, 2109
9314, 2108
24999, 2108
185287, 2108
134882, 2106
208168, 2105
88480, 2104
238097, 2103
193994, 2102
269798, 2102
14353, 2100
23519, 2100
93988, 2098
102334, 2098
52535, 2093
276462, 2093
2045, 2091
11478, 2091
18257, 2091
38653, 2091
38876, 2091
76520, 2091
82634, 2091
95344, 2091
101849, 2091
146484, 2091
166686, 2091
191219, 2091
250161, 2091
225990, 2089
291405, 2089
22555, 2088
94652, 2088
117683, 2088
134442, 2088
226430, 2088
286223, 2088
65872, 2087
10857, 2086
16889, 2086
71125, 2085
16367, 2082
21949, 2082
216076, 2082
43917, 2081
3050, 2077
40865, 2077
51747, 2077
66139, 2077
67655, 2077
81454, 2077
219226, 2077
223066, 2077
255269, 2077
76087, 2076
79730, 2076
141504, 2076
164752, 2076
275414, 2076
293599, 2076
11434, 2072
139889, 2070
257052, 2070
263580, 2070
75589, 2067
145471, 2066
103286, 2064
78785, 2062
200541, 2062
268627, 2062
41126, 2061
81826, 2061
136257, 2061
155800, 2061
109630, 2058
253698, 2058
238419, 2057
238807, 2056
189786, 2055
31560, 2053
87078, 2053
111399, 2053
153567, 2053
14146, 2051
115546, 2051
166528, 2051
41327, 2048
72471, 2048
35946, 2046
36703, 2046
238618, 2046
251871, 2046
252181, 2046
119187, 2045
52442, 2044
93290, 2044
148800, 2044
90260, 2041
68201, 2039
147485, 2039
198840, 2037
116195, 2036
74809, 2033
262802, 2033
60371, 2031
160158, 2031
288669, 2031
291004, 2031
154847, 2030
163380, 2028
186414, 2028
74080, 2025
86979, 2024
166390, 2024
178886, 2024
205222, 2024
77206, 2022
144946, 2022
153307, 2022
286922, 2022
26261, 2020
200502, 2020
10541, 2017
15275, 2017
137892, 2016
97209, 2013
198430, 2013
202648, 2013
5299, 2012
77374, 2010
58423, 2004
102583, 2003
136201, 2003
161187, 2003
16573, 2002
46089, 2002
68775, 2000
226710, 2000
30315, 1997
46907, 1997
107656, 1997
161326, 1997
172898, 1997
220063, 1997
108981, 1996
165544, 1995
278576, 1995
6201, 1994
20380, 1994
26926, 1994
144746, 1992
44555, 1991
71242, 1991
133071, 1991
38173, 1989
160067, 1989
174024, 1989
191364, 1989
207471, 1989
287047, 1989
14660, 1987
17800, 1983
63512, 1983
174445, 1983
204126, 1983
50014, 1982
63711, 1982
65586, 1982
101461, 1982
208584, 1982
210054, 1982
41071, 1981
65982, 1980
67630, 1980
110594, 1980
120196, 1980
225538, 1980
262287, 1980
265787, 1980
266308, 1980
294385, 1980
3016, 1979
191676, 1979
265044, 1979
273067, 1977
80457, 1975
84753, 1975
114598, 1975
68074, 1974
124725, 1974
56877, 1972
109076, 1972
197811, 1972
293026, 1972
33250, 1968
208870, 1968
293927, 1968
66997, 1967
68139, 1967
190233, 1967
203600, 1967
209221, 1967
251548, 1967
6046, 1966
9252, 1966
45992, 1966
56416, 1966
193280, 1966
10439, 1963
74184, 1963
193188, 1963
121011, 1962
29189, 1961
31150, 1961
61694, 1961
73925, 1961
157919, 1961
207000, 1961
78003, 1959
177583, 1959
284557, 1959
26589, 1955
108490, 1955
111253, 1955
173886, 1955
251936, 1955
282048, 1955
40135, 1954
83508, 1954
293450, 1953
10129, 1950
25828, 1950
30446, 1949
65478, 1949
201358, 1949
246668, 1949
85710, 1948
134383, 1948
135177, 1948
150290, 1948
186846, 1948
277823, 1945
57616, 1943
291780, 1943
14926, 1942
211767, 1941
268327, 1941
152736, 1939
27037, 1938
144623, 1938
188174, 1938
227328, 1937
236739, 1935
291012, 1935
61003, 1934
193268, 1934
238851, 1934
270178, 1934
32448, 1933
69111, 1933
147339, 1933
152279, 1933
249906, 1933
116513, 1930
219199, 1930
31733, 1929
47801, 1929
50250, 1929
77218, 1929
275620, 1929
228419, 1927
67803, 1926
138945, 1926
231804, 1926
16987, 1925
105934, 1925
137099, 1924
246460, 1924
10847, 1923
12046, 1923
40020, 1923
68754, 1923
75913, 1923
81639, 1923
121661, 1923
258200, 1923
40193, 1922
22011, 1920
73227, 1920
229173, 1920
244753, 1920
43941, 1919
65034, 1919
31948, 1918
69303, 1914
31088, 1912
6803, 1911
19060, 1911
112624, 1911
157082, 1911
49168, 1908
44486, 1906
33564, 1904
232070, 1904
39684, 1903
181535, 1903
292245, 1903
45595, 1902
94100, 1902
169649, 1902
143320, 1900
246020, 1899
34043, 1897
68008, 1896
182748, 1896
102078, 1895
118144, 1895
200026, 1895
111295, 1894
245303, 1890
151475, 1889
141660, 1888
150776, 1888
281794, 1888
105069, 1886
15252, 1885
83341, 1885
234900, 1885
292793, 1885
201579, 1883
204168, 1883
267678, 1883
239625, 1882
262276, 1879
254391, 1878
3358, 1877
23726, 1877
69692, 1876
150470, 1876
263073, 1875
283714, 1872
78527, 1868
127592, 1868
131604, 1868
184668, 1868
185481, 1868
231690, 1868
32849, 1866
60287, 1865
63050, 1865
87503, 1865
115602, 1865
154344, 1865
163921, 1865
173921, 1865
209902, 1865
152269, 1863
17553, 1862
53996, 1861
74919, 1861
114844, 1861
154505, 1861
199747, 1860
260031, 1860
218962, 1858
145581, 1857
63859, 1856
70822, 1856
81888, 1856
278348, 1856
98044, 1855
35780, 1853
223316, 1852
226629, 1852
217299, 1851
88938, 1850
143782, 1850
44544, 1849
54179, 1849
66178, 1849
96870, 1849
151669, 1849
92917, 1848
196851, 1848
281030, 1848
62354, 1845
78218, 1845
15266, 1844
259250, 1844
10290, 1843
179358, 1843
45501, 1840
184567, 1840
2558, 1836
103579, 1836
127270, 1836
211909, 1836
261584, 1836
267155, 1836
7745, 1835
40698, 1835
51838, 1834
64972, 1834
83134, 1834
146720, 1833
216315, 1831
275474, 1829
7379, 1828
56926, 1828
110983, 1828
152960, 1828
274690, 1828
136843, 1827
160937, 1827
171004, 1827
238740, 1827
258367, 1827
264974, 1827
270283, 1827
277400, 1827
278166, 1827
284652, 1827
288954, 1827
51598, 1826
256409, 1826
39840, 1824
63303, 1824
79137, 1823
102329, 1823
259299, 1823
217149, 1821
245953, 1819
8146, 1818
37339, 1817
127971, 1817
223095, 1817
33685, 1815
30999, 1814
121986, 1814
192869, 1814
204530, 1814
254434, 1814
137583, 1812
230312, 1812
234780, 1812
420, 1811
104073, 1809
64780, 1808
19031, 1806
231180, 1806
292891, 1806
50919, 1802
129218, 1802
271150, 1802
29384, 1800
205244, 1800
88006, 1799
36810, 1797
226005, 1797
19152, 1796
21530, 1796
26322, 1796
73831, 1796
95385, 1796
118464, 1796
124241, 1796
143055, 1796
233385, 1796
262621, 1796
4180, 1795
14159, 1794
61334, 1794
115305, 1794
150644, 1794
184868, 1794
188706, 1794
145983, 1793
163142, 1793
170183, 1793
250256, 1790
56203, 1788
76833, 1788
77496, 1788
82115, 1788
83556, 1788
107004, 1788
111832, 1788
116473, 1788
153446, 1788
223759, 1788
31327, 1786
47377, 1786
31002, 1784
79350, 1784
180144, 1783
160169, 1781
11831, 1780
43833, 1780
99347, 1780
134608, 1780
78288, 1776
99264, 1776
153177, 1776
259888, 1776
117240, 1774
117485, 1774
119209, 1774
132702, 1774
136672, 1774
137291, 1774
143425, 1774
163209, 1774
165123, 1774
166110, 1774
166981, 1774
167047, 1774
168296, 1774
173633, 1774
173806, 1774
175073, 1774
179796, 1774
182753, 1774
189926, 1774
191969, 1774
192661, 1774
192806, 1774
193469, 1774
193874, 1774
197440, 1774
206832, 1774
217897, 1774
222024, 1774
245147, 1774
245570, 1774
80510, 1773
220380, 1772
65836, 1770
213550, 1770
1299, 1769
204935, 1769
238076, 1769
11425, 1768
168610, 1768
22760, 1767
202823, 1767
17345, 1766
36681, 1766
36960, 1764
34881, 1763
135320, 1763
176486, 1763
204610, 1763
56107, 1762
126049, 1762
247792, 1761
48823, 1760
138027, 1760
288763, 1760
14848, 1759
20278, 1758
5456, 1756
27261, 1756
150813, 1755
205109, 1755
248820, 1755
91651, 1754
56017, 1751
180608, 1749
218409, 1749
115918, 1747
20554, 1745
66763, 1745
74253, 1745
82934, 1745
87515, 1743
91674, 1743
169788, 1741
256492, 1741
5079, 1740
87911, 1740
217950, 1740
7805, 1738
89039, 1737
118498, 1737
129065, 1737
161092, 1737
255862, 1737
265717, 1737
13504, 1736
37899, 1735
86900, 1733
127441, 1733
135610, 1733
179682, 1732
38941, 1730
40441, 1730
11228, 1729
173832, 1729
9374, 1728
20166, 1728
148774, 1728
25174, 1726
276723, 1726
62015, 1722
84095, 1722
95428, 1722
118319, 1722
143492, 1722
58356, 1721
81020, 1720
241610, 1719
283322, 1718
17537, 1716
277617, 1716
2776, 1715
29131, 1715
3173, 1713
109385, 1713
179430, 1713
198818, 1713
97092, 1712
63239, 1711
21388, 1710
55470, 1710
56673, 1710
57586, 1710
187637, 1710
248623, 1710
1698, 1708
4722, 1708
9372, 1708
26654, 1708
73480, 1708
140268, 1708
141373, 1708
32008, 1707
32853, 1707
39588, 1707
43713, 1707
282185, 1707
31307, 1706
37534, 1706
91175, 1706
129441, 1706
176545, 1706
35584, 1705
37912, 1705
66135, 1705
111524, 1705
287812, 1705
87799, 1704
21303, 1703
48819, 1703
192160, 1703
238456, 1703
7427, 1702
59038, 1702
81511, 1702
106749, 1702
107691, 1702
191024, 1702
46741, 1701
51257, 1701
81964, 1701
75100, 1700
108086, 1700
246430, 1700
231949, 1699
23722, 1698
175468, 1698
193377, 1698
40687, 1697
42325, 1697
45676, 1697
56230, 1697
58392, 1697
58843, 1697
69586, 1697
86594, 1697
3492, 1696
3772, 1696
36871, 1696
74079, 1696
134988, 1696
159251, 1696
163229, 1696
47153, 1695
51571, 1695
63461, 1695
68482, 1695
73910, 1695
83016, 1695
89157, 1695
89581, 1695
97055, 1695
97323, 1695
110504, 1695
128284, 1695
132491, 1695
181476, 1695
225772, 1695
240569, 1695
24510, 1694
75213, 1694
90152, 1694
120078, 1694
77759, 1692
119503, 1692
247276, 1692
4398, 1691
22915, 1690
30679, 1689
98691, 1689
258, 1687
27508, 1687
31144, 1687
34351, 1687
47655, 1687
51607, 1687
73639, 1687
100201, 1687
132084, 1687
158770, 1687
198689, 1687
205248, 1687
239276, 1687
270159, 1687
10861, 1686
221060, 1686
21200, 1685
55656, 1685
72434, 1685
158871, 1685
180867, 1685
184404, 1685
208617, 1685
249976, 1685
251216, 1685
272291, 1685
279120, 1685
279461, 1685
132845, 1684
198582, 1684
25767, 1683
32116, 1683
32539, 1683
32647, 1683
37297, 1683
37988, 1683
39995, 1683
59723, 1683
63643, 1683
65207, 1683
77377, 1683
80822, 1683
87080, 1683
738, 1682
1305, 1681
35272, 1681
248526, 1681
24760, 1679
35453, 1679
35533, 1679
55987, 1679
112018, 1679
125923, 1679
135373, 1679
141148, 1679
159276, 1679
214931, 1679
223556, 1679
234776, 1679
250544, 1679
28805, 1678
213364, 1678
278093, 1678
77962, 1677
212322, 1677
50268, 1676
118216, 1676
160001, 1676
88194, 1675
124940, 1675
246709, 1675
264911, 1675
66974, 1673
91976, 1673
162024, 1673
167676, 1673
231923, 1673
16227, 1672
184669, 1672
45436, 1671
839, 1670
17135, 1670
137841, 1670
158464, 1670
208476, 1670
64594, 1669
134068, 1668
135526, 1668
201447, 1667
33313, 1665
19927, 1664
44112, 1664
118177, 1664
209803, 1664
173484, 1662
229955, 1662
285149, 1661
93369, 1660
194626, 1660
206594, 1660
97292, 1659
12073, 1658
4162, 1657
26072, 1657
71287, 1657
106986, 1656
19478, 1655
65808, 1655
86197, 1655
186463, 1655
34309, 1653
40591, 1653
146221, 1653
172197, 1653
166922, 1652
187040, 1652
249140, 1652
270054, 1652
273646, 1652
280203, 1652
289631, 1652
19733, 1651
9916, 1649
42354, 1648
59467, 1648
193475, 1648
216704, 1648
18640, 1647
71712, 1647
195875, 1647
99019, 1644
114966, 1644
119053, 1644
135123, 1644
156737, 1644
199007, 1644
230019, 1644
266494, 1644
293534, 1644
62341, 1643
102846, 1643
285678, 1643
22957, 1640
23754, 1640
179932, 1640
11984, 1637
53620, 1636
13853, 1635
80076, 1635
289310, 1635
2682, 1633
38391, 1633
46008, 1633
52667, 1633
112830, 1632
240609, 1632
11257, 1631
13334, 1630
18228, 1630
61411, 1630
66494, 1630
79239, 1630
180557, 1630
243854, 1630
122819, 1629
16483, 1628
85373, 1628
144779, 1628
1379, 1627
5678, 1627
8181, 1627
43231, 1627
112726, 1627
154677, 1626
253784, 1626
292393, 1626
28796, 1625
117061, 1625
1696, 1624
85202, 1624
96004, 1624
105978, 1624
107870, 1624
112152, 1624
125570, 1624
127568, 1624
132204, 1624
143603, 1624
156380, 1624
159239, 1624
162862, 1624
169223, 1624
183918, 1624
185407, 1624
189624, 1624
189974, 1624
190207, 1624
192923, 1624
195657, 1624
196437, 1624
197416, 1624
202353, 1624
203991, 1624
214085, 1624
214979, 1624
219506, 1624
221095, 1624
223587, 1624
224023, 1624
231057, 1624
233828, 1624
233930, 1624
234312, 1624
243240, 1624
249214, 1624
249718, 1624
252106, 1624
255034, 1624
258554, 1624
259604, 1624
262732, 1624
266848, 1624
266918, 1624
267026, 1624
267771, 1624
268953, 1624
270038, 1624
271480, 1624
272991, 1624
274038, 1624
277141, 1624
280658, 1624
284327, 1624
285549, 1624
286803, 1624
287707, 1624
287882, 1624
289370, 1624
289778, 1624
290406, 1624
291468, 1624
70794, 1623
196687, 1623
237171, 1623
268690, 1623
288197, 1623
9580, 1622
27571, 1622
63276, 1621
70455, 1621
80147, 1621
175217, 1621
210859, 1621
97094, 1620
21662, 1619
35665, 1619
40474, 1619
64712, 1619
162075, 1619
145222, 1618
7796, 1617
13316, 1617
16566, 1617
88375, 1617
100063, 1617
107609, 1617
107829, 1617
120059, 1617
137134, 1617
139030, 1617
184727, 1617
205929, 1617
216916, 1617
217055, 1617
243682, 1617
246994, 1617
248543, 1617
256102, 1617
260153, 1617
261454, 1617
269563, 1617
273651, 1617
279272, 1617
290854, 1617
293076, 1617
293539, 1617
43599, 1616
62396, 1616
212985, 1616
216351, 1616
278674, 1616
282972, 1616
36718, 1615
49050, 1615
116927, 1615
131989, 1615
201654, 1615
27165, 1614
196895, 1614
250448, 1614
63378, 1613
68364, 1613
197336, 1613
229113, 1613
8066, 1612
46187, 1612
121847, 1611
218012, 1611
10812, 1610
29484, 1610
62605, 1610
65561, 1610
65875, 1610
102574, 1610
103930, 1610
140296, 1610
151488, 1610
161127, 1610
162967, 1610
167005, 1610
168894, 1610
173880, 1610
189269, 1610
195467, 1610
199126, 1610
238214, 1610
242518, 1610
247331, 1610
263132, 1610
268706, 1610
270921, 1610
271834, 1610
281594, 1610
289781, 1610
164237, 1609
204625, 1609
223230, 1609
278319, 1609
288224, 1609
169800, 1608
10438, 1606
124033, 1606
254328, 1606
23200, 1605
26551, 1605
43928, 1605
69642, 1605
81424, 1605
99009, 1605
170013, 1605
200196, 1605
202835, 1605
212551, 1605
220886, 1605
228000, 1605
236611, 1605
236968, 1605
240825, 1605
247180, 1605
249911, 1605
254392, 1605
262067, 1605
265309, 1605
270364, 1605
276066, 1605
278262, 1605
292971, 1605
293573, 1605
295844, 1605
3053, 1603
32001, 1603
39945, 1603
104198, 1603
218730, 1603
79204, 1602
172802, 1602
178841, 1602
210680, 1602
219515, 1602
245697, 1602
248421, 1602
256726, 1602
266966, 1602
276777, 1602
287063, 1602
252910, 1601
6097, 1600
10986, 1599
63714, 1599
9072, 1598
59011, 1598
20624, 1597
250036, 1597
74219, 1596
21844, 1595
28200, 1595
37389, 1595
123998, 1594
48175, 1593
138654, 1593
157738, 1593
158244, 1593
176001, 1593
141639, 1592
77349, 1591
82413, 1591
264498, 1591
17390, 1590
37327, 1590
282378, 1590
158015, 1589
195742, 1589
216184, 1589
226332, 1589
246702, 1589
255485, 1589
80409, 1588
225549, 1588
14811, 1587
16433, 1587
34052, 1587
166371, 1587
194786, 1587
267999, 1587
273335, 1587
277062, 1587
43409, 1586
62634, 1586
78332, 1586
112589, 1586
153998, 1586
81354, 1585
218854, 1585
8937, 1584
30200, 1584
41214, 1584
6688, 1583
43972, 1583
131741, 1583
21221, 1582
43688, 1582
45536, 1582
105292, 1582
106979, 1582
183813, 1582
256183, 1582
268348, 1582
3406, 1581
39179, 1581
124672, 1581
170131, 1581
262841, 1581
54736, 1580
92531, 1580
296566, 1580
76066, 1579
80069, 1579
100686, 1579
116160, 1579
150008, 1579
202826, 1579
204372, 1579
206701, 1579
232741, 1579
245086, 1579
272838, 1579
275530, 1579
285562, 1579
287838, 1579
292769, 1579
6598, 1578
143294, 1578
147846, 1577
221308, 1577
248763, 1577
687, 1576
9222, 1576
271727, 1576
110169, 1575
244850, 1575
14685, 1574
36532, 1574
134684, 1574
146242, 1574
147425, 1574
203909, 1574
261576, 1574
49682, 1573
25687, 1572
44068, 1572
73562, 1572
103564, 1572
130516, 1572
150291, 1572
166567, 1572
172388, 1572
181017, 1572
185904, 1572
194577, 1572
203207, 1572
215837, 1572
238409, 1572
239444, 1572
267958, 1572
16888, 1571
34116, 1571
130356, 1571
109598, 1570
137410, 1570
150990, 1570
1560, 1568
20179, 1568
28871, 1567
146451, 1567
258768, 1567
263438, 1567
12156, 1566
16809, 1566
87290, 1566
108198, 1566
118906, 1566
128733, 1566
144409, 1566
151808, 1566
154734, 1566
171652, 1566
174358, 1566
204179, 1566
225959, 1566
228372, 1566
236584, 1566
244312, 1566
255679, 1566
256952, 1566
278778, 1566
287888, 1566
291146, 1566
789, 1565
42899, 1565
58867, 1565
59221, 1565
68910, 1565
83099, 1565
111758, 1565
200848, 1565
222989, 1565
50881, 1564
166858, 1564
271257, 1563
6164, 1562
37870, 1562
64141, 1562
76877, 1562
82611, 1562
116645, 1562
211921, 1562
223270, 1562
244689, 1562
254883, 1562
280577, 1562
295266, 1562
294126, 1561
16522, 1560
264072, 1560
282860, 1560
292632, 1560
37555, 1559
4428, 1558
9273, 1558
228428, 1558
93551, 1557
122428, 1557
149636, 1557
192358, 1557
195798, 1557
199950, 1557
200046, 1557
10163, 1556
38920, 1556
150715, 1556
86290, 1555
184376, 1555
7886, 1554
9821, 1554
22308, 1554
24130, 1554
46919, 1554
64222, 1554
129315, 1554
167220, 1554
246058, 1554
3721, 1553
12367, 1553
15351, 1553
69814, 1553
116479, 1553
278676, 1553
3367, 1552
29621, 1552
90694, 1552
93702, 1552
95148, 1552
110884, 1552
287854, 1552
6979, 1551
25999, 1551
128319, 1551
165339, 1551
26429, 1550
73456, 1550
100413, 1550
124357, 1550
150150, 1550
162010, 1550
165336, 1550
217841, 1550
242253, 1550
246151, 1550
14940, 1549
83711, 1549
208178, 1549
19371, 1547
49915, 1547
148546, 1546
157609, 1546
189830, 1546
217133, 1546
222951, 1546
232521, 1546
141063, 1545
22896, 1544
68015, 1544
268561, 1544
276120, 1544
6808, 1543
13521, 1543
60654, 1543
72062, 1543
153967, 1543
273996, 1543
14652, 1542
123453, 1542
236275, 1542
262540, 1542
292785, 1542
20564, 1541
76163, 1541
96278, 1541
137961, 1541
114755, 1540
119908, 1540
145903, 1540
147969, 1540
167449, 1540
171573, 1540
217705, 1540
227318, 1540
229907, 1540
232994, 1540
242128, 1540
263361, 1540
264968, 1540
284187, 1540
284605, 1540
89849, 1539
139696, 1539
184097, 1539
21714, 1538
32595, 1538
65798, 1538
66876, 1538
74386, 1538
79996, 1538
108180, 1538
113246, 1538
140557, 1538
142934, 1538
204009, 1538
213551, 1538
292857, 1538
4772, 1537
18301, 1537
43015, 1536
72915, 1536
129390, 1536
248731, 1536
249490, 1536
4845, 1535
278161, 1535
528, 1534
51253, 1534
65855, 1534
68683, 1534
116299, 1534
154819, 1534
185772, 1534
1011, 1533
12628, 1533
31064, 1533
46083, 1533
59960, 1533
116979, 1533
132410, 1533
277619, 1533
289124, 1533
73567, 1532
108512, 1531
209576, 1531
285862, 1531
24650, 1530
79696, 1530
197630, 1530
10107, 1529
16120, 1528
27601, 1528
59343, 1528
117357, 1528
242497, 1528
10196, 1527
115448, 1526
117251, 1526
29519, 1524
105951, 1524
1542, 1523
61855, 1523
90934, 1523
129297, 1523
136949, 1523
140665, 1523
140735, 1523
144086, 1523
152809, 1523
156711, 1523
176250, 1523
178837, 1523
190629, 1523
201138, 1523
13686, 1522
18682, 1522
18992, 1522
25297, 1522
36102, 1522
135662, 1522
154306, 1522
176857, 1522
190740, 1522
222654, 1522
225086, 1522
234586, 1522
255922, 1522
288043, 1522
61424, 1521
11406, 1519
23101, 1519
99148, 1519
267712, 1519
61392, 1518
104021, 1518
154536, 1518
66987, 1517
93845, 1517
147578, 1517
289003, 1517
120091, 1516
31614, 1515
146778, 1515
220541, 1515
251372, 1515
261131, 1515
52645, 1514
85072, 1514
30616, 1513
187451, 1513
10429, 1512
161649, 1512
278545, 1512
69204, 1511
421, 1510
19425, 1510
23022, 1510
23806, 1510
50597, 1510
53363, 1510
137969, 1510
510, 1509
43239, 1509
251608, 1509
9307, 1508
72391, 1508
95142, 1508
104070, 1508
222211, 1508
211582, 1507
252499, 1507
9248, 1506
277349, 1506
191614, 1505
242836, 1505
39615, 1504
51179, 1504
5255, 1503
69570, 1503
96360, 1503
100441, 1503
239943, 1503
2626, 1502
19574, 1502
35336, 1502
77553, 1502
206052, 1502
239608, 1502
257575, 1502
17833, 1501
119860, 1501
96517, 1500
192073, 1500
2036, 1499
7182, 1499
44980, 1499
121370, 1499
230476, 1499
101760, 1498
9865, 1497
50194, 1497
78761, 1497
88188, 1497
121194, 1497
141087, 1497
158929, 1497
216762, 1497
238636, 1497
242477, 1497
252385, 1497
275015, 1497
18857, 1496
185689, 1496
223913, 1496
9231, 1495
163742, 1495
256500, 1495
261902, 1495
7442, 1494
238387, 1494
20110, 1493
33275, 1493
84029, 1493
186058, 1493
228670, 1493
426, 1492
29922, 1492
35507, 1492
85468, 1492
247071, 1492
16456, 1491
23972, 1491
119796, 1491
120049, 1491
125163, 1491
125849, 1491
163277, 1491
201404, 1491
202147, 1491
216201, 1491
225669, 1491
238834, 1491
26455, 1490
85318, 1490
120799, 1490
65715, 1489
54775, 1488
149381, 1488
166233, 1488
182746, 1488
192698, 1488
199641, 1488
219031, 1488
220375, 1488
274806, 1488
66428, 1487
1978, 1486
2138, 1486
5514, 1486
36295, 1486
223046, 1486
257376, 1486
41940, 1484
46137, 1484
55603, 1484
69788, 1484
80180, 1484
94486, 1484
97858, 1484
115722, 1484
117091, 1484
203676, 1484
263745, 1484
172824, 1483
7963, 1482
7192, 1481
13233, 1481
52144, 1481
187480, 1481
191936, 1481
241911, 1481
255639, 1481
275314, 1481
281420, 1481
21358, 1480
26441, 1480
76674, 1480
77102, 1480
27050, 1479
50770, 1479
98028, 1479
99427, 1479
147983, 1479
203772, 1479
211949, 1479
3824, 1478
66093, 1478
66955, 1478
99449, 1478
136216, 1478
164618, 1478
171522, 1478
173017, 1478
181921, 1478
184148, 1478
188947, 1478
189409, 1478
189839, 1478
198448, 1478
200146, 1478
202171, 1478
210770, 1478
211500, 1478
213312, 1478
231508, 1478
236604, 1478
243407, 1478
244288, 1478
254884, 1478
281341, 1478
285898, 1478
291746, 1478
12521, 1477
84334, 1477
161131, 1477
163460, 1477
215101, 1477
228149, 1477
295572, 1477
27687, 1476
216697, 1476
229244, 1476
245835, 1476
246305, 1476
262764, 1476
46115, 1475
55879, 1475
38961, 1474
39713, 1473
200534, 1473
212054, 1473
157298, 1471
256825, 1471
41787, 1470
58935, 1470
8214, 1469
11377, 1469
13073, 1469
23453, 1469
161244, 1469
194453, 1468
10104, 1467
11188, 1467
195229, 1467
6250, 1466
12843, 1466
58667, 1466
63902, 1466
67682, 1466
96571, 1466
116872, 1466
123380, 1466
130359, 1466
140213, 1466
170136, 1466
176677, 1466
275423, 1466
279366, 1466
284928, 1466
23690, 1465
52497, 1465
106010, 1465
210478, 1465
93193, 1464
80787, 1463
127210, 1463
192648, 1463
28527, 1462
51188, 1462
49712, 1461
95788, 1461
146944, 1461
150387, 1461
160437, 1461
269781, 1461
296445, 1461
6356, 1458
9407, 1458
12417, 1458
39287, 1458
64748, 1458
88225, 1458
96256, 1458
186297, 1458
246026, 1458
79688, 1457
89960, 1457
162662, 1457
49035, 1455
51349, 1454
53437, 1454
76759, 1454
113981, 1454
136275, 1454
12032, 1453
23536, 1453
249598, 1453
79767, 1452
78219, 1451
12763, 1449
48196, 1449
65462, 1449
169218, 1449
1013, 1448
54465, 1448
63890, 1448
96024, 1448
99024, 1448
110686, 1448
122278, 1448
129458, 1448
156560, 1448
191983, 1448
209004, 1448
215077, 1448
234722, 1448
256894, 1448
16719, 1447
29173, 1447
45870, 1447
94161, 1447
99409, 1447
109098, 1447
150160, 1447
201869, 1447
1168, 1446
4856, 1446
15097, 1446
15792, 1446
25484, 1446
199898, 1446
207883, 1446
210, 1445
4962, 1445
7438, 1445
12631, 1445
15029, 1445
86389, 1445
119742, 1445
243756, 1445
284916, 1445
16436, 1444
65005, 1444
173320, 1444
5035, 1443
15517, 1443
27769, 1443
31749, 1443
285251, 1443
156406, 1442
186783, 1442
274326, 1442
276918, 1442
33884, 1440
148090, 1440
9105, 1439
43965, 1439
62532, 1439
6363, 1438
9881, 1438
33338, 1438
34243, 1438
47429, 1438
75315, 1438
112057, 1438
170338, 1438
226050, 1438
233747, 1438
243966, 1438
271460, 1438
277307, 1438
8815, 1437
73188, 1437
163323, 1437
185239, 1437
194263, 1437
244588, 1437
47242, 1436
99601, 1436
176711, 1436
186561, 1436
204758, 1436
250486, 1436
21965, 1434
64656, 1434
102215, 1434
4870, 1433
8518, 1433
35833, 1433
78690, 1433
81594, 1433
122592, 1433
226852, 1433
66196, 1431
68211, 1431
8930, 1430
130593, 1430
156972, 1430
168056, 1430
171949, 1430
235927, 1430
253163, 1430
7113, 1429
17377, 1429
19447, 1429
40721, 1429
154791, 1429
28034, 1428
30495, 1428
63614, 1428
65605, 1428
289290, 1428
226014, 1427
4263, 1426
27507, 1426
162293, 1426
214116, 1426
265234, 1426
5943, 1425
7632, 1425
15460, 1425
29562, 1425
82234, 1425
131002, 1425
156890, 1425
7889, 1424
27753, 1424
63111, 1424
156646, 1424
33123, 1423
132475, 1423
180620, 1423
256245, 1423
263833, 1423
6949, 1422
198265, 1422
202922, 1422
243728, 1422
1734, 1421
30476, 1421
32652, 1421
154138, 1421
154879, 1421
1214, 1420
216569, 1420
30670, 1419
31348, 1419
42572, 1419
72561, 1419
199582, 1419
7201, 1418
30274, 1418
68371, 1418
88940, 1418
104058, 1418
179259, 1418
15146, 1417
17670, 1417
22446, 1417
51279, 1417
109028, 1417
130655, 1417
165345, 1417
10909, 1416
75296, 1416
154620, 1416
221518, 1416
14684, 1415
49149, 1415
64770, 1415
253189, 1415
285910, 1415
23810, 1414
40940, 1414
210112, 1414
3991, 1413
40811, 1413
55215, 1413
254484, 1413
9448, 1412
12705, 1412
19830, 1412
30645, 1412
41889, 1412
205567, 1412
266952, 1412
20653, 1411
25662, 1411
61706, 1411
133763, 1411
182790, 1411
216868, 1411
11862, 1410
279538, 1410
6602, 1409
91083, 1409
96196, 1409
194446, 1409
196513, 1409
7823, 1408
20683, 1408
54877, 1408
60552, 1408
76894, 1408
106291, 1408
118362, 1408
158084, 1408
177040, 1408
20369, 1407
49864, 1407
81557, 1407
101298, 1407
113715, 1407
132969, 1407
189809, 1407
231915, 1407
255350, 1407
294392, 1407
96095, 1406
107183, 1406
150755, 1406
226079, 1406
4189, 1404
12632, 1404
14866, 1404
19719, 1404
29020, 1404
71617, 1404
93437, 1404
152018, 1404
156078, 1404
175522, 1404
199562, 1404
257438, 1404
277171, 1404
103703, 1403
71003, 1402
162616, 1402
12905, 1400
13635, 1400
14342, 1400
113699, 1400
146155, 1400
172989, 1400
250812, 1400
275152, 1400
296479, 1400
4055, 1399
9895, 1399
66990, 1399
155770, 1399
232000, 1399
56518, 1398
82277, 1398
84477, 1398
100878, 1398
283141, 1398
14357, 1397
15673, 1397
21850, 1397
191807, 1397
13550, 1395
76059, 1395
76548, 1395
15869, 1394
151841, 1394
1044, 1393
2797, 1393
17044, 1393
135742, 1393
19473, 1392
53410, 1392
154185, 1392
284021, 1392
4137, 1391
12183, 1391
32833, 1391
145521, 1391
162547, 1391
2341, 1390
13809, 1390
102974, 1390
136982, 1390
67904, 1389
209129, 1389
260444, 1389
848, 1387
9540, 1387
15059, 1387
67931, 1387
202865, 1387
234896, 1387
257496, 1387
38564, 1386
237430, 1386
119185, 1385
263220, 1385
3194, 1383
11357, 1382
12391, 1382
16698, 1382
14511, 1381
43899, 1381
74385, 1381
43099, 1380
46181, 1380
46852, 1380
99421, 1380
115883, 1380
246664, 1380
249190, 1380
289330, 1380
32201, 1379
157120, 1379
204774, 1379
280538, 1379
2619, 1378
133772, 1378
19644, 1377
180786, 1377
945, 1376
53379, 1376
12811, 1375
40106, 1375
97542, 1375
195605, 1375
238447, 1375
8695, 1374
16466, 1374
34037, 1374
72534, 1374
80453, 1374
86423, 1374
119999, 1374
132884, 1374
147867, 1374
148809, 1374
224618, 1374
274871, 1374
285841, 1374
15509, 1373
33444, 1373
63031, 1373
82392, 1373
86515, 1373
78193, 1372
113301, 1372
114869, 1372
164254, 1372
182997, 1372
37110, 1371
140194, 1371
1248, 1370
36265, 1370
74713, 1370
152150, 1370
32387, 1369
61719, 1369
75853, 1369
78185, 1369
88713, 1369
88715, 1369
91212, 1369
98244, 1369
159791, 1369
165498, 1369
230545, 1369
251526, 1369
2379, 1368
8341, 1368
19346, 1368
27148, 1368
44318, 1368
94038, 1368
15655, 1367
58945, 1367
65316, 1367
74427, 1367
88133, 1367
2759, 1366
29142, 1366
39380, 1366
183678, 1366
216401, 1366
104373, 1365
3702, 1364
7851, 1364
8983, 1364
15407, 1364
17835, 1364
19531, 1364
26870, 1364
43712, 1364
94378, 1364
101467, 1364
158714, 1364
165203, 1364
185001, 1364
234085, 1364
169340, 1363
6666, 1362
13569, 1362
40153, 1362
93472, 1362
100939, 1362
134328, 1362
141048, 1362
187779, 1362
197097, 1362
223408, 1362
232553, 1362
234815, 1362
246270, 1362
280507, 1362
5871, 1361
15560, 1361
146980, 1360
274203, 1360
34276, 1359
66140, 1359
69382, 1359
100006, 1359
106136, 1359
115634, 1359
132608, 1359
5258, 1358
36374, 1358
75788, 1358
273535, 1358
291374, 1358
11160, 1357
30928, 1357
46621, 1357
72748, 1357
82718, 1357
255711, 1357
293518, 1357
7013, 1356
11452, 1356
20616, 1356
57708, 1356
18434, 1355
80400, 1355
88680, 1355
125446, 1355
138278, 1355
242091, 1355
254077, 1355
284843, 1355
26244, 1354
173508, 1354
224117, 1354
272393, 1354
290671, 1354
78256, 1353
88351, 1353
25390, 1352
67677, 1352
132870, 1352
162882, 1352
165497, 1352
16510, 1351
20468, 1351
38342, 1351
47296, 1351
49506, 1351
61896, 1351
62710, 1351
63335, 1351
111306, 1351
214482, 1351
280464, 1351
26609, 1349
96185, 1349
24152, 1348
125706, 1348
140565, 1348
247171, 1348
26222, 1347
52484, 1347
156282, 1347
187119, 1346
253616, 1346
26177, 1345
75716, 1345
84185, 1345
85365, 1345
109175, 1345
247948, 1345
2645, 1344
7350, 1344
14620, 1344
17760, 1344
28953, 1344
34935, 1344
54524, 1344
59363, 1344
75636, 1344
75859, 1344
78110, 1344
96130, 1344
107275, 1344
131247, 1344
156836, 1344
163415, 1344
168231, 1344
189277, 1344
200030, 1344
255631, 1344
269988, 1344
270787, 1344
283870, 1344
10271, 1343
22341, 1343
23923, 1343
33520, 1343
51307, 1343
57445, 1343
59955, 1343
63485, 1343
72415, 1343
77551, 1343
96394, 1343
129085, 1343
136721, 1343
136934, 1343
140610, 1343
142225, 1343
150593, 1343
152553, 1343
163941, 1343
171394, 1343
172733, 1343
177722, 1343
185185, 1343
194337, 1343
195678, 1343
197334, 1343
202929, 1343
215985, 1343
225022, 1343
231799, 1343
233328, 1343
239651, 1343
241436, 1343
259664, 1343
269190, 1343
275050, 1343
289508, 1343
291818, 1343
294095, 1342
10331, 1341
19666, 1341
26964, 1341
81985, 1341
86498, 1341
107817, 1341
148036, 1341
660, 1340
22213, 1340
26954, 1340
27576, 1340
50443, 1340
61541, 1340
68769, 1340
74893, 1340
75137, 1340
77928, 1340
82971, 1340
89481, 1340
90837, 1340
92059, 1340
95104, 1340
100194, 1340
106414, 1340
109860, 1340
112164, 1340
128051, 1340
128841, 1340
137216, 1340
141420, 1340
142728, 1340
150306, 1340
150438, 1340
152524, 1340
153652, 1340
156020, 1340
159354, 1340
167558, 1340
187944, 1340
191566, 1340
192322, 1340
199233, 1340
202600, 1340
203359, 1340
206425, 1340
207214, 1340
214567, 1340
218372, 1340
226129, 1340
231715, 1340
244625, 1340
248064, 1340
249064, 1340
252763, 1340
261502, 1340
263677, 1340
272325, 1340
277897, 1340
293101, 1340
29710, 1339
64863, 1339
201381, 1339
59567, 1338
77659, 1338
1039, 1337
10686, 1337
11501, 1337
16547, 1337
37213, 1337
39440, 1337
40203, 1337
45188, 1337
47795, 1337
64189, 1337
80515, 1337
82423, 1337
88241, 1337
93656, 1337
121373, 1337
126355, 1337
127346, 1337
139685, 1337
141625, 1337
144400, 1337
148024, 1337
156349, 1337
160148, 1337
177007, 1337
180838, 1337
185233, 1337
196846, 1337
197637, 1337
215079, 1337
234733, 1337
239537, 1337
244438, 1337
260165, 1337
266357, 1337
269282, 1337
290287, 1337
290516, 1337
110, 1336
88605, 1336
6212, 1334
30452, 1334
42908, 1334
148006, 1334
204024, 1334
211521, 1334
19202, 1333
30192, 1333
56467, 1333
145819, 1333
175754, 1333
182333, 1333
182965, 1333
198713, 1333
251664, 1333
276316, 1333
141878, 1332
203212, 1332
230992, 1332
1538, 1331
3054, 1331
20665, 1331
61384, 1331
82071, 1331
82160, 1331
98140, 1331
103901, 1331
112482, 1331
126835, 1331
130489, 1331
146459, 1331
162468, 1331
166031, 1331
176265, 1331
192095, 1331
220651, 1331
230752, 1331
252649, 1331
271745, 1331
280614, 1331
281278, 1331
294666, 1331
12638, 1330
13586, 1330
22258, 1330
22290, 1330
24907, 1330
49475, 1330
55720, 1330
61784, 1330
62591, 1330
88015, 1330
88833, 1330
100887, 1330
115648, 1330
134830, 1330
178577, 1330
215188, 1330
284513, 1330
12101, 1329
66465, 1329
17380, 1328
44861, 1328
56244, 1328
158258, 1328
232593, 1328
2321, 1327
11939, 1327
48058, 1327
52830, 1327
62679, 1327
77598, 1327
152467, 1327
167890, 1327
194688, 1327
44176, 1326
44659, 1326
77850, 1326
109324, 1326
224743, 1326
226273, 1326
7744, 1325
49683, 1325
138217, 1325
7144, 1324
26406, 1324
51015, 1324
55529, 1324
58616, 1324
67394, 1324
69537, 1324
126942, 1324
181271, 1324
246614, 1324
255992, 1324
256670, 1324
272003, 1324
285745, 1324
80335, 1323
65030, 1322
96268, 1322
147119, 1322
152540, 1322
176674, 1322
225730, 1321
4452, 1320
12523, 1320
170942, 1320
52336, 1319
179429, 1319
223715, 1319
266642, 1319
277108, 1319
1476, 1318
17420, 1318
109778, 1318
195374, 1318
210613, 1318
223351, 1318
255234, 1318
256700, 1318
272538, 1318
275584, 1318
277798, 1318
279430, 1318
282262, 1318
147, 1317
9515, 1317
61426, 1317
127705, 1316
133222, 1316
144162, 1316
198785, 1316
255183, 1316
279052, 1316
21, 1315
1682, 1315
10880, 1315
57600, 1315
63219, 1315
85344, 1315
254386, 1315
157003, 1314
288600, 1314
28494, 1313
29470, 1313
65710, 1313
82880, 1313
120954, 1313
140683, 1313
166574, 1313
16235, 1312
97566, 1312
141277, 1312
153330, 1312
289858, 1311
5028, 1310
10946, 1310
39053, 1310
60585, 1310
68729, 1310
79224, 1310
115253, 1310
160056, 1310
267428, 1310
277204, 1310
16228, 1309
78338, 1309
82181, 1309
229585, 1309
5635, 1308
15643, 1308
32662, 1308
33379, 1308
33614, 1308
36496, 1308
39500, 1308
40433, 1308
42566, 1308
43039, 1308
52499, 1308
62084, 1308
69910, 1308
70310, 1308
71520, 1308
77163, 1308
82217, 1308
91164, 1308
115755, 1308
138767, 1308
147820, 1308
159213, 1308
198631, 1308
217668, 1308
240671, 1308
247894, 1308
257268, 1308
266004, 1308
292520, 1308
58331, 1307
65616, 1307
88497, 1307
92294, 1307
271, 1306
6148, 1306
7491, 1306
11026, 1306
13017, 1306
17545, 1306
28624, 1306
36271, 1306
48839, 1306
48959, 1306
54744, 1306
58556, 1306
60509, 1306
71466, 1306
72847, 1306
85153, 1306
92076, 1306
93156, 1306
97917, 1306
99247, 1306
100711, 1306
110110, 1306
113213, 1306
125057, 1306
127851, 1306
128048, 1306
136888, 1306
140632, 1306
143206, 1306
148777, 1306
149506, 1306
156943, 1306
163145, 1306
176706, 1306
181518, 1306
195266, 1306
209474, 1306
241446, 1306
258229, 1306
261499, 1306
273263, 1306
287710, 1306
290918, 1306
295277, 1306
684, 1305
12213, 1305
18176, 1305
19158, 1305
28828, 1305
28946, 1305
34901, 1305
36604, 1305
84241, 1305
103830, 1305
105771, 1305
131523, 1305
149788, 1305
204979, 1305
263929, 1305
267443, 1305
288776, 1305
289521, 1305
5946, 1304
94816, 1304
119720, 1304
144675, 1304
183437, 1304
12499, 1303
13987, 1303
16875, 1303
58966, 1303
70710, 1303
84931, 1303
210351, 1303
473, 1302
3204, 1302
69347, 1302
102266, 1302
138912, 1302
142599, 1302
172245, 1302
178914, 1302
184560, 1302
191319, 1302
200908, 1302
218625, 1302
225738, 1302
257802, 1302
285272, 1302
293264, 1302
295873, 1302
608, 1301
95281, 1301
177267, 1301
192840, 1301
197870, 1301
242813, 1301
41746, 1300
51092, 1300
65967, 1300
111245, 1300
148080, 1300
158342, 1300
205585, 1300
2509, 1299
5944, 1299
6277, 1299
13014, 1299
13307, 1299
26910, 1299
31220, 1299
32589, 1299
33388, 1299
34152, 1299
41294, 1299
45488, 1299
54628, 1299
54833, 1299
64941, 1299
87285, 1299
105722, 1299
108735, 1299
121171, 1299
124553, 1299
134991, 1299
136793, 1299
142429, 1299
172591, 1299
190555, 1299
215725, 1299
266606, 1299
290466, 1299
785, 1298
179068, 1298
9122, 1297
11647, 1297
13312, 1297
34787, 1297
61807, 1297
138799, 1297
1617, 1296
43818, 1296
55270, 1296
68941, 1296
83773, 1296
105548, 1296
143835, 1296
159264, 1296
209738, 1296
50491, 1295
72039, 1295
83434, 1295
143795, 1295
232734, 1295
270257, 1295
32395, 1294
49582, 1294
56869, 1294
77949, 1294
106648, 1294
119331, 1294
173089, 1294
196406, 1294
224914, 1294
235261, 1294
240717, 1294
248715, 1294
296211, 1294
33079, 1293
41959, 1293
83174, 1293
160801, 1293
191241, 1293
73041, 1292
119199, 1292
195057, 1292
2522, 1291
152725, 1291
265141, 1291
272394, 1291
276753, 1291
15038, 1290
42434, 1290
83818, 1290
89140, 1290
179028, 1290
215579, 1290
135618, 1289
143155, 1289
154305, 1289
170476, 1289
7066, 1288
58167, 1288
161823, 1288
2779, 1287
17202, 1287
19590, 1287
35849, 1287
96545, 1287
232409, 1287
69172, 1286
121785, 1286
146829, 1286
5934, 1285
30326, 1285
36694, 1285
68689, 1285
103436, 1285
112352, 1285
129378, 1285
133786, 1285
166546, 1285
208137, 1285
210138, 1285
221137, 1285
226121, 1285
265446, 1285
272736, 1285
7462, 1283
21095, 1283
65292, 1283
75436, 1283
189998, 1283
20229, 1282
40522, 1282
51223, 1282
69045, 1282
111637, 1282
173471, 1282
8673, 1281
8868, 1281
142686, 1281
231235, 1281
292595, 1281
83942, 1280
185067, 1280
247686, 1280
262280, 1280
271580, 1280
72635, 1279
152927, 1279
158117, 1279
198183, 1279
19481, 1278
37598, 1278
37758, 1278
39327, 1278
65431, 1278
95212, 1277
126385, 1277
267381, 1277
243148, 1276
12277, 1275
80070, 1275
179422, 1275
270097, 1275
15526, 1274
82711, 1274
58852, 1273
279868, 1273
286758, 1273
5743, 1272
9233, 1271
51262, 1271
62397, 1271
67995, 1271
96113, 1271
110821, 1271
111319, 1271
114558, 1271
115688, 1271
223773, 1271
237905, 1271
258708, 1271
286167, 1271
79797, 1270
6645, 1269
55170, 1269
89005, 1269
120661, 1269
194115, 1269
209292, 1269
21393, 1268
26977, 1268
79606, 1268
90709, 1268
171925, 1268
216590, 1268
3100, 1267
4508, 1267
12928, 1267
191651, 1267
20895, 1266
23028, 1266
117724, 1266
133565, 1266
199609, 1266
219292, 1266
281649, 1266
80595, 1265
208598, 1265
250032, 1265
28311, 1264
29259, 1264
34008, 1264
73420, 1264
126669, 1264
1283, 1263
3548, 1263
8863, 1263
55777, 1263
104415, 1263
169937, 1263
190238, 1263
213004, 1263
231473, 1263
293117, 1263
64971, 1262
69689, 1262
85847, 1262
89591, 1262
98577, 1262
123605, 1262
136357, 1262
173907, 1262
177797, 1262
213432, 1262
222990, 1262
256951, 1262
267943, 1262
277689, 1262
289626, 1262
16452, 1260
40413, 1260
61118, 1260
73054, 1260
130766, 1260
131822, 1260
217633, 1260
37108, 1259
100606, 1259
133681, 1259
148606, 1259
152232, 1259
155499, 1259
7702, 1258
127617, 1258
201190, 1258
1678, 1257
291360, 1256
295811, 1256
2832, 1255
142120, 1255
161455, 1255
13284, 1254
19133, 1254
37748, 1254
108297, 1254
122883, 1254
141387, 1254
187267, 1254
197813, 1254
199684, 1254
232166, 1254
266199, 1254
287830, 1254
12090, 1253
80971, 1253
7877, 1252
40484, 1252
53255, 1252
55304, 1252
75874, 1252
88602, 1252
97137, 1252
115404, 1252
169492, 1252
178885, 1252
219695, 1252
225795, 1252
226127, 1252
241758, 1252
249980, 1252
257453, 1252
8286, 1251
26498, 1251
86740, 1251
131400, 1251
134066, 1251
134663, 1251
147197, 1251
39037, 1250
42063, 1250
48343, 1250
64810, 1250
67355, 1250
68628, 1250
77059, 1250
98522, 1250
204788, 1250
276535, 1250
1359, 1249
13347, 1249
101706, 1249
177408, 1249
193965, 1249
285466, 1249
296291, 1249
7410, 1248
42044, 1248
96312, 1248
99433, 1248
99880, 1248
101451, 1248
111820, 1248
140211, 1248
145012, 1248
150942, 1248
169188, 1248
197736, 1248
201701, 1248
90546, 1247
232835, 1247
276042, 1247
1303, 1246
12196, 1246
50100, 1246
103504, 1246
149884, 1246
163285, 1246
169357, 1246
180295, 1246
180954, 1246
185203, 1246
216395, 1246
235547, 1246
239159, 1246
239356, 1246
245469, 1246
248260, 1246
268062, 1246
288893, 1246
111154, 1245
114899, 1245
125267, 1245
175428, 1245
212851, 1245
217020, 1245
228288, 1245
261921, 1245
280889, 1245
71453, 1244
62350, 1243
62973, 1243
287180, 1243
51136, 1242
115900, 1242
213102, 1242
27363, 1241
57735, 1241
128459, 1241
1957, 1239
34404, 1239
38946, 1239
49148, 1239
55966, 1239
56893, 1239
57145, 1239
57168, 1239
68566, 1239
69161, 1239
74442, 1239
81520, 1239
81834, 1239
85954, 1239
89572, 1239
91107, 1239
92246, 1239
93466, 1239
99250, 1239
101006, 1239
111146, 1239
112160, 1239
112332, 1239
114072, 1239
123911, 1239
124125, 1239
131109, 1239
132704, 1239
134738, 1239
141401, 1239
151456, 1239
154434, 1239
155276, 1239
159968, 1239
170813, 1239
171386, 1239
177342, 1239
177707, 1239
179444, 1239
184782, 1239
188470, 1239
190856, 1239
191589, 1239
198237, 1239
200519, 1239
200965, 1239
204843, 1239
207254, 1239
224232, 1239
235035, 1239
243776, 1239
250843, 1239
251968, 1239
252654, 1239
253362, 1239
253664, 1239
255438, 1239
263328, 1239
263774, 1239
265050, 1239
265603, 1239
266415, 1239
283699, 1239
291663, 1239
292717, 1239
4944, 1238
9409, 1238
28022, 1238
31387, 1238
50144, 1238
54128, 1238
82028, 1238
88136, 1238
112982, 1238
209324, 1238
250780, 1238
2922, 1237
57137, 1237
73185, 1237
91169, 1237
128944, 1237
200454, 1237
212318, 1237
236585, 1237
734, 1236
1275, 1236
148263, 1236
20, 1235
102015, 1235
109581, 1235
145310, 1235
6247, 1234
55566, 1234
61621, 1234
236699, 1234
257161, 1234
260730, 1234
8189, 1233
14742, 1233
68395, 1233
86211, 1233
179527, 1233
242265, 1233
20830, 1232
43389, 1232
59555, 1232
65779, 1232
73362, 1232
88777, 1232
147446, 1232
1642, 1231
113450, 1231
77043, 1230
177777, 1229
285046, 1229
38622, 1228
52215, 1228
9953, 1227
56185, 1227
6703, 1226
27138, 1226
33756, 1226
119845, 1226
258575, 1226
175121, 1225
214146, 1225
285273, 1225
14138, 1224
41435, 1224
70293, 1224
78419, 1224
81100, 1224
82516, 1224
85242, 1224
92557, 1224
100563, 1224
116320, 1224
184453, 1224
207034, 1224
207949, 1224
252860, 1224
283179, 1224
27767, 1223
144921, 1223
237036, 1223
248263, 1223
35733, 1222
39786, 1222
164687, 1222
122441, 1221
204813, 1221
39311, 1220
118536, 1220
289711, 1220
295410, 1220
21540, 1219
64599, 1219
64783, 1219
106984, 1219
18458, 1218
35504, 1218
125083, 1218
180552, 1218
257513, 1218
1311, 1217
1706, 1217
39243, 1217
43815, 1217
72932, 1217
78069, 1217
81416, 1217
86076, 1217
117341, 1217
212610, 1217
225905, 1217
53697, 1216
60043, 1216
73448, 1216
256100, 1216
26054, 1215
115339, 1215
128223, 1215
156622, 1215
234084, 1215
15472, 1214
41250, 1214
54025, 1214
56864, 1214
83334, 1214
86075, 1214
140841, 1214
17456, 1213
26401, 1213
36329, 1213
50457, 1213
53675, 1213
92920, 1213
185292, 1213
186604, 1213
281624, 1213
98360, 1212
136537, 1212
150709, 1212
200894, 1212
30017, 1211
60471, 1211
114590, 1211
120985, 1211
146024, 1211
177368, 1211
212938, 1211
287650, 1211
1551, 1210
1733, 1210
2027, 1210
2034, 1210
12057, 1210
103366, 1210
43734, 1209
90465, 1209
139068, 1209
1162, 1207
1233, 1207
1312, 1207
1343, 1207
20496, 1207
150495, 1207
8260, 1206
230262, 1206
286586, 1206
150152, 1205
230497, 1205
278, 1204
49296, 1204
59290, 1204
44845, 1203
216022, 1203
224256, 1203
234647, 1203
5105, 1202
13121, 1202
25186, 1202
42066, 1202
101878, 1202
109434, 1202
124449, 1202
141746, 1202
154211, 1202
161233, 1202
169130, 1202
219656, 1202
15006, 1201
29788, 1201
78389, 1201
278680, 1201
403, 1200
4443, 1200
5747, 1200
134128, 1200
137123, 1200
174759, 1200
192670, 1200
193733, 1200
197141, 1200
250576, 1200
764, 1199
65037, 1199
165209, 1199
191202, 1199
217604, 1199
239996, 1199
16312, 1198
22717, 1198
97815, 1198
131508, 1198
275391, 1198
89115, 1197
95578, 1197
171715, 1197
185305, 1197
189548, 1197
1920, 1196
1964, 1196
2019, 1196
70642, 1196
284787, 1196
294323, 1196
1372, 1195
1557, 1195
1778, 1195
4695, 1195
49374, 1195
106196, 1195
128417, 1195
176415, 1195
486, 1194
61345, 1194
87542, 1194
123436, 1194
200181, 1194
243247, 1194
60982, 1193
154098, 1193
1316, 1192
2661, 1192
13767, 1192
102879, 1192
124215, 1192
215938, 1192
287963, 1192
571, 1191
900, 1191
4931, 1191
20289, 1191
33405, 1191
163162, 1191
487, 1190
17081, 1190
19948, 1190
22963, 1190
24591, 1190
38341, 1190
45390, 1190
46312, 1190
49467, 1190
50396, 1190
51029, 1190
60392, 1190
60505, 1190
84164, 1190
88438, 1190
92890, 1190
101318, 1190
118912, 1190
152262, 1190
153317, 1190
153472, 1190
163282, 1190
172593, 1190
174631, 1190
175879, 1190
183083, 1190
190397, 1190
205941, 1190
218113, 1190
221244, 1190
224946, 1190
246613, 1190
263923, 1190
278959, 1190
52285, 1189
132599, 1189
249136, 1189
123570, 1188
270567, 1188
1467, 1187
27290, 1187
62898, 1187
90266, 1187
98817, 1187
140858, 1187
173384, 1187
752, 1186
798, 1186
8962, 1185
17139, 1185
25529, 1185
27643, 1185
64074, 1185
81166, 1185
137922, 1185
162343, 1185
257837, 1185
683, 1184
713, 1184
1653, 1184
6511, 1184
8476, 1184
13238, 1184
39760, 1184
40232, 1184
46429, 1184
148658, 1184
1448, 1183
1621, 1183
45339, 1183
70434, 1183
120564, 1183
175404, 1183
18700, 1182
85937, 1182
87402, 1182
117449, 1182
146057, 1182
167626, 1182
170326, 1182
170971, 1182
201542, 1182
217323, 1182
247328, 1182
268157, 1182
1784, 1181
1997, 1181
2641, 1181
18162, 1181
33116, 1181
41580, 1181
70137, 1181
113633, 1181
155533, 1181
177218, 1181
281541, 1181
34078, 1180
89270, 1180
193815, 1180
199711, 1180
140806, 1179
168435, 1179
269854, 1179
29321, 1178
35298, 1178
84633, 1178
91763, 1178
155686, 1178
296050, 1178
57628, 1177
58850, 1177
87288, 1177
102359, 1177
106973, 1177
170214, 1177
230482, 1177
236239, 1177
286576, 1177
287364, 1177
46291, 1176
68136, 1176
79634, 1176
91683, 1176
115820, 1176
127018, 1176
171799, 1176
222646, 1176
28746, 1175
30256, 1175
41066, 1175
44827, 1175
57641, 1175
283389, 1175
284229, 1175
11363, 1174
26500, 1174
67920, 1174
72511, 1174
131263, 1174
118668, 1173
163557, 1173
200493, 1173
294240, 1173
2060, 1172
73207, 1172
155879, 1172
174493, 1172
268187, 1172
11398, 1171
30858, 1171
113653, 1171
151273, 1171
168067, 1171
286213, 1171
12931, 1170
111062, 1170
215763, 1170
273616, 1170
162049, 1169
167985, 1169
14359, 1168
126704, 1168
140656, 1168
7617, 1167
12416, 1167
12734, 1167
28886, 1167
30383, 1167
36949, 1167
44576, 1167
92726, 1167
94871, 1167
122302, 1167
134788, 1167
146437, 1167
147748, 1167
149144, 1167
170785, 1167
171591, 1167
189444, 1167
213068, 1167
220110, 1167
220498, 1167
227583, 1167
277628, 1167
280925, 1167
1471, 1166
1496, 1166
1702, 1166
11940, 1166
13423, 1166
14246, 1166
47518, 1166
135581, 1166
7881, 1165
72891, 1165
102285, 1165
107513, 1165
136494, 1165
143128, 1165
187079, 1165
204822, 1165
256109, 1165
261146, 1165
265798, 1165
275950, 1165
277397, 1165
280474, 1165
10027, 1164
16943, 1164
27161, 1164
106413, 1164
1609, 1163
1686, 1163
1759, 1163
1803, 1163
1835, 1163
1907, 1163
38701, 1163
80894, 1163
131538, 1163
164556, 1163
219579, 1163
294082, 1163
295303, 1163
969, 1162
5120, 1162
8283, 1162
38356, 1162
55424, 1162
59976, 1162
65003, 1162
111165, 1162
233486, 1162
251376, 1162
272536, 1162
132691, 1160
1138, 1159
6185, 1159
122232, 1159
152783, 1159
190642, 1159
40486, 1158
45883, 1158
126628, 1158
134434, 1158
143014, 1158
149944, 1158
152539, 1158
154275, 1158
155375, 1158
165766, 1158
170405, 1158
198815, 1158
240027, 1158
240834, 1158
241781, 1158
256073, 1158
261949, 1158
268190, 1158
273957, 1158
216455, 1157
4250, 1156
132398, 1156
159106, 1156
168648, 1156
204549, 1156
208942, 1156
218973, 1156
255547, 1156
38501, 1155
92834, 1155
202579, 1155
212812, 1155
9625, 1154
9965, 1154
18054, 1154
18972, 1154
19288, 1154
21466, 1154
22551, 1154
24318, 1154
32949, 1154
33173, 1154
37969, 1154
39111, 1154
90725, 1154
106126, 1154
4284, 1153
21050, 1153
112599, 1153
113472, 1153
156705, 1153
278586, 1153
20552, 1152
25830, 1152
61133, 1152
89504, 1152
113592, 1152
114941, 1152
159077, 1152
193941, 1152
274889, 1152
3613, 1151
31296, 1151
32591, 1151
39361, 1151
70611, 1151
78870, 1151
84126, 1151
103472, 1151
125910, 1151
167433, 1151
154212, 1150
2573, 1149
34010, 1149
39514, 1149
107442, 1149
128721, 1149
196430, 1149
198378, 1149
218099, 1149
1439, 1148
276645, 1148
861, 1147
869, 1147
12167, 1147
24312, 1147
25368, 1147
41828, 1147
156589, 1147
23125, 1146
167218, 1146
178392, 1146
4503, 1145
18498, 1145
32628, 1145
42715, 1145
47834, 1145
67116, 1145
123078, 1145
162871, 1145
173125, 1145
258283, 1145
1387, 1144
54634, 1144
79384, 1144
106847, 1144
160829, 1144
188858, 1144
240734, 1144
108722, 1143
203395, 1143
210043, 1143
240509, 1143
250248, 1143
262138, 1143
271488, 1143
272799, 1143
273268, 1143
292300, 1143
14324, 1142
74748, 1142
78249, 1142
110815, 1142
140385, 1142
184056, 1142
261286, 1142
286053, 1142
286457, 1142
291426, 1142
7272, 1141
51846, 1141
275037, 1141
1330, 1140
1910, 1140
2010, 1140
4607, 1140
36281, 1140
108392, 1140
209625, 1140
245975, 1140
20309, 1139
113416, 1139
139558, 1139
231381, 1139
86974, 1138
139710, 1138
1313, 1137
12257, 1137
16257, 1137
40560, 1137
55680, 1137
175265, 1137
229558, 1137
1729, 1136
1821, 1136
1867, 1136
1937, 1136
1938, 1136
2042, 1136
4509, 1136
12430, 1136
36240, 1136
174329, 1136
189970, 1136
250840, 1136
276522, 1136
126308, 1135
175688, 1135
223823, 1135
15694, 1134
22575, 1134
32115, 1134
36538, 1134
56756, 1134
65185, 1134
160752, 1134
165633, 1134
174669, 1134
187989, 1134
201762, 1134
214926, 1134
216252, 1134
217414, 1134
223371, 1134
226609, 1134
230862, 1134
234832, 1134
240300, 1134
242586, 1134
243163, 1134
253496, 1134
267593, 1134
274601, 1134
275203, 1134
287870, 1134
294445, 1134
294672, 1134
296615, 1134
24274, 1133
67765, 1133
71273, 1133
1098, 1132
1357, 1131
37322, 1131
49381, 1131
59052, 1131
100849, 1131
154261, 1131
237066, 1131
241379, 1131
247691, 1131
292517, 1131
5098, 1130
32484, 1130
34333, 1130
39620, 1130
51476, 1130
58304, 1130
182230, 1130
37140, 1129
38124, 1129
76902, 1129
90280, 1129
126269, 1129
3072, 1128
78074, 1128
109725, 1128
202015, 1128
261753, 1128
272463, 1128
9741, 1127
41647, 1127
47211, 1127
50260, 1127
65684, 1127
65697, 1127
70795, 1127
92236, 1127
109730, 1127
132009, 1127
135993, 1127
180842, 1127
233893, 1127
277648, 1127
16220, 1126
100053, 1126
188528, 1126
214546, 1126
1965, 1125
10100, 1125
10874, 1125
22836, 1125
31816, 1125
32894, 1125
48362, 1125
134085, 1125
172927, 1125
180604, 1125
205703, 1125
267438, 1125
8978, 1124
17464, 1124
65299, 1124
73164, 1124
76854, 1124
87456, 1124
121809, 1124
129200, 1124
152369, 1124
156160, 1124
174233, 1124
185509, 1124
186840, 1124
186927, 1124
191130, 1124
13614, 1123
34033, 1123
59952, 1123
150823, 1123
193751, 1123
212406, 1123
257896, 1123
28137, 1122
85225, 1122
124207, 1122
155505, 1122
167691, 1122
210992, 1122
903, 1121
959, 1121
5473, 1121
9199, 1121
16897, 1121
133377, 1121
141386, 1121
212115, 1121
122224, 1120
231738, 1120
254321, 1120
58284, 1119
92981, 1119
98763, 1119
146335, 1119
217964, 1119
252747, 1119
8839, 1118
12008, 1118
45744, 1118
210689, 1118
211044, 1118
19106, 1117
26009, 1117
12310, 1116
43586, 1116
67003, 1116
72283, 1116
3069, 1115
13382, 1115
81344, 1115
161290, 1115
184744, 1115
186548, 1115
204264, 1115
213124, 1115
6616, 1114
102499, 1114
122457, 1114
144011, 1114
152861, 1114
161692, 1114
168473, 1114
6660, 1113
16212, 1113
20129, 1113
56978, 1113
73767, 1113
74026, 1113
94446, 1113
143238, 1113
190809, 1113
204000, 1113
277870, 1113
17046, 1112
19183, 1112
26055, 1112
41036, 1112
47200, 1112
48632, 1112
124816, 1112
139106, 1112
159203, 1112
577, 1111
614, 1111
2891, 1111
25114, 1111
28232, 1111
31625, 1111
42134, 1111
65831, 1111
73836, 1111
916, 1110
8049, 1110
8707, 1110
9070, 1110
20361, 1110
54162, 1110
103163, 1110
156722, 1110
281256, 1110
971, 1109
6791, 1109
9571, 1109
15941, 1109
25890, 1109
29222, 1109
34299, 1109
143615, 1109
193556, 1109
19565, 1108
26392, 1108
31924, 1108
49206, 1108
70691, 1108
164521, 1108
214385, 1108
216708, 1108
234015, 1108
262842, 1108
283480, 1108
5520, 1107
135334, 1107
140094, 1107
1090, 1106
10529, 1106
25265, 1106
102229, 1106
147580, 1106
150276, 1106
174052, 1106
189873, 1106
223455, 1106
740, 1105
9360, 1105
232995, 1105
51483, 1104
73228, 1104
137378, 1104
268073, 1104
17218, 1103
36697, 1103
43821, 1103
129562, 1103
18827, 1102
26848, 1102
28278, 1102
37018, 1102
38722, 1102
41633, 1102
45726, 1102
166707, 1102
192988, 1102
194212, 1102
253487, 1102
17561, 1101
101128, 1101
103860, 1101
117017, 1101
117207, 1101
217070, 1101
279185, 1101
292122, 1101
55429, 1100
63747, 1100
96935, 1100
188367, 1100
200547, 1100
219659, 1100
262301, 1100
620, 1099
621, 1099
1136, 1099
1167, 1099
1363, 1099
73807, 1099
78114, 1099
3407, 1098
24678, 1098
41254, 1098
42950, 1098
127321, 1098
44387, 1097
55659, 1097
105308, 1097
1689, 1096
43007, 1096
74373, 1096
152017, 1096
160183, 1096
240633, 1096
277014, 1096
290784, 1096
6931, 1095
14510, 1095
28525, 1095
29473, 1095
91870, 1095
97256, 1095
99265, 1094
182602, 1094
218124, 1094
4475, 1093
5496, 1093
54539, 1093
59714, 1093
98679, 1093
127844, 1093
135020, 1093
227222, 1093
277696, 1093
18769, 1092
20353, 1092
28109, 1092
71136, 1092
81502, 1092
88234, 1092
90944, 1092
99874, 1092
102164, 1092
132838, 1092
161884, 1092
175525, 1092
188951, 1092
214162, 1092
227854, 1092
6392, 1091
58549, 1091
78242, 1091
89828, 1091
127959, 1091
130298, 1091
170610, 1091
242577, 1091
63144, 1090
112899, 1090
145307, 1090
149398, 1090
150021, 1090
173811, 1090
174752, 1090
200107, 1090
217176, 1090
220329, 1090
221134, 1090
236465, 1090
237386, 1090
32077, 1089
117552, 1089
16025, 1088
58106, 1088
70506, 1088
86848, 1088
131763, 1088
245654, 1088
283479, 1088
3595, 1087
108872, 1087
124743, 1087
153437, 1087
280535, 1087
33838, 1086
8744, 1085
17473, 1085
39358, 1085
123600, 1085
123901, 1085
649, 1084
4510, 1084
4773, 1084
75858, 1084
89059, 1084
89418, 1084
110847, 1084
157767, 1084
222094, 1084
233357, 1084
44614, 1083
70297, 1083
84643, 1083
157811, 1083
260186, 1083
2919, 1082
5967, 1082
8647, 1082
9106, 1082
9863, 1082
13309, 1082
59842, 1082
128010, 1082
128900, 1082
143099, 1082
154238, 1082
159223, 1082
164432, 1082
196696, 1082
203107, 1082
235290, 1082
271233, 1082
282127, 1082
295001, 1082
15858, 1081
38891, 1081
82788, 1081
107574, 1081
123315, 1081
210652, 1081
261742, 1081
1238, 1080
13056, 1080
17696, 1080
92832, 1080
116285, 1080
126183, 1080
135175, 1080
1159, 1079
208570, 1079
7635, 1078
21452, 1078
32260, 1078
71255, 1078
139503, 1078
156872, 1078
242202, 1078
20576, 1077
84481, 1077
86897, 1077
115631, 1077
175255, 1077
178305, 1077
184747, 1077
196821, 1077
236752, 1077
246978, 1077
254567, 1077
274189, 1077
12225, 1076
13914, 1076
53777, 1076
125174, 1076
150170, 1076
169765, 1076
189138, 1076
236312, 1076
27339, 1075
27381, 1075
55167, 1075
59189, 1075
78980, 1075
89369, 1075
101175, 1075
147652, 1075
161132, 1075
214967, 1075
216107, 1075
274159, 1075
18425, 1074
28589, 1074
148344, 1074
168758, 1074
199142, 1074
5476, 1073
41358, 1073
87305, 1073
137232, 1073
180698, 1073
219009, 1073
220445, 1073
237470, 1073
244108, 1073
272389, 1073
6296, 1072
40163, 1072
64806, 1072
69201, 1072
90566, 1072
112010, 1072
167500, 1072
250173, 1072
276210, 1072
9296, 1071
37088, 1071
45147, 1071
65987, 1071
166698, 1071
271763, 1071
24048, 1070
25498, 1070
47688, 1070
57670, 1070
63274, 1070
91931, 1070
93119, 1070
108926, 1070
110680, 1070
121066, 1070
135482, 1070
153969, 1070
155604, 1070
199029, 1070
288590, 1070
7015, 1069
22073, 1069
218606, 1069
265281, 1069
289673, 1069
58279, 1068
103480, 1068
108288, 1068
118651, 1068
147120, 1068
229213, 1068
276859, 1068
55288, 1067
155079, 1067
168301, 1067
248256, 1067
292572, 1067
496, 1066
6310, 1066
23011, 1066
62820, 1066
82671, 1066
168967, 1066
33171, 1065
33539, 1065
78270, 1065
113180, 1065
154534, 1065
193977, 1065
239580, 1065
275475, 1065
4807, 1064
28772, 1064
30409, 1064
41532, 1064
53305, 1064
66031, 1064
219762, 1064
259283, 1064
2787, 1063
8374, 1063
18269, 1063
22689, 1063
56770, 1063
86512, 1063
111810, 1063
161514, 1063
17980, 1062
30153, 1062
120634, 1062
167423, 1062
199681, 1062
212042, 1062
228284, 1062
293524, 1062
854, 1061
1059, 1061
2941, 1061
37289, 1061
109354, 1061
810, 1060
6061, 1060
7340, 1060
46274, 1060
56825, 1060
62796, 1060
69383, 1060
121769, 1060
138293, 1060
159529, 1060
159997, 1060
210389, 1060
268345, 1060
46899, 1059
110623, 1059
195437, 1059
239346, 1059
492, 1058
554, 1058
4476, 1058
63684, 1058
108152, 1058
203004, 1058
213437, 1058
37937, 1057
166609, 1057
171139, 1057
228760, 1057
11288, 1056
33352, 1056
175473, 1056
205790, 1056
279959, 1056
1046, 1055
10693, 1055
86067, 1055
154347, 1055
193755, 1055
200473, 1055
229474, 1055
238701, 1055
244686, 1055
7722, 1054
62649, 1054
92421, 1054
95819, 1054
115384, 1054
221811, 1054
283122, 1054
1015, 1053
1060, 1053
11073, 1053
80645, 1053
107564, 1053
118901, 1053
161040, 1053
193758, 1053
231592, 1053
263043, 1053
1433, 1052
3132, 1052
45025, 1052
123979, 1052
124582, 1052
130047, 1052
143949, 1052
199899, 1052
264678, 1052
5213, 1051
19967, 1051
43122, 1051
87649, 1051
92024, 1051
104689, 1051
170863, 1051
197512, 1051
11274, 1050
21355, 1050
64411, 1050
75086, 1050
83557, 1050
171893, 1050
7441, 1049
32264, 1049
33683, 1049
40431, 1049
44657, 1049
54541, 1049
57166, 1049
76327, 1049
139661, 1049
144450, 1049
146622, 1049
168664, 1049
174027, 1049
177003, 1049
213230, 1049
28897, 1048
32084, 1048
35415, 1048
49561, 1048
87210, 1048
94182, 1048
106435, 1048
242411, 1048
272521, 1048
25384, 1047
40684, 1047
45925, 1047
171399, 1047
204991, 1047
271501, 1047
57033, 1046
57663, 1046
102770, 1046
168184, 1046
240095, 1046
248417, 1046
7267, 1045
77104, 1045
103138, 1045
160803, 1045
202463, 1045
204918, 1045
209554, 1045
262820, 1045
12597, 1044
17318, 1044
24522, 1044
66470, 1044
136496, 1044
174737, 1044
267471, 1044
64635, 1043
145546, 1043
201548, 1043
4988, 1042
6865, 1042
23680, 1042
58842, 1042
66351, 1042
102320, 1042
126068, 1042
139882, 1042
140381, 1042
166844, 1042
186788, 1042
201918, 1042
210353, 1042
214022, 1042
259708, 1042
293414, 1042
6054, 1041
18959, 1041
30330, 1041
35293, 1041
92015, 1041
108385, 1041
152386, 1041
171841, 1041
186779, 1041
217140, 1041
256644, 1041
271465, 1041
278558, 1041
18409, 1040
28297, 1040
43942, 1040
51419, 1040
61811, 1040
77060, 1040
90268, 1040
91070, 1040
94949, 1040
99115, 1040
104559, 1040
118212, 1040
124953, 1040
125386, 1040
125401, 1040
129358, 1040
133179, 1040
133198, 1040
135946, 1040
136005, 1040
136601, 1040
146733, 1040
147122, 1040
147374, 1040
147447, 1040
148677, 1040
156355, 1040
163230, 1040
168843, 1040
206121, 1040
276893, 1040
285290, 1040
2504, 1039
27449, 1039
81842, 1039
82622, 1039
128483, 1039
148830, 1039
181866, 1039
197570, 1039
203621, 1039
233999, 1039
282031, 1039
1332, 1038
2196, 1038
17151, 1038
60526, 1038
94043, 1038
107548, 1038
116034, 1038
178051, 1038
202070, 1038
285709, 1038
288761, 1038
15104, 1037
37466, 1037
215397, 1037
266490, 1037
9195, 1036
53380, 1036
78587, 1036
113491, 1036
163748, 1036
276948, 1036
1756, 1035
15700, 1035
18534, 1035
20909, 1035
48124, 1035
57612, 1035
13535, 1034
58229, 1034
179589, 1034
247945, 1034
248410, 1034
257014, 1034
18866, 1033
100622, 1033
150176, 1033
154069, 1033
242081, 1033
252230, 1033
295499, 1033
1370, 1032
33210, 1032
70376, 1032
225516, 1032
2957, 1031
19104, 1031
21978, 1031
36004, 1031
46465, 1031
177829, 1031
209912, 1031
827, 1030
931, 1030
77094, 1030
78862, 1030
175177, 1030
286160, 1030
966, 1029
1021, 1029
18789, 1029
96316, 1029
724, 1028
8507, 1028
23356, 1028
49935, 1028
55308, 1028
71811, 1028
72332, 1028
82859, 1028
102668, 1028
119659, 1028
141812, 1028
146571, 1028
195468, 1028
206365, 1028
35788, 1027
207803, 1026
13386, 1025
95168, 1025
115379, 1025
117426, 1025
172854, 1025
219076, 1025
279612, 1025
28306, 1024
30212, 1024
91884, 1024
110505, 1024
114960, 1024
211689, 1024
232950, 1024
287006, 1024
89784, 1023
100039, 1023
161843, 1023
177852, 1023
142421, 1022
213779, 1022
11447, 1021
14132, 1021
20604, 1021
38957, 1021
44583, 1021
71572, 1021
75136, 1021
107189, 1021
51628, 1020
245872, 1020
264682, 1020
277217, 1020
12972, 1019
21510, 1019
109825, 1019
119457, 1019
182966, 1019
187521, 1019
215586, 1019
250323, 1019
7740, 1018
40619, 1018
70748, 1018
84503, 1018
117237, 1018
126021, 1018
163381, 1018
176939, 1018
219256, 1018
221361, 1018
32990, 1017
110839, 1017
996, 1016
3921, 1016
20974, 1016
15652, 1015
44906, 1015
72987, 1015
74349, 1015
86847, 1015
88147, 1015
91208, 1015
101632, 1015
103647, 1015
124272, 1015
160798, 1015
271988, 1015
6884, 1014
9696, 1014
15970, 1014
20504, 1014
28605, 1014
89298, 1014
133826, 1014
139756, 1014
169251, 1014
193108, 1014
214010, 1014
913, 1013
1206, 1013
12546, 1013
33922, 1013
34945, 1013
144230, 1013
170758, 1013
258399, 1013
7501, 1012
78661, 1012
132563, 1012
164683, 1012
209770, 1012
575, 1011
86353, 1011
94269, 1011
216454, 1011
260358, 1011
80378, 1010
143527, 1010
150882, 1010
187194, 1010
2673, 1009
23725, 1009
81067, 1009
134567, 1009
259387, 1009
13650, 1008
49486, 1008
49939, 1008
85967, 1008
188260, 1008
1711, 1007
2187, 1007
2556, 1007
3735, 1007
5202, 1007
5214, 1007
5661, 1007
39955, 1007
64837, 1007
68762, 1007
114261, 1007
156436, 1007
167862, 1007
186903, 1007
208304, 1007
247637, 1007
2897, 1006
9581, 1006
57317, 1006
72779, 1006
73455, 1006
73927, 1006
87166, 1006
144145, 1006
171014, 1006
184497, 1006
222100, 1006
235050, 1006
296015, 1006
1786, 1005
121489, 1005
217980, 1005
227403, 1005
939, 1004
962, 1004
13084, 1004
21609, 1004
48396, 1004
87741, 1004
101663, 1004
132942, 1004
179864, 1004
934, 1003
1001, 1003
85388, 1003
93772, 1003
13801, 1002
36358, 1002
50539, 1002
92831, 1002
172225, 1002
1042, 1001
29626, 1001
68375, 1001
261563, 1001
102662, 1000
206770, 1000
264457, 1000
278025, 1000
