2342, 59962
2365, 59962
2402, 59962
2479, 59962
2545, 59962
2560, 59962
2099, 58747
1949, 57763
2020, 57763
2155, 57763
2162, 57763
2201, 57763
2435, 57763
2532, 56870
2730, 56870
2803, 56870
2887, 56870
2947, 56870
44187, 56870
3047, 54307
3125, 54307
2801, 51327
2912, 51327
3028, 51327
3055, 51327
3064, 51327
3068, 51327
3177, 51327
3248, 51327
3298, 51327
3455, 51327
31694, 51327
85106, 51327
95302, 51327
105869, 51327
146544, 51327
175463, 51327
214330, 51327
215603, 51327
248985, 51327
3525, 46420
3183, 40595
3327, 40595
3519, 40595
36146, 40595
3579, 32412
3593, 32412
3676, 32412
3684, 32412
3706, 32412
3745, 32412
3768, 32412
3835, 32412
3840, 32412
3941, 32412
32020, 32412
38662, 32412
40356, 32412
141032, 32412
3307, 17080
3669, 17080
3752, 17080
37525, 17080
89631, 17080
121933, 17080
124838, 17080
255236, 17080
3758, 12877
40348, 9974
3115, 8788
3167, 8788
3238, 8788
3312, 8788
31249, 8788
40420, 8788
109690, 8788
3179, 8004
3646, 6964
4128, 6964
41185, 6964
4133, 6002
4349, 6002
4373, 6002
4392, 6002
4459, 6002
4546, 6002
4800, 6002
37593, 6002
38444, 6002
38862, 6002
45079, 6002
45525, 6002
130003, 6002
140763, 6002
4709, 5332
41305, 5332
3954, 5170
4729, 5170
3878, 4697
4754, 4697
4956, 4697
4979, 4697
164893, 4697
176278, 4697
5311, 4529
6084, 3360
6222, 3360
6331, 3360
6336, 3360
6500, 3360
6763, 3360
6857, 3360
7146, 3360
7255, 3360
58925, 3360
61139, 3360
66307, 3360
71103, 3360
72573, 3360
235435, 3360
268489, 3360
6656, 3249
6940, 3249
7061, 3249
252248, 3249
291569, 3249
4715, 2723
5195, 2723
5215, 2723
5315, 2723
5492, 2723
5629, 2723
45812, 2723
47467, 2723
54508, 2723
144287, 2723
166949, 2574
5110, 2338
5275, 2338
5445, 2338
5926, 2338
153662, 2338
4990, 2091
5362, 2091
5888, 2091
6186, 2091
50918, 2091
59485, 2091
171397, 2091
6457, 1950
181383, 1923
182156, 1923
281326, 1868
7101, 1821
54796, 1821
121381, 1803
130833, 1803
147915, 1803
233356, 1803
247933, 1803
252338, 1803
291442, 1803
226833, 1796
295904, 1756
173213, 1748
294661, 1740
50536, 1729
143170, 1729
4984, 1725
5866, 1725
5962, 1725
6514, 1725
6797, 1725
6992, 1725
7010, 1725
7288, 1725
7320, 1725
7459, 1725
42635, 1725
55316, 1725
56289, 1725
56963, 1725
60315, 1725
69999, 1725
72536, 1725
81278, 1725
228795, 1725
234488, 1725
288711, 1725
192831, 1722
87474, 1720
187000, 1720
239102, 1685
277020, 1685
288585, 1680
102951, 1675
201955, 1672
6837, 1665
7080, 1665
7117, 1665
7568, 1665
7697, 1665
55796, 1665
73521, 1665
144362, 1664
251138, 1656
260090, 1656
97360, 1653
133141, 1653
142839, 1653
210916, 1648
5139, 1643
41387, 1612
53608, 1612
59040, 1609
137384, 1609
99853, 1606
135249, 1579
53562, 1576
121579, 1569
7216, 1563
7687, 1563
7900, 1563
199491, 1563
240382, 1563
118584, 1553
125423, 1532
6867, 1531
103980, 1528
24851, 1519
52477, 1519
64158, 1519
77948, 1519
94794, 1519
239190, 1519
170565, 1517
77971, 1513
251467, 1511
273063, 1507
245043, 1505
281863, 1505
7366, 1503
8226, 1503
8881, 1503
205098, 1503
221756, 1503
232580, 1503
239342, 1503
244276, 1503
291136, 1503
8477, 1502
11092, 1502
164651, 1502
168182, 1502
174092, 1502
180660, 1502
41970, 1501
43050, 1501
47600, 1501
50090, 1501
52465, 1501
54420, 1501
55481, 1501
57624, 1501
57794, 1501
58598, 1501
61382, 1501
62948, 1501
65970, 1501
74015, 1501
76621, 1501
76673, 1501
93558, 1501
192112, 1501
58058, 1496
65694, 1496
276630, 1494
13434, 1493
17973, 1493
55179, 1493
63222, 1493
75074, 1493
200634, 1493
240248, 1493
280991, 1493
202459, 1488
226774, 1488
239836, 1487
251419, 1487
46127, 1484
65785, 1484
267736, 1482
193096, 1473
7236, 1472
7302, 1472
7680, 1472
158539, 1471
212306, 1470
281116, 1470
253620, 1468
95093, 1467
164025, 1465
238163, 1465
136056, 1463
278211, 1463
7471, 1460
7633, 1460
9203, 1460
113837, 1459
152443, 1459
164695, 1459
207098, 1457
118485, 1456
133721, 1456
175239, 1456
198070, 1456
204886, 1456
210706, 1456
237931, 1456
240034, 1456
242203, 1456
243323, 1456
256269, 1456
256408, 1456
37851, 1454
47899, 1454
65539, 1454
76030, 1454
78136, 1454
93072, 1454
93905, 1454
181834, 1454
251439, 1454
202173, 1451
279239, 1451
61124, 1449
65915, 1449
68021, 1449
71257, 1449
74676, 1449
75096, 1449
76681, 1449
77277, 1449
84051, 1449
85624, 1449
85749, 1449
94462, 1449
100505, 1449
109829, 1449
118444, 1449
123130, 1449
134554, 1449
138438, 1449
156234, 1449
218151, 1449
261972, 1449
7564, 1443
8249, 1443
8389, 1443
8565, 1443
8952, 1443
9277, 1443
9398, 1443
9534, 1443
9538, 1443
9800, 1443
10168, 1443
208857, 1443
117424, 1438
37059, 1435
38281, 1435
41885, 1435
43140, 1435
47944, 1435
55044, 1435
56059, 1435
57888, 1435
58891, 1435
61304, 1435
61611, 1435
65696, 1435
67987, 1435
70693, 1435
71069, 1435
72429, 1435
75267, 1435
75336, 1435
75417, 1435
76197, 1435
76825, 1435
83868, 1435
85262, 1435
91092, 1435
94857, 1435
101136, 1435
107364, 1435
143855, 1435
147887, 1435
172392, 1435
38014, 1432
151307, 1432
143074, 1423
59486, 1419
97943, 1419
127952, 1419
276309, 1419
295235, 1419
37957, 1415
264575, 1411
58072, 1409
115415, 1409
288930, 1409
103995, 1408
106481, 1396
213192, 1396
258444, 1396
206746, 1395
15396, 1390
24043, 1390
29945, 1390
48180, 1390
145758, 1388
280185, 1387
27495, 1381
203780, 1380
257394, 1378
260276, 1378
268158, 1378
43548, 1374
46862, 1374
78477, 1374
81079, 1374
101008, 1374
105766, 1374
107485, 1374
117695, 1374
118875, 1374
126425, 1374
129649, 1374
136969, 1374
141258, 1374
148087, 1374
148521, 1374
150846, 1374
151678, 1374
155804, 1374
160184, 1374
161391, 1374
174945, 1374
175061, 1374
175310, 1374
188316, 1374
191453, 1374
222330, 1374
271100, 1374
272378, 1374
279719, 1374
230805, 1370
17376, 1369
100659, 1369
147075, 1368
147137, 1368
238249, 1368
244600, 1368
247469, 1368
250673, 1368
259149, 1368
280371, 1368
281725, 1368
63197, 1366
96147, 1366
98494, 1366
102140, 1366
105044, 1366
105862, 1366
110107, 1366
114670, 1366
124304, 1366
126472, 1366
137274, 1366
160495, 1366
162992, 1366
175053, 1366
196083, 1366
38812, 1365
151743, 1365
206318, 1365
251055, 1365
52548, 1364
155003, 1364
49674, 1362
62394, 1362
109248, 1362
111644, 1362
132437, 1362
141051, 1362
190533, 1362
216049, 1362
225553, 1362
227478, 1362
232690, 1362
242255, 1362
257962, 1362
267646, 1362
269847, 1362
281657, 1362
86861, 1361
110444, 1361
118579, 1361
141614, 1361
199213, 1361
212191, 1361
293402, 1361
11608, 1359
13109, 1359
13629, 1359
42675, 1359
215898, 1359
279687, 1359
286491, 1359
34247, 1358
47127, 1358
61438, 1358
68973, 1358
69619, 1358
127555, 1358
132763, 1358
136954, 1358
151067, 1358
170290, 1358
191445, 1358
287829, 1358
288172, 1358
15681, 1354
24261, 1354
25333, 1354
37214, 1354
38118, 1354
45284, 1354
51572, 1354
53803, 1354
59751, 1354
65848, 1354
70923, 1354
73101, 1354
76857, 1354
97660, 1354
104856, 1354
112298, 1354
116842, 1354
123017, 1354
135266, 1354
152879, 1354
168690, 1354
178091, 1354
190145, 1354
264004, 1354
46794, 1353
129855, 1353
150295, 1353
164473, 1353
246395, 1352
149101, 1350
37029, 1348
94430, 1348
150277, 1348
43275, 1346
176090, 1346
191978, 1346
211867, 1346
37793, 1345
44379, 1345
103924, 1345
138647, 1345
126821, 1343
29724, 1342
34469, 1342
51470, 1342
59726, 1342
82649, 1342
84446, 1342
97663, 1342
113378, 1342
124178, 1342
167323, 1342
9170, 1341
9362, 1341
11511, 1341
16588, 1341
18200, 1341
18714, 1341
18862, 1341
20741, 1341
23147, 1341
24698, 1341
30580, 1341
30788, 1341
32914, 1341
36633, 1341
40341, 1341
69435, 1341
79885, 1341
82837, 1341
96309, 1341
105735, 1341
111611, 1341
127068, 1341
152089, 1341
155662, 1341
160646, 1341
173088, 1341
197626, 1341
227818, 1341
26487, 1340
30105, 1340
40953, 1340
41549, 1340
47220, 1340
49518, 1340
52269, 1340
54460, 1340
83414, 1340
100175, 1340
118361, 1340
176234, 1340
18000, 1338
26118, 1338
29179, 1338
33021, 1338
46845, 1338
65190, 1338
71278, 1338
78221, 1338
79905, 1338
95303, 1338
99072, 1338
113697, 1338
142972, 1338
144645, 1338
149477, 1338
159863, 1338
160036, 1338
174171, 1338
178820, 1338
179266, 1338
196806, 1338
211138, 1338
221163, 1338
233790, 1338
251897, 1338
259567, 1338
35417, 1337
71539, 1337
73064, 1337
73996, 1337
88507, 1337
92896, 1337
105626, 1337
106242, 1337
111721, 1337
130609, 1337
159429, 1337
165565, 1337
176986, 1337
181177, 1337
191538, 1337
192356, 1337
198554, 1337
203769, 1337
218144, 1337
218926, 1337
219694, 1337
241409, 1337
253435, 1337
269739, 1337
6925, 1335
53433, 1335
115680, 1335
127348, 1335
160577, 1335
257236, 1335
24668, 1334
33587, 1334
82621, 1334
34933, 1333
41062, 1333
56519, 1333
75029, 1333
126602, 1333
127087, 1333
145158, 1333
9148, 1332
202978, 1332
33691, 1331
99287, 1329
76369, 1328
164493, 1328
221691, 1328
267552, 1328
11132, 1327
41418, 1327
57680, 1327
212745, 1327
161813, 1323
32552, 1321
39212, 1321
43229, 1321
50306, 1321
53578, 1321
85433, 1321
128620, 1321
162555, 1321
170624, 1321
180345, 1321
240616, 1321
260466, 1321
272132, 1321
281852, 1321
66305, 1320
71066, 1320
104116, 1320
243538, 1320
289164, 1320
290912, 1320
179261, 1319
256221, 1319
19826, 1317
50030, 1317
112003, 1317
134747, 1314
264689, 1314
31407, 1310
75453, 1310
224864, 1310
13083, 1309
20984, 1309
22357, 1309
24582, 1309
26343, 1309
40483, 1309
43104, 1309
44638, 1309
56365, 1309
69507, 1309
183284, 1306
228472, 1306
154820, 1305
169078, 1305
197508, 1305
106159, 1304
39931, 1303
66948, 1302
81275, 1302
54124, 1301
93600, 1301
185010, 1301
204779, 1301
246780, 1301
254266, 1301
257621, 1301
265286, 1301
278766, 1301
289331, 1301
162974, 1300
228824, 1300
37661, 1299
39123, 1299
141439, 1299
174470, 1299
184961, 1299
197055, 1299
213601, 1299
235457, 1299
255574, 1299
292449, 1299
294365, 1299
21278, 1298
135726, 1297
25470, 1295
9801, 1294
9918, 1294
9985, 1294
10053, 1294
11380, 1294
11474, 1294
11614, 1294
11840, 1294
11950, 1294
12260, 1294
12515, 1294
12577, 1294
27602, 1294
33207, 1294
126138, 1294
135004, 1294
208608, 1294
266543, 1294
9160, 1290
30624, 1290
38735, 1290
78560, 1290
103377, 1290
135753, 1290
140797, 1290
162679, 1290
183137, 1290
183914, 1290
203445, 1290
249274, 1290
145821, 1286
284063, 1286
133825, 1285
174531, 1285
8075, 1283
46954, 1283
255781, 1283
75495, 1280
139564, 1280
151660, 1280
158758, 1280
159101, 1280
160330, 1280
161944, 1280
165913, 1280
167454, 1280
192925, 1280
193923, 1280
194921, 1280
199849, 1280
200579, 1280
201310, 1280
204054, 1280
214409, 1280
222393, 1280
228379, 1280
230406, 1280
241219, 1280
241877, 1280
246579, 1280
254104, 1280
255502, 1280
255683, 1280
259956, 1280
261667, 1280
262073, 1280
265824, 1280
266351, 1280
273711, 1280
275508, 1280
277549, 1280
278035, 1280
292609, 1280
71016, 1277
80381, 1277
81774, 1277
219410, 1277
232138, 1276
232287, 1276
254014, 1276
261873, 1276
263064, 1276
284882, 1276
295446, 1276
56592, 1275
70653, 1275
87377, 1275
161201, 1275
17438, 1274
20861, 1274
26248, 1274
27053, 1274
29768, 1274
30052, 1274
33869, 1274
34783, 1274
37042, 1274
49125, 1274
53307, 1274
53568, 1274
70651, 1274
71429, 1274
92367, 1274
264427, 1274
291235, 1274
71495, 1273
264646, 1273
96580, 1272
197773, 1272
158374, 1271
186479, 1271
186758, 1271
187769, 1271
190968, 1271
194693, 1271
216291, 1271
22944, 1270
123640, 1270
25914, 1269
98353, 1269
119516, 1269
183144, 1269
14303, 1268
15531, 1268
33267, 1268
43502, 1268
53661, 1268
62090, 1268
116928, 1268
143576, 1268
197931, 1268
249223, 1268
52226, 1266
34137, 1264
102497, 1264
117538, 1264
133403, 1264
134584, 1264
156823, 1264
193302, 1264
218639, 1264
236087, 1264
245269, 1264
250231, 1264
267295, 1264
50456, 1260
78008, 1260
124466, 1260
145250, 1260
180706, 1260
62812, 1259
280607, 1259
218428, 1258
176013, 1254
181814, 1253
189455, 1253
259991, 1253
251888, 1252
87763, 1251
129375, 1251
159033, 1251
253682, 1251
268739, 1251
283485, 1251
45366, 1249
23089, 1248
31714, 1248
47061, 1248
48581, 1248
50696, 1248
59008, 1248
61123, 1248
62769, 1248
87168, 1248
90822, 1248
97931, 1248
97942, 1248
102559, 1248
109745, 1248
133313, 1248
166266, 1248
177971, 1248
194503, 1248
195490, 1248
259674, 1248
281304, 1248
124631, 1245
65708, 1244
24135, 1242
38051, 1242
89436, 1242
114415, 1242
133014, 1242
143739, 1242
146979, 1242
158924, 1242
177944, 1242
237792, 1242
257893, 1242
54570, 1240
13757, 1239
92657, 1239
137066, 1239
290730, 1239
26567, 1238
224963, 1237
262557, 1237
21696, 1236
72528, 1236
82378, 1236
84897, 1236
85811, 1236
102202, 1236
104208, 1236
114883, 1236
116910, 1236
148897, 1236
156879, 1236
205114, 1236
229294, 1236
248252, 1236
258965, 1236
209198, 1235
225849, 1235
227929, 1235
228639, 1235
243258, 1235
77719, 1234
123909, 1233
132458, 1233
187672, 1233
242629, 1233
265630, 1233
99141, 1232
109161, 1232
179878, 1232
208434, 1232
40526, 1230
38548, 1229
39606, 1229
40768, 1229
114295, 1229
193493, 1229
74710, 1226
104796, 1226
18245, 1225
18808, 1225
45117, 1225
126101, 1225
149549, 1225
149559, 1225
159252, 1225
185234, 1225
207342, 1225
218294, 1225
233755, 1225
253884, 1225
14938, 1224
66822, 1224
161302, 1224
33674, 1221
41490, 1221
44945, 1221
46501, 1221
52186, 1221
56106, 1221
83959, 1221
85194, 1221
118886, 1221
251753, 1221
274439, 1221
288689, 1221
266511, 1220
55292, 1219
61759, 1219
65142, 1218
66646, 1218
75168, 1218
256152, 1218
90190, 1215
8651, 1214
11079, 1214
18349, 1214
20314, 1214
26266, 1214
41179, 1214
50952, 1214
54402, 1214
61749, 1214
68057, 1214
68177, 1214
71225, 1214
75389, 1214
84270, 1214
86846, 1214
92710, 1214
109507, 1214
122606, 1214
132634, 1214
142960, 1214
155368, 1214
156092, 1214
167350, 1214
181913, 1214
186785, 1214
203842, 1214
206925, 1214
220273, 1214
242495, 1214
243232, 1214
244602, 1214
28439, 1213
29190, 1213
82818, 1213
100354, 1213
169249, 1213
192006, 1213
201614, 1213
213967, 1213
159411, 1212
50888, 1210
158220, 1210
246423, 1210
268642, 1210
290190, 1210
118634, 1209
173192, 1209
232448, 1209
278219, 1209
75451, 1208
192738, 1208
214737, 1208
237932, 1208
269233, 1208
273261, 1208
121447, 1207
160119, 1207
169293, 1207
194168, 1207
258091, 1207
8449, 1200
12817, 1200
23260, 1200
89895, 1200
287906, 1200
38584, 1198
142501, 1198
51165, 1197
65323, 1197
67679, 1197
73282, 1197
148341, 1197
197388, 1197
200341, 1197
203648, 1197
230970, 1197
238653, 1197
252509, 1197
253095, 1197
256215, 1197
283466, 1197
88742, 1196
135082, 1196
162421, 1196
185166, 1196
204029, 1196
209741, 1196
250618, 1196
260692, 1196
264598, 1196
273843, 1196
125356, 1195
189594, 1195
213261, 1195
217687, 1195
227281, 1195
258841, 1195
296534, 1195
51540, 1194
155494, 1194
192575, 1194
250393, 1194
273266, 1194
274559, 1194
133571, 1193
14493, 1192
58770, 1192
59908, 1192
65325, 1192
69591, 1192
77491, 1192
106012, 1192
13664, 1191
18901, 1191
27045, 1191
54379, 1191
89915, 1191
91384, 1191
102161, 1191
113103, 1190
16662, 1189
117689, 1189
145788, 1189
150771, 1189
63687, 1188
178260, 1188
209363, 1188
225433, 1188
278626, 1188
289427, 1188
251403, 1186
102651, 1185
119747, 1185
243918, 1185
284448, 1185
285154, 1185
141912, 1184
168088, 1184
37575, 1183
159835, 1183
196643, 1183
244569, 1183
286432, 1183
13921, 1182
137656, 1182
254473, 1182
250495, 1181
35824, 1179
39291, 1179
50351, 1179
58859, 1179
68000, 1179
74268, 1179
133417, 1179
194604, 1179
196526, 1179
220871, 1179
229412, 1179
259082, 1179
261810, 1179
268955, 1179
291922, 1179
77232, 1178
98605, 1178
99305, 1178
173613, 1178
210312, 1178
243305, 1178
246118, 1178
248485, 1178
102135, 1177
164598, 1177
224106, 1177
32306, 1176
62207, 1176
87283, 1176
131452, 1176
140177, 1176
158483, 1176
210562, 1176
211602, 1176
25356, 1175
157744, 1175
159524, 1175
236223, 1175
246356, 1175
248408, 1175
251384, 1175
255352, 1175
255698, 1175
293924, 1175
124648, 1174
113420, 1171
143538, 1171
158447, 1170
190484, 1170
143965, 1165
170808, 1165
182059, 1165
246136, 1165
263771, 1165
273337, 1165
17674, 1164
23913, 1164
30047, 1164
57954, 1164
116589, 1164
159121, 1164
223380, 1164
258385, 1164
27693, 1163
33687, 1162
111400, 1162
145142, 1162
181319, 1162
198759, 1162
219301, 1162
230624, 1162
264484, 1162
277021, 1162
280725, 1162
82518, 1161
109728, 1161
119269, 1161
120476, 1161
135597, 1161
148711, 1161
152235, 1161
154285, 1161
163505, 1161
226821, 1161
234408, 1161
234537, 1161
242357, 1161
245298, 1161
247302, 1161
258821, 1161
264351, 1161
275811, 1161
284887, 1161
237691, 1159
25599, 1158
42223, 1158
105155, 1158
156154, 1158
168761, 1158
186029, 1158
203647, 1158
91834, 1156
140464, 1156
62619, 1155
95756, 1155
111619, 1155
113495, 1155
158433, 1154
223793, 1154
293643, 1154
57078, 1152
75890, 1152
160764, 1152
183896, 1152
243123, 1152
250238, 1152
277125, 1152
57575, 1150
83522, 1150
67594, 1149
94568, 1149
110957, 1149
137390, 1149
139470, 1149
14757, 1148
37431, 1148
38709, 1148
65272, 1148
166973, 1148
197845, 1148
199850, 1148
11033, 1147
14761, 1147
21029, 1147
37753, 1147
39693, 1147
91387, 1147
107484, 1147
114640, 1147
115470, 1147
119073, 1147
121905, 1147
162001, 1147
174435, 1147
196260, 1147
200223, 1147
204624, 1147
230777, 1147
251906, 1147
267027, 1147
281029, 1147
282453, 1147
290989, 1147
43046, 1146
64456, 1146
222667, 1146
231044, 1146
241270, 1146
280041, 1146
34866, 1144
45286, 1144
57267, 1144
75939, 1144
122619, 1144
145172, 1144
175955, 1144
176833, 1144
178995, 1144
181678, 1144
182443, 1144
242742, 1144
246003, 1144
246474, 1144
254267, 1144
264440, 1144
282692, 1144
239859, 1143
52165, 1142
289442, 1142
26296, 1140
34794, 1140
88048, 1140
107709, 1140
257532, 1140
266457, 1140
37307, 1139
72261, 1139
16474, 1137
89953, 1137
238687, 1136
295942, 1136
60247, 1135
148010, 1135
294206, 1135
50115, 1134
194886, 1134
221151, 1134
19483, 1132
21261, 1132
87621, 1132
111933, 1132
205227, 1131
26153, 1130
211051, 1130
215810, 1130
238416, 1130
256342, 1130
290756, 1130
19289, 1129
30246, 1129
54561, 1129
58350, 1129
72256, 1129
77335, 1129
90095, 1129
102657, 1129
107151, 1129
117976, 1129
125188, 1129
128546, 1129
132863, 1129
145403, 1129
152156, 1129
172219, 1129
173068, 1129
175126, 1129
202912, 1129
240754, 1129
246792, 1129
259480, 1129
273803, 1129
274265, 1129
168309, 1128
269506, 1128
227892, 1126
11211, 1125
57865, 1125
237753, 1125
243889, 1125
22344, 1123
70231, 1123
96798, 1123
116234, 1123
121511, 1123
15839, 1121
118964, 1121
140251, 1121
155503, 1121
184532, 1121
200988, 1121
242564, 1121
41005, 1120
114515, 1120
115045, 1120
124329, 1120
131750, 1120
165022, 1120
192290, 1120
198572, 1120
267952, 1120
270331, 1120
280819, 1120
20858, 1119
25317, 1119
44150, 1119
62578, 1119
119236, 1119
159387, 1119
277677, 1119
291179, 1117
67279, 1116
111962, 1116
200438, 1116
283094, 1116
52646, 1115
63829, 1115
39280, 1113
100937, 1113
125284, 1113
160554, 1113
200312, 1113
247326, 1113
249934, 1113
251734, 1113
284992, 1113
23889, 1112
159449, 1112
163515, 1112
168859, 1112
247934, 1112
258808, 1112
157657, 1110
77697, 1108
254569, 1108
209188, 1107
144339, 1106
171174, 1106
218593, 1106
45701, 1105
75767, 1105
150058, 1105
260428, 1105
122785, 1104
146097, 1104
147573, 1104
147818, 1104
148887, 1104
149905, 1104
150018, 1104
151523, 1104
156701, 1104
156843, 1104
159794, 1104
160797, 1104
166312, 1104
167198, 1104
172651, 1104
173087, 1104
176872, 1104
178191, 1104
179956, 1104
181800, 1104
182350, 1104
182864, 1104
184793, 1104
186328, 1104
186545, 1104
187569, 1104
191170, 1104
193802, 1104
194334, 1104
198938, 1104
199040, 1104
199236, 1104
203487, 1104
205791, 1104
216639, 1104
222588, 1104
227402, 1104
228424, 1104
228444, 1104
229582, 1104
233063, 1104
233606, 1104
233616, 1104
234483, 1104
237556, 1104
237901, 1104
239120, 1104
241318, 1104
241702, 1104
242848, 1104
242989, 1104
243738, 1104
245588, 1104
247330, 1104
248414, 1104
248479, 1104
248994, 1104
254090, 1104
256083, 1104
257694, 1104
259312, 1104
260594, 1104
261635, 1104
261693, 1104
261844, 1104
269166, 1104
270006, 1104
270058, 1104
273240, 1104
274948, 1104
275440, 1104
275502, 1104
276564, 1104
276810, 1104
276903, 1104
276985, 1104
277925, 1104
278118, 1104
278423, 1104
278883, 1104
282454, 1104
283329, 1104
283506, 1104
284198, 1104
284759, 1104
286919, 1104
287977, 1104
289585, 1104
291852, 1104
293855, 1104
294327, 1104
295244, 1104
130182, 1103
26824, 1102
120337, 1102
128925, 1102
145714, 1102
163569, 1102
188751, 1102
197071, 1102
230717, 1102
21220, 1101
83777, 1101
190216, 1101
203077, 1101
208696, 1101
233850, 1101
26308, 1099
26646, 1099
30088, 1099
42041, 1099
48723, 1099
60440, 1099
106258, 1099
152626, 1099
159156, 1099
200147, 1099
208473, 1099
241942, 1099
257334, 1099
276975, 1099
281040, 1099
283768, 1099
5036, 1098
71781, 1098
87974, 1098
123660, 1098
124291, 1098
127451, 1098
128179, 1098
139412, 1098
141241, 1098
143581, 1098
146007, 1098
151114, 1098
156432, 1098
157160, 1098
160038, 1098
183148, 1098
184367, 1098
188142, 1098
194772, 1098
195307, 1098
204281, 1098
229310, 1098
236750, 1098
238404, 1098
241959, 1098
242419, 1098
265128, 1098
268485, 1098
120507, 1097
178959, 1097
237759, 1097
49789, 1096
55748, 1096
72953, 1096
106135, 1096
220726, 1096
292817, 1096
36260, 1095
71680, 1095
102837, 1095
133129, 1095
145066, 1095
202805, 1095
210969, 1095
220362, 1095
225651, 1095
247419, 1095
2178, 1094
28029, 1094
36842, 1094
73080, 1094
105161, 1094
113076, 1094
118607, 1094
119101, 1094
132227, 1094
157339, 1094
175357, 1094
189538, 1094
268241, 1094
117084, 1093
224605, 1093
31506, 1091
90931, 1091
143367, 1091
144472, 1091
177055, 1091
227262, 1091
229016, 1091
229944, 1091
252929, 1091
280429, 1091
289926, 1091
7766, 1090
126227, 1090
202202, 1090
225562, 1090
44991, 1089
132056, 1089
288019, 1089
259727, 1088
222065, 1087
261788, 1087
277946, 1087
224850, 1085
229689, 1085
240222, 1085
275548, 1085
279463, 1085
52731, 1084
123701, 1084
146180, 1084
168310, 1084
172446, 1084
184172, 1084
11293, 1083
21720, 1083
44077, 1083
53725, 1083
54878, 1083
56055, 1083
60500, 1083
68434, 1083
69131, 1083
69600, 1083
70104, 1083
97814, 1083
110461, 1083
128535, 1083
129346, 1083
144677, 1083
179367, 1083
190891, 1083
195256, 1083
205225, 1083
210496, 1083
239742, 1083
38432, 1082
133588, 1081
265377, 1081
31258, 1080
36328, 1080
71059, 1080
72252, 1080
106228, 1080
117572, 1080
132277, 1080
183324, 1080
184785, 1080
215076, 1080
255677, 1080
284432, 1080
285588, 1080
102531, 1079
171100, 1079
219322, 1079
255495, 1079
281375, 1079
286971, 1079
129513, 1078
281386, 1077
102282, 1076
115362, 1076
116115, 1076
172278, 1076
197939, 1076
205154, 1076
207455, 1076
216100, 1076
224724, 1076
241403, 1076
247401, 1076
268343, 1076
281952, 1076
284303, 1076
291014, 1076
33247, 1074
38253, 1074
43921, 1074
109201, 1074
195011, 1074
197409, 1074
50363, 1073
70178, 1073
80663, 1073
82147, 1073
94504, 1073
95341, 1073
98005, 1073
99506, 1073
102346, 1073
109734, 1073
111390, 1073
113643, 1073
114967, 1073
117581, 1073
124204, 1073
135034, 1073
136718, 1073
145206, 1073
149318, 1073
153540, 1073
153831, 1073
154333, 1073
156975, 1073
164265, 1073
176852, 1073
181226, 1073
190224, 1073
202699, 1073
206073, 1073
213101, 1073
217301, 1073
245509, 1073
249409, 1073
265106, 1073
276832, 1073
296545, 1073
69702, 1071
69906, 1071
189413, 1071
95589, 1067
124795, 1067
189559, 1067
199010, 1067
237163, 1067
279141, 1067
124359, 1066
5313, 1065
48222, 1065
51106, 1065
82045, 1065
130005, 1065
146794, 1065
161607, 1065
162389, 1065
172141, 1065
251556, 1065
273730, 1065
13501, 1064
22187, 1064
99266, 1063
133256, 1063
154664, 1063
239923, 1063
266091, 1063
274371, 1063
97596, 1062
135065, 1062
151732, 1062
225236, 1062
245406, 1062
246231, 1062
35637, 1061
64361, 1061
12081, 1060
181432, 1060
127277, 1059
133125, 1059
180748, 1059
196706, 1059
238042, 1059
183129, 1058
104937, 1057
110284, 1057
115630, 1057
121037, 1057
134389, 1057
140576, 1057
166558, 1057
167673, 1057
191204, 1057
202234, 1057
281953, 1057
27947, 1056
32529, 1056
44987, 1056
54211, 1056
55257, 1056
113006, 1056
119292, 1056
208315, 1056
22931, 1055
26412, 1055
33357, 1055
40263, 1055
110808, 1055
119829, 1055
161782, 1055
200822, 1055
213155, 1055
215256, 1055
248531, 1055
20008, 1052
43215, 1052
136351, 1052
138935, 1052
141853, 1052
195880, 1052
207338, 1052
239376, 1052
253691, 1052
270185, 1052
270369, 1052
100307, 1051
199694, 1051
226601, 1051
7432, 1050
22457, 1050
35144, 1050
73661, 1050
90060, 1050
91085, 1050
95162, 1050
95425, 1050
95754, 1050
102233, 1050
111502, 1050
121363, 1050
121459, 1050
125720, 1050
126489, 1050
139789, 1050
146365, 1050
229871, 1050
262836, 1050
278194, 1050
116337, 1049
159983, 1049
217482, 1049
275662, 1049
6610, 1046
54577, 1044
57134, 1044
66921, 1044
72091, 1044
92410, 1044
111064, 1044
112293, 1044
128722, 1044
131045, 1044
133839, 1044
134811, 1044
137435, 1044
138642, 1044
142586, 1044
142912, 1044
151816, 1044
152249, 1044
161179, 1044
172563, 1044
227080, 1044
256987, 1044
275102, 1044
21583, 1043
31479, 1043
35192, 1043
44432, 1043
44554, 1043
44892, 1043
54897, 1043
127815, 1043
221893, 1043
280453, 1043
23095, 1042
47389, 1042
56245, 1042
69552, 1042
77322, 1042
83286, 1042
100076, 1042
175540, 1042
240888, 1042
65739, 1041
142358, 1041
295589, 1041
30269, 1038
86568, 1038
132423, 1038
91916, 1037
242159, 1037
138626, 1036
55061, 1035
62714, 1035
69749, 1035
75528, 1035
80313, 1035
80486, 1035
89570, 1035
108027, 1035
112834, 1035
117872, 1035
118479, 1035
259192, 1035
270704, 1034
94164, 1033
24494, 1031
41343, 1031
43999, 1031
69249, 1031
75954, 1031
88508, 1031
134551, 1031
216661, 1030
172669, 1029
181500, 1029
142764, 1028
230187, 1028
284497, 1028
13546, 1027
21248, 1027
89872, 1027
110372, 1027
115080, 1027
127842, 1027
130270, 1027
140238, 1027
149149, 1027
155571, 1027
160758, 1027
171582, 1027
232787, 1027
6651, 1026
33989, 1026
34324, 1026
120662, 1026
140312, 1026
150441, 1026
157876, 1026
160962, 1026
250532, 1026
265913, 1026
273116, 1026
277390, 1026
296145, 1026
58662, 1024
61987, 1024
68984, 1024
154643, 1024
196213, 1024
231649, 1024
246730, 1024
252220, 1024
256777, 1024
31405, 1023
20441, 1022
81259, 1022
87715, 1022
116123, 1022
172936, 1022
275365, 1022
280465, 1022
294800, 1022
19403, 1021
38922, 1021
51870, 1021
76584, 1021
116157, 1021
153176, 1021
174154, 1021
220593, 1021
222087, 1021
292406, 1021
13372, 1020
229665, 1020
98137, 1019
100572, 1019
101514, 1019
107754, 1019
110389, 1019
140586, 1019
173662, 1019
199912, 1019
265056, 1019
46739, 1018
175304, 1018
252818, 1018
261715, 1018
26250, 1016
189026, 1016
281542, 1016
290296, 1016
129195, 1015
156749, 1015
220271, 1015
242311, 1015
25351, 1014
33402, 1014
33428, 1014
54585, 1014
54988, 1014
77150, 1014
88075, 1014
127969, 1014
231872, 1014
252668, 1014
9704, 1013
45524, 1013
80558, 1013
81161, 1013
85784, 1013
88744, 1013
94301, 1013
98980, 1013
100152, 1013
129308, 1013
163732, 1013
264797, 1013
37850, 1011
96276, 1011
130536, 1011
153839, 1011
159647, 1011
26091, 1010
116378, 1010
6380, 1009
14385, 1009
28414, 1008
82009, 1008
112123, 1008
213440, 1008
216244, 1008
223113, 1008
237191, 1008
243009, 1008
245126, 1008
24893, 1007
42335, 1007
91270, 1007
258897, 1007
24020, 1006
35720, 1006
65220, 1006
171227, 1006
176347, 1006
75983, 1004
80858, 1004
89795, 1004
90107, 1004
94986, 1004
38987, 1002
97896, 1002
135007, 1002
249048, 1002
14285, 1001
39792, 1001
80855, 1001
138700, 1000
209652, 1000
