154585, 60008
57576, 59793
88855, 59793
152973, 59793
170841, 59793
174022, 59793
184709, 59793
202164, 59793
207522, 59793
216089, 59793
225762, 59793
234465, 59793
283324, 59793
292706, 59793
1205, 59452
234778, 59452
112580, 59447
164633, 59447
269012, 59447
2407, 59204
6898, 59204
93225, 59204
156966, 59204
211265, 59204
214269, 59204
230863, 59204
237873, 59204
257364, 59204
285193, 59204
294431, 59204
76131, 59130
152276, 59130
287334, 59130
70561, 58300
5329, 58207
64627, 58207
159989, 58207
168573, 58207
69504, 57962
90454, 57901
93697, 57901
94085, 57901
120521, 57901
130039, 57901
140291, 57901
171765, 57901
182779, 57901
195636, 57901
196248, 57901
207236, 57901
215697, 57901
216417, 57901
228221, 57901
231983, 57901
237415, 57901
260086, 57901
261457, 57901
263700, 57901
264709, 57901
267598, 57901
269663, 57901
270330, 57901
272993, 57901
274632, 57901
276238, 57901
278744, 57901
280372, 57901
291617, 57901
286901, 57769
83379, 57343
98398, 57343
139158, 57343
154127, 57343
125896, 57252
129059, 57252
137008, 57252
182193, 57252
249458, 57252
287836, 57252
288079, 57252
173193, 57236
173321, 57236
187156, 57236
190286, 57236
193000, 57236
200485, 57236
215478, 57236
235625, 57236
252387, 57236
293348, 57236
4211, 57123
86198, 57123
110975, 57123
122682, 57123
158196, 57123
198775, 57123
209977, 57123
214376, 57123
217256, 57123
220998, 57123
245121, 57123
251148, 57123
257333, 57123
281448, 57123
282122, 57123
292899, 57123
110770, 56437
119902, 56437
127291, 56437
132543, 56437
135087, 56437
144463, 56437
155989, 56437
160365, 56437
167677, 56437
187305, 56437
196771, 56437
201964, 56437
211237, 56437
211720, 56437
220512, 56437
231009, 56437
236511, 56437
243074, 56437
245005, 56437
252656, 56437
266181, 56437
268326, 56437
270259, 56437
272350, 56437
282690, 56437
282703, 56437
283932, 56437
287396, 56437
9190, 56177
94830, 56177
47591, 56134
244316, 55980
257284, 55980
167087, 55918
195446, 55918
177382, 55782
123441, 55610
142068, 55610
166147, 55610
191856, 55610
202330, 55610
210341, 55610
133574, 55412
145648, 55412
170532, 55412
199533, 55412
207469, 55412
214765, 55412
224308, 55412
268689, 55412
60274, 55125
78398, 55125
84898, 55125
86394, 55125
93963, 55125
189683, 55125
8004, 55058
196585, 54900
109529, 54469
101907, 54261
182552, 54261
216077, 54261
224572, 54261
242660, 54261
222669, 54038
228421, 54038
237359, 54038
241657, 54038
251711, 54038
275389, 54038
64707, 54019
87324, 54019
117233, 54019
163987, 54019
72077, 53961
115799, 53961
126922, 53961
142094, 53961
243811, 53961
93878, 53765
122906, 53765
144842, 53765
153858, 53765
166187, 53765
169274, 53765
204631, 53765
210101, 53765
219723, 53765
244919, 53765
256957, 53765
260998, 53765
279790, 53765
291019, 53765
118351, 53037
158140, 53037
235735, 53037
279127, 53037
56345, 52816
57673, 52816
77603, 52816
137503, 52816
58332, 52315
112041, 52315
149684, 52315
1839, 52185
260740, 52178
207093, 51394
248995, 51394
286487, 51394
113892, 51012
115381, 51012
170692, 51012
181799, 51012
182539, 51012
192339, 51012
231954, 51012
245004, 51012
294459, 51012
295504, 51012
249427, 50530
105558, 49640
115071, 49640
142162, 49640
148552, 49640
199746, 49640
206240, 49640
213658, 49640
266130, 49640
267275, 49640
274816, 49640
291461, 49640
77144, 49345
167327, 49345
178014, 49345
267697, 49345
290862, 49345
12168, 48752
19139, 48752
58046, 48752
136021, 48752
142473, 48752
155988, 48752
218262, 48752
226203, 48752
237909, 48752
274957, 48752
278290, 48752
289676, 48752
290473, 48752
99328, 48094
52172, 47732
72022, 47732
74552, 47732
81314, 47732
107753, 47732
200604, 47732
233665, 47732
246164, 47732
296327, 47732
256516, 47429
88853, 47384
281611, 47122
53841, 46850
179664, 46545
190894, 46545
103021, 46463
14989, 46410
48811, 46410
62740, 46410
63426, 46410
82597, 46410
84434, 46410
87800, 46410
89811, 46410
98779, 46410
103643, 46410
111944, 46410
114243, 46410
129009, 46410
137039, 46410
149051, 46410
151406, 46410
152298, 46410
155344, 46410
159042, 46410
161973, 46410
163302, 46410
165411, 46410
168421, 46410
171446, 46410
175495, 46410
177027, 46410
182438, 46410
183923, 46410
186196, 46410
186844, 46410
187235, 46410
188027, 46410
192894, 46410
198794, 46410
201070, 46410
201933, 46410
204964, 46410
211282, 46410
211468, 46410
219193, 46410
227833, 46410
242201, 46410
247051, 46410
252798, 46410
253548, 46410
253579, 46410
277083, 46410
277986, 46410
280000, 46410
287948, 46410
289369, 46410
292837, 46410
293465, 46410
84502, 46224
95954, 46224
140328, 46224
242230, 46224
245954, 46224
173, 45788
1082, 45719
296076, 45646
8215, 45450
18404, 45450
78296, 45450
104121, 45450
120812, 45450
134218, 45450
143801, 45450
151138, 45450
161669, 45450
165109, 45450
186057, 45450
208303, 45450
223781, 45450
241713, 45450
244241, 45450
249613, 45450
253391, 45450
262168, 45450
270801, 45450
270980, 45450
279536, 45450
282368, 45450
282465, 45450
285449, 45450
285547, 45450
288144, 45450
293803, 45450
294572, 45450
94676, 45101
120292, 45101
185131, 45101
12198, 44683
67249, 44142
226909, 44088
7838, 43743
65379, 43743
79691, 43743
109936, 43743
145313, 43743
294247, 43086
23957, 43057
51546, 42999
99357, 42999
189306, 42999
206074, 42999
280978, 42999
88503, 42877
193710, 42819
66615, 42215
185578, 42122
9609, 41176
45824, 41176
48662, 41176
53135, 41176
82058, 41176
83477, 41176
88445, 41176
94734, 41176
100629, 41176
103671, 41176
111935, 41176
115320, 41176
116613, 41176
118355, 41176
127575, 41176
148466, 41176
150743, 41176
155484, 41176
172324, 41176
173022, 41176
176630, 41176
179526, 41176
182774, 41176
182943, 41176
185451, 41176
189429, 41176
195051, 41176
200307, 41176
200597, 41176
202809, 41176
206985, 41176
211146, 41176
222223, 41176
222489, 41176
224379, 41176
225930, 41176
241782, 41176
244302, 41176
252066, 41176
255402, 41176
262204, 41176
271742, 41176
271874, 41176
272974, 41176
273462, 41176
285375, 41176
294269, 41176
295167, 41176
295361, 41176
73901, 41055
76322, 41055
80936, 41055
95833, 41055
99635, 41055
106574, 41055
110467, 41055
114155, 41055
116763, 41055
117905, 41055
119906, 41055
121180, 41055
125636, 41055
129892, 41055
132592, 41055
137894, 41055
141559, 41055
142463, 41055
142524, 41055
149530, 41055
156615, 41055
159107, 41055
168986, 41055
180799, 41055
183009, 41055
183313, 41055
185331, 41055
189415, 41055
196614, 41055
199810, 41055
202368, 41055
206846, 41055
208496, 41055
209730, 41055
213373, 41055
215063, 41055
218549, 41055
224303, 41055
225576, 41055
227999, 41055
232507, 41055
246848, 41055
247415, 41055
253863, 41055
267287, 41055
269650, 41055
278627, 41055
286282, 41055
292343, 41055
294185, 41055
295480, 41055
295595, 41055
13796, 40974
66251, 40974
108555, 40974
113906, 40974
145606, 40974
149890, 40974
157285, 40974
178369, 40974
186935, 40974
200535, 40974
202655, 40974
223816, 40974
230767, 40974
231481, 40974
231852, 40974
264720, 40974
272678, 40974
285415, 40974
293330, 40974
81988, 40275
161849, 40275
165894, 40275
168376, 40275
261612, 40275
262857, 40275
38000, 39938
94205, 39938
98406, 39938
111058, 39580
233211, 39580
97308, 37569
102773, 37569
30155, 37563
47964, 35854
120159, 35422
196923, 35422
236365, 35422
250672, 35422
262898, 35422
154746, 34045
73902, 33120
234321, 33001
13120, 32910
63216, 32910
87918, 32910
111034, 32910
128134, 32910
150866, 32910
160123, 32910
165299, 32910
167013, 32910
174084, 32910
209254, 32910
211275, 32910
212616, 32910
216358, 32910
228326, 32910
228516, 32910
233918, 32910
239261, 32910
246503, 32910
247044, 32910
261061, 32910
263424, 32910
264887, 32910
271521, 32910
291339, 32910
82875, 31887
187126, 31887
197717, 31887
203613, 31887
242297, 31887
268674, 31887
273808, 31887
181545, 31720
1780, 31437
35444, 31437
58680, 31437
84859, 31437
92158, 31437
109747, 31437
112762, 31437
121946, 31437
123520, 31437
124812, 31437
128744, 31437
134613, 31437
134866, 31437
145615, 31437
146430, 31437
149440, 31437
149691, 31437
156097, 31437
159569, 31437
167085, 31437
167111, 31437
168397, 31437
172108, 31437
172869, 31437
176463, 31437
180658, 31437
181190, 31437
181528, 31437
185273, 31437
186544, 31437
187081, 31437
189717, 31437
195731, 31437
196623, 31437
197386, 31437
200897, 31437
201696, 31437
203706, 31437
203784, 31437
205145, 31437
207988, 31437
208831, 31437
208876, 31437
211791, 31437
212709, 31437
223842, 31437
226375, 31437
226437, 31437
226625, 31437
226864, 31437
228922, 31437
230084, 31437
230844, 31437
232632, 31437
238785, 31437
238823, 31437
239362, 31437
242602, 31437
246961, 31437
247335, 31437
251047, 31437
256186, 31437
258427, 31437
264854, 31437
265530, 31437
266414, 31437
268249, 31437
269060, 31437
270034, 31437
271816, 31437
276295, 31437
277926, 31437
282517, 31437
285309, 31437
291947, 31437
52627, 30623
53926, 30623
105570, 30623
182023, 30623
193022, 30623
199860, 30623
295905, 30623
20235, 28710
29564, 28710
32678, 28710
45515, 28710
59603, 28710
68378, 28710
79906, 28710
87554, 28710
88633, 28710
143486, 28710
130871, 26120
238362, 26120
260918, 26120
260471, 25079
90939, 24954
95234, 24954
99466, 24954
128694, 24954
144980, 24954
161905, 24954
165603, 24954
186231, 24954
250741, 24954
291408, 24954
205357, 24856
126870, 24824
278156, 24608
22648, 24568
138924, 23939
151110, 23939
191579, 23939
195422, 23939
285873, 23939
90221, 23601
118988, 23579
247556, 23579
54536, 23519
63179, 23519
107521, 23519
115409, 23519
117933, 23519
124513, 23519
129367, 23519
129746, 23519
131097, 23519
134986, 23519
137786, 23519
147671, 23519
147850, 23519
149507, 23519
153866, 23519
157844, 23519
165271, 23519
166394, 23519
169231, 23519
169377, 23519
171411, 23519
173854, 23519
174767, 23519
180338, 23519
183551, 23519
185356, 23519
185905, 23519
191667, 23519
193281, 23519
196064, 23519
196270, 23519
198754, 23519
199991, 23519
205742, 23519
209252, 23519
210778, 23519
210894, 23519
216210, 23519
222922, 23519
223379, 23519
225209, 23519
225283, 23519
225402, 23519
225473, 23519
231027, 23519
231889, 23519
234610, 23519
239110, 23519
240389, 23519
240749, 23519
241516, 23519
243311, 23519
244342, 23519
246060, 23519
247377, 23519
249302, 23519
251580, 23519
254057, 23519
258809, 23519
259849, 23519
261222, 23519
262010, 23519
263414, 23519
264546, 23519
271673, 23519
273954, 23519
282151, 23519
291445, 23519
294279, 23519
296592, 23519
86188, 22854
92317, 22854
108584, 22854
116415, 22854
122945, 22854
136963, 22854
137487, 22854
171917, 22854
172377, 22854
179401, 22854
215114, 22854
212308, 22787
115336, 22291
158062, 22291
167069, 22291
175730, 22291
208601, 22291
216923, 22291
261593, 22291
283099, 22291
171541, 21832
203464, 21784
79254, 21627
83884, 21627
33731, 21330
46891, 21330
55045, 21330
71728, 21330
78425, 21330
205287, 21282
131898, 21188
41389, 20995
58933, 20995
62346, 20995
78443, 20995
82923, 20995
91299, 20995
93114, 20995
94564, 20995
96287, 20995
106048, 20995
108498, 20995
110798, 20995
114190, 20995
115329, 20995
117402, 20995
121623, 20995
123894, 20995
124890, 20995
127804, 20995
130663, 20995
131378, 20995
133384, 20995
137003, 20995
137234, 20995
137753, 20995
141681, 20995
143017, 20995
144061, 20995
147081, 20995
148138, 20995
151164, 20995
153975, 20995
154331, 20995
154821, 20995
156732, 20995
159533, 20995
160857, 20995
164797, 20995
166785, 20995
167857, 20995
168998, 20995
169961, 20995
170432, 20995
173845, 20995
174605, 20995
178183, 20995
178695, 20995
179440, 20995
182789, 20995
183936, 20995
184278, 20995
186310, 20995
186377, 20995
188618, 20995
190827, 20995
197872, 20995
205265, 20995
205442, 20995
207277, 20995
212277, 20995
213575, 20995
217979, 20995
219063, 20995
219067, 20995
221885, 20995
235180, 20995
236120, 20995
242433, 20995
245782, 20995
250258, 20995
252225, 20995
252862, 20995
253392, 20995
257418, 20995
270659, 20995
279442, 20995
280428, 20995
282181, 20995
285771, 20995
288883, 20995
289685, 20995
293636, 20995
294875, 20995
48793, 20551
53992, 20551
63757, 20551
70927, 20551
76335, 20551
77152, 20551
80184, 20551
80478, 20551
88610, 20551
91871, 20551
93538, 20551
95228, 20551
95760, 20551
101226, 20551
101291, 20551
108966, 20551
109709, 20551
114350, 20551
115516, 20551
118260, 20551
128542, 20551
129712, 20551
134390, 20551
135174, 20551
139676, 20551
140210, 20551
140259, 20551
142825, 20551
145928, 20551
149605, 20551
149612, 20551
152112, 20551
153023, 20551
158821, 20551
158975, 20551
167739, 20551
168425, 20551
175517, 20551
179949, 20551
191881, 20551
193549, 20551
214253, 20551
214603, 20551
245779, 20551
292615, 20551
37360, 19491
46764, 19491
59914, 19491
66420, 19491
67009, 19491
82867, 19491
90595, 19491
108682, 19491
128209, 19491
203708, 19227
74374, 18983
86342, 18983
104331, 18983
118263, 18983
130918, 18983
151909, 18983
178924, 18983
188929, 18983
208510, 18983
220494, 18983
243795, 18983
253558, 18983
209817, 18925
239221, 18925
276101, 18925
37590, 18731
73046, 18638
82331, 18638
84396, 18638
94432, 18638
100496, 18638
101215, 18638
112626, 18638
115921, 18638
140667, 18638
163596, 18638
167408, 18638
258467, 18638
267726, 18638
28161, 18396
58794, 17794
61556, 17794
61902, 17794
64184, 17794
77458, 17794
78058, 17794
83964, 17794
85778, 17794
87648, 17794
103807, 17794
135404, 17794
153626, 17794
123100, 16665
41648, 16439
92943, 16439
107496, 16439
120810, 16439
223790, 16439
226042, 16439
140100, 16034
56187, 15725
59350, 15725
74520, 15725
80323, 15725
80969, 15725
81874, 15725
91856, 15725
92417, 15725
100631, 15725
115666, 15725
152848, 15725
286937, 15725
77238, 15297
235950, 15297
157673, 15103
272480, 14867
129462, 14804
101405, 14168
74831, 13448
180860, 13415
107563, 11800
92275, 3164
132285, 3164
247422, 3164
18280, 3104
125256, 3104
211461, 3104
127122, 3087
196096, 3087
83676, 3086
88701, 3086
92064, 3086
97499, 3086
207745, 3086
219802, 3086
233130, 3086
251158, 3086
263278, 3086
288254, 3086
2886, 3076
8779, 3076
11390, 3076
17042, 3076
36005, 3076
57814, 3076
75838, 3076
99566, 3076
105207, 3076
118552, 3076
122486, 3076
139297, 3076
195091, 3076
196506, 3076
198038, 3076
199325, 3076
219209, 3076
236423, 3076
241673, 3076
244556, 3076
250925, 3076
256847, 3076
260639, 3076
269987, 3076
270882, 3076
274676, 3076
275342, 3076
282844, 3076
293846, 3076
16737, 3068
18773, 3068
39172, 3068
45700, 3068
49155, 3068
51909, 3068
120084, 3068
122259, 3068
122370, 3068
129686, 3068
132861, 3068
164856, 3068
197301, 3068
199146, 3068
238516, 3068
242732, 3068
247318, 3068
262747, 3068
269475, 3068
285125, 3068
292861, 3068
296487, 3068
7003, 3039
35947, 3039
82254, 3039
96010, 3039
121003, 3039
125139, 3039
196276, 3039
104408, 3037
135689, 3037
16704, 3006
103849, 2996
115705, 2996
11806, 2982
64236, 2982
159306, 2982
7768, 2965
31421, 2965
37599, 2965
58722, 2965
72126, 2965
76962, 2965
80640, 2965
85980, 2965
90497, 2965
92582, 2965
103802, 2965
115843, 2965
115888, 2965
119247, 2965
134295, 2965
135430, 2965
139553, 2965
140827, 2965
142689, 2965
144807, 2965
146254, 2965
148645, 2965
152535, 2965
161498, 2965
163996, 2965
164283, 2965
171182, 2965
177772, 2965
181231, 2965
182532, 2965
190048, 2965
206801, 2965
211615, 2965
213673, 2965
216865, 2965
220794, 2965
223711, 2965
224615, 2965
224986, 2965
227702, 2965
229767, 2965
230402, 2965
232069, 2965
232683, 2965
233690, 2965
234607, 2965
239678, 2965
240274, 2965
242937, 2965
243993, 2965
254672, 2965
255170, 2965
258551, 2965
266281, 2965
269658, 2965
269896, 2965
272150, 2965
273920, 2965
275141, 2965
275158, 2965
276793, 2965
277561, 2965
279939, 2965
280225, 2965
288563, 2965
138987, 2963
218507, 2963
13134, 2949
68758, 2949
81035, 2949
160044, 2949
185547, 2949
231585, 2949
42295, 2948
117891, 2948
121088, 2948
131934, 2948
143511, 2948
148247, 2948
153936, 2948
187713, 2948
219406, 2948
238948, 2948
22305, 2945
24993, 2945
30096, 2945
57521, 2945
72639, 2945
84755, 2945
87630, 2945
88535, 2945
91349, 2945
99165, 2945
105962, 2945
117555, 2945
121162, 2945
130590, 2945
134838, 2945
135317, 2945
148895, 2945
162019, 2945
165163, 2945
179891, 2945
206860, 2945
221562, 2945
237118, 2945
275722, 2945
260100, 2928
124439, 2927
222761, 2924
248085, 2924
290399, 2924
36310, 2920
60584, 2920
81019, 2920
83621, 2920
90876, 2920
98359, 2920
98891, 2920
112013, 2920
150892, 2920
166536, 2920
188710, 2920
234381, 2920
90068, 2911
146201, 2911
154973, 2911
214151, 2911
230583, 2911
236377, 2911
242472, 2911
245691, 2911
256367, 2911
283167, 2911
284977, 2911
290800, 2911
292068, 2911
95905, 2908
141290, 2908
157686, 2908
164084, 2908
170241, 2908
178560, 2908
183305, 2908
206070, 2908
219874, 2908
241770, 2908
111011, 2906
12437, 2900
20866, 2900
32320, 2900
38099, 2900
72435, 2900
74734, 2900
78653, 2900
81429, 2900
84668, 2900
92818, 2900
100957, 2900
105218, 2900
107099, 2900
125170, 2900
129167, 2900
133213, 2900
135335, 2900
142851, 2900
146590, 2900
148429, 2900
152746, 2900
170282, 2900
177469, 2900
178852, 2900
189295, 2900
195562, 2900
229410, 2900
237136, 2900
237144, 2900
241844, 2900
244192, 2900
262374, 2900
266718, 2900
278441, 2900
280439, 2900
284849, 2900
295329, 2900
117643, 2887
136618, 2887
15659, 2885
41079, 2885
151015, 2885
14748, 2882
124763, 2882
285113, 2879
47432, 2870
133909, 2870
241981, 2870
31389, 2869
92696, 2869
115906, 2869
146567, 2869
201437, 2869
128631, 2853
132848, 2853
153916, 2853
174113, 2853
206104, 2853
210985, 2853
221317, 2853
227430, 2853
228602, 2853
238355, 2853
238698, 2853
244920, 2853
252941, 2853
256438, 2853
257727, 2853
270577, 2853
281393, 2853
282007, 2853
285224, 2853
290678, 2853
291376, 2853
293806, 2853
294184, 2853
9295, 2842
9869, 2842
32901, 2842
130810, 2824
23671, 2816
44950, 2816
116881, 2816
133474, 2816
176994, 2816
137552, 2810
28001, 2808
79810, 2808
267521, 2808
289014, 2808
170008, 2805
14705, 2801
46468, 2794
141437, 2794
245227, 2794
258425, 2794
289601, 2794
45337, 2789
180767, 2789
284782, 2789
155706, 2786
238306, 2786
102475, 2777
143035, 2777
187049, 2777
10732, 2764
129485, 2758
284054, 2756
56241, 2750
73958, 2748
114744, 2742
148981, 2742
168744, 2742
179085, 2742
182286, 2742
185611, 2742
288843, 2742
14082, 2741
53441, 2741
29314, 2740
223959, 2740
146911, 2739
289832, 2739
185900, 2737
276802, 2737
49047, 2730
75226, 2727
60622, 2726
98626, 2726
226497, 2726
206568, 2724
11009, 2719
11050, 2719
11971, 2719
13963, 2719
18946, 2719
20000, 2719
30609, 2719
69994, 2719
85732, 2719
87807, 2719
126315, 2719
241470, 2719
278366, 2719
295319, 2719
69840, 2716
99181, 2714
199260, 2714
206284, 2714
279925, 2714
227177, 2710
284812, 2710
163766, 2707
23265, 2700
78990, 2700
91285, 2700
289681, 2700
49822, 2684
172149, 2684
175081, 2684
231047, 2684
264894, 2684
276409, 2684
29002, 2682
107974, 2682
183667, 2682
277608, 2682
294422, 2682
77669, 2677
154126, 2670
287776, 2662
195547, 2660
266464, 2660
68859, 2646
104474, 2646
264402, 2645
64905, 2643
112440, 2643
229328, 2643
257443, 2643
25442, 2642
35217, 2642
222498, 2642
266458, 2642
108488, 2637
253417, 2633
28633, 2631
90229, 2631
134355, 2631
191658, 2631
194288, 2631
235931, 2631
282555, 2631
51783, 2630
90717, 2628
69394, 2622
104122, 2622
251420, 2617
51351, 2611
283894, 2611
11143, 2608
258357, 2608
104913, 2607
176744, 2607
235364, 2607
97853, 2599
291654, 2599
175675, 2592
150851, 2585
121221, 2584
189184, 2584
199173, 2584
283586, 2582
19584, 2579
122435, 2572
242285, 2572
198416, 2562
198508, 2562
261986, 2562
150146, 2561
173460, 2561
145457, 2558
218249, 2558
117980, 2557
182659, 2557
204873, 2557
244617, 2557
281488, 2557
282076, 2557
11248, 2553
28549, 2553
46821, 2553
166141, 2553
167927, 2553
183556, 2553
244353, 2553
127199, 2543
144244, 2534
232051, 2521
254067, 2521
113223, 2520
173574, 2517
224856, 2517
104487, 2516
106493, 2509
31842, 2508
138819, 2508
155962, 2508
244567, 2508
250117, 2508
146206, 2506
172933, 2506
197915, 2506
291378, 2506
166500, 2501
242672, 2501
228175, 2498
61116, 2492
232462, 2492
253857, 2492
73571, 2491
148206, 2491
245419, 2491
143232, 2481
137196, 2480
132868, 2478
44916, 2476
116871, 2474
10532, 2473
178529, 2473
42136, 2463
74171, 2463
231026, 2463
268516, 2463
110246, 2462
112739, 2462
177896, 2452
282899, 2452
287404, 2452
245236, 2439
251561, 2439
248352, 2438
45089, 2435
57419, 2435
103511, 2435
132623, 2435
138170, 2435
157894, 2435
274637, 2435
82703, 2432
288960, 2432
120070, 2431
294110, 2429
5880, 2426
9588, 2426
48204, 2426
80671, 2426
92910, 2426
113509, 2426
122392, 2426
179904, 2426
188538, 2426
201253, 2426
210917, 2426
249065, 2426
214862, 2425
228787, 2425
231660, 2425
258487, 2425
101887, 2422
165027, 2422
172562, 2422
234138, 2422
210604, 2417
68958, 2413
140825, 2413
98599, 2411
102319, 2411
112761, 2411
119379, 2411
135477, 2411
162068, 2411
191776, 2411
192523, 2411
246965, 2411
4704, 2406
102541, 2406
111289, 2406
180772, 2398
184827, 2398
214431, 2398
242264, 2398
245852, 2398
254866, 2398
261878, 2398
82865, 2396
73249, 2390
12002, 2389
24687, 2389
39445, 2389
95790, 2386
124127, 2386
213213, 2386
244023, 2386
269880, 2386
277585, 2386
29865, 2383
66917, 2383
106770, 2383
154800, 2383
202700, 2381
225464, 2381
268318, 2381
96919, 2380
20515, 2378
41095, 2377
98571, 2377
239237, 2377
120878, 2375
235228, 2375
21118, 2372
44434, 2372
60972, 2372
83607, 2372
171086, 2372
188063, 2372
204262, 2372
207245, 2372
225656, 2372
227627, 2372
227983, 2372
88537, 2365
223349, 2365
78408, 2364
131250, 2361
131857, 2361
123390, 2356
255195, 2356
112779, 2353
33003, 2352
239983, 2352
76567, 2351
109367, 2351
125821, 2351
145708, 2351
148221, 2351
171623, 2351
183878, 2351
186209, 2351
189669, 2351
192027, 2351
235713, 2351
266807, 2351
274805, 2351
279643, 2351
290025, 2351
114881, 2349
191257, 2347
162119, 2346
63166, 2341
94630, 2341
120189, 2341
136375, 2341
153886, 2341
193981, 2341
263411, 2341
272371, 2341
59319, 2338
97441, 2338
232644, 2337
3408, 2335
132839, 2335
251732, 2325
26638, 2321
41478, 2321
53197, 2321
107582, 2321
130633, 2321
133381, 2321
143817, 2321
148425, 2321
151046, 2321
216591, 2321
251623, 2321
32429, 2319
62699, 2319
62831, 2319
66668, 2319
69637, 2319
134806, 2319
145657, 2319
174270, 2319
204739, 2319
32537, 2303
227104, 2303
10049, 2295
135412, 2295
142410, 2295
50789, 2294
54682, 2294
55727, 2294
56852, 2294
57957, 2294
58044, 2294
66381, 2294
68921, 2294
77926, 2294
80745, 2294
82153, 2294
88120, 2294
102179, 2294
113229, 2294
118271, 2294
119891, 2294
124632, 2294
125130, 2294
132427, 2294
144541, 2294
192983, 2294
206790, 2294
266857, 2294
276365, 2294
284089, 2294
158335, 2288
233170, 2280
260048, 2275
209550, 2272
157857, 2269
193199, 2268
205635, 2268
125922, 2265
134743, 2265
174158, 2265
187751, 2265
232426, 2265
115112, 2261
137303, 2261
161344, 2261
177139, 2261
17903, 2254
29083, 2254
56216, 2254
57672, 2254
81812, 2254
89660, 2254
94980, 2254
109373, 2254
120015, 2254
155764, 2254
170210, 2254
184067, 2254
205853, 2254
229489, 2254
235557, 2254
62623, 2251
6016, 2250
55455, 2250
91027, 2250
109093, 2250
110567, 2250
119524, 2250
202898, 2249
64854, 2248
173828, 2248
9991, 2245
43522, 2240
83393, 2237
176607, 2237
178979, 2237
201386, 2237
215213, 2237
36967, 2236
64094, 2236
71462, 2236
85995, 2236
92679, 2236
93362, 2236
95083, 2236
97511, 2236
97549, 2236
105865, 2236
119174, 2236
128706, 2236
145462, 2236
163184, 2236
188058, 2236
195658, 2236
205242, 2236
209769, 2236
211575, 2236
212748, 2236
239961, 2236
260103, 2236
292398, 2234
32976, 2228
34112, 2228
36576, 2228
100763, 2228
232851, 2225
33640, 2214
38696, 2214
74963, 2214
94886, 2214
100663, 2214
103319, 2214
169945, 2214
195963, 2214
163175, 2211
87523, 2207
123936, 2207
131691, 2207
153171, 2200
31975, 2192
37676, 2192
39227, 2192
76689, 2192
79245, 2192
126323, 2192
179795, 2192
189997, 2192
209687, 2192
244171, 2192
248066, 2192
272178, 2192
50485, 2190
60886, 2190
108950, 2190
113164, 2190
14426, 2189
36563, 2189
93628, 2189
93859, 2189
109816, 2189
134752, 2189
145508, 2189
158248, 2189
247791, 2189
254288, 2189
19433, 2187
40471, 2185
40786, 2185
71024, 2185
77905, 2185
97489, 2185
105145, 2185
177398, 2185
260047, 2185
81662, 2183
102606, 2176
191414, 2176
160947, 2170
66009, 2167
208523, 2166
48516, 2158
27844, 2154
51866, 2154
58417, 2154
143660, 2154
203158, 2154
41826, 2149
69016, 2149
85841, 2149
165230, 2146
5143, 2144
16759, 2144
73908, 2144
138380, 2139
117729, 2138
92757, 2128
193461, 2128
73835, 2117
255916, 2113
260563, 2113
114623, 2110
123809, 2110
124633, 2110
129786, 2110
43537, 2106
173403, 2097
80678, 2093
168835, 2093
7856, 2087
69833, 2081
194670, 2081
167056, 2076
28404, 2072
133044, 2072
48757, 2069
90391, 2069
130366, 2069
190879, 2069
197823, 2069
242899, 2069
251581, 2069
295208, 2069
45238, 2065
123091, 2065
151698, 2065
245858, 2063
38597, 2057
59805, 2057
61683, 2057
61861, 2057
223116, 2042
268578, 2042
78918, 2035
84418, 2030
235136, 2030
39133, 2028
255976, 2026
263368, 2026
278497, 2023
245009, 2021
26063, 2016
290057, 2016
266836, 2011
68355, 2000
176263, 1996
153190, 1985
178123, 1985
230473, 1982
93999, 1981
61107, 1980
87141, 1980
189834, 1980
237695, 1980
181069, 1975
35421, 1974
92279, 1974
231568, 1974
206743, 1967
40613, 1965
27713, 1959
167153, 1957
249912, 1953
14029, 1952
42143, 1952
42631, 1952
60659, 1952
165761, 1947
199558, 1941
42791, 1922
139166, 1922
142985, 1922
145291, 1922
210596, 1920
34410, 1919
211492, 1917
52894, 1904
185992, 1904
87578, 1896
62315, 1891
5000, 1883
167611, 1883
107031, 1863
112311, 1863
153130, 1863
154763, 1863
182235, 1863
224028, 1863
94815, 1861
52300, 1847
149732, 1845
84075, 1841
114746, 1837
288532, 1837
56874, 1831
79576, 1825
87810, 1825
96070, 1825
101837, 1825
121490, 1825
144163, 1825
209721, 1825
225355, 1825
83759, 1820
94490, 1820
98233, 1820
104748, 1820
120721, 1820
123283, 1820
140932, 1820
153351, 1820
156090, 1820
178576, 1820
210635, 1820
227360, 1820
287549, 1820
156051, 1819
62690, 1816
187719, 1808
274880, 1808
113741, 1806
252545, 1798
276356, 1798
78789, 1796
105243, 1793
45548, 1789
97378, 1789
210556, 1775
69900, 1769
91116, 1762
273826, 1762
15583, 1746
185410, 1733
7039, 1732
165196, 1732
213653, 1732
96152, 1723
167506, 1723
103129, 1722
137739, 1694
151482, 1694
164877, 1694
114938, 1691
169859, 1691
244988, 1691
41369, 1680
99942, 1680
101194, 1680
114094, 1680
129994, 1680
250160, 1680
73117, 1677
49624, 1673
46103, 1666
95069, 1666
95851, 1666
243938, 1659
283661, 1651
100625, 1647
103018, 1647
155020, 1647
184553, 1647
200703, 1647
212443, 1647
213160, 1647
217363, 1647
243725, 1647
257081, 1647
272749, 1647
293155, 1647
152541, 1636
169230, 1636
226685, 1636
250527, 1636
282877, 1636
288785, 1636
295000, 1636
39526, 1629
41934, 1629
66730, 1629
99995, 1629
106874, 1629
127393, 1629
129840, 1629
145592, 1629
182681, 1629
187165, 1629
187763, 1629
188371, 1629
189584, 1629
190502, 1629
196216, 1629
198781, 1629
203505, 1629
207240, 1629
207873, 1629
219286, 1629
241477, 1629
263523, 1629
293387, 1629
101163, 1628
108890, 1628
203776, 1628
214296, 1628
221090, 1628
234821, 1628
236025, 1628
257440, 1628
278163, 1628
296159, 1628
206072, 1624
207990, 1624
209874, 1624
232277, 1624
278721, 1624
142279, 1615
231463, 1609
257719, 1609
37132, 1608
102848, 1608
111811, 1608
293931, 1608
45983, 1606
51107, 1603
157373, 1603
184820, 1603
34326, 1601
48721, 1601
114584, 1601
267993, 1601
102436, 1600
104055, 1600
111453, 1600
157691, 1600
195355, 1600
198257, 1600
208258, 1600
209005, 1600
216897, 1600
245285, 1600
271651, 1600
276876, 1600
280907, 1600
287386, 1600
50018, 1597
148285, 1597
188822, 1597
238606, 1597
288146, 1597
98073, 1596
107261, 1596
117337, 1596
156425, 1596
174285, 1596
183059, 1596
192929, 1596
216523, 1596
226049, 1596
131406, 1593
131754, 1593
139501, 1593
90648, 1590
155230, 1590
184035, 1590
184906, 1590
210963, 1590
215052, 1590
286184, 1590
177721, 1588
214848, 1588
241204, 1588
210374, 1587
116529, 1584
125531, 1584
133958, 1584
145744, 1584
147777, 1584
175151, 1584
197478, 1584
228564, 1584
237176, 1584
240656, 1584
269193, 1584
269997, 1584
273715, 1584
275204, 1584
279019, 1584
287153, 1584
292324, 1584
292369, 1584
82625, 1581
131417, 1581
223809, 1581
257645, 1581
291982, 1581
75171, 1580
94057, 1580
106696, 1580
132799, 1580
138677, 1580
148932, 1580
153061, 1580
186177, 1580
196121, 1580
199861, 1580
217351, 1580
254943, 1580
121550, 1579
133650, 1579
145999, 1579
150135, 1579
161901, 1579
213744, 1579
215203, 1579
231551, 1579
246732, 1579
156986, 1578
188927, 1578
202895, 1578
218637, 1578
149069, 1576
191288, 1576
221439, 1576
280212, 1576
93879, 1571
94428, 1571
97696, 1571
116913, 1571
117489, 1571
122487, 1571
132140, 1571
176993, 1571
178859, 1571
185995, 1571
188941, 1571
190776, 1571
223054, 1571
253335, 1571
6878, 1568
95871, 1568
201348, 1568
102007, 1567
169456, 1567
189013, 1567
199784, 1567
203552, 1567
215652, 1567
246833, 1567
263355, 1567
286093, 1567
296408, 1567
123408, 1563
139141, 1563
147362, 1563
151343, 1563
162943, 1563
169632, 1563
187872, 1563
189893, 1563
236700, 1563
267258, 1563
73730, 1561
85618, 1561
148086, 1561
197357, 1561
200842, 1561
215033, 1561
56989, 1558
133752, 1558
84470, 1553
183264, 1551
112337, 1550
149475, 1550
259704, 1550
288826, 1550
48874, 1545
55153, 1545
74504, 1545
79171, 1545
83140, 1545
103515, 1545
106282, 1545
111290, 1545
113280, 1545
113834, 1545
126796, 1545
148829, 1545
150314, 1545
158018, 1545
179576, 1545
193228, 1545
221602, 1545
247054, 1545
271887, 1545
287880, 1545
177434, 1540
74538, 1538
270845, 1538
287619, 1538
145219, 1535
279781, 1534
72579, 1531
51374, 1530
156824, 1530
166987, 1530
178467, 1530
16373, 1529
90848, 1529
162087, 1529
166287, 1529
179525, 1529
223850, 1526
236838, 1526
271629, 1526
119941, 1525
137908, 1525
8649, 1524
13511, 1524
43256, 1523
68144, 1523
150144, 1523
174322, 1523
176049, 1523
179363, 1523
194089, 1523
212356, 1523
221546, 1523
249032, 1523
276865, 1523
19429, 1521
66281, 1520
89244, 1520
125281, 1520
128700, 1520
137977, 1520
138451, 1520
141884, 1520
159643, 1520
160008, 1520
167131, 1520
183409, 1520
197670, 1520
211420, 1520
231595, 1520
261172, 1520
26233, 1518
110620, 1518
118750, 1518
119849, 1518
135488, 1518
225365, 1518
282669, 1518
294341, 1518
77284, 1517
119666, 1517
160523, 1517
204815, 1517
215722, 1517
285629, 1517
295363, 1517
71778, 1515
96972, 1515
140587, 1515
154041, 1515
156520, 1515
182287, 1515
182841, 1515
190314, 1515
190336, 1515
236071, 1515
237522, 1515
242397, 1515
250518, 1515
285787, 1515
127261, 1514
198758, 1514
147793, 1513
171781, 1513
235410, 1513
255624, 1513
264584, 1513
267420, 1513
284699, 1513
294869, 1513
239559, 1511
46075, 1509
111917, 1509
184199, 1509
229509, 1509
231639, 1509
274598, 1509
62412, 1507
187029, 1507
253978, 1507
293627, 1507
75522, 1503
84066, 1503
90216, 1503
108445, 1503
131083, 1503
164057, 1503
87925, 1502
145123, 1502
158264, 1502
194137, 1502
196440, 1502
228273, 1502
236951, 1502
245168, 1502
270270, 1502
246773, 1501
257626, 1501
259361, 1501
279590, 1501
293587, 1501
72036, 1499
94666, 1499
100240, 1499
141434, 1496
163927, 1496
232118, 1496
275461, 1496
186122, 1495
30661, 1490
201493, 1490
104741, 1488
156148, 1488
246606, 1488
70093, 1487
76331, 1487
77963, 1487
92622, 1487
100671, 1487
107296, 1487
122461, 1487
124571, 1487
131771, 1487
142748, 1487
152343, 1487
153707, 1487
174421, 1487
180469, 1487
184566, 1487
200135, 1487
215786, 1487
220303, 1487
234143, 1487
244282, 1487
282584, 1487
288561, 1487
56582, 1484
224987, 1484
50874, 1483
105539, 1483
107015, 1483
162378, 1483
174417, 1483
218352, 1483
279315, 1483
283596, 1483
122295, 1482
144491, 1482
70683, 1481
93610, 1481
95751, 1481
113147, 1481
119157, 1481
162771, 1481
168021, 1481
168285, 1481
201756, 1481
208187, 1481
262304, 1481
51500, 1480
91934, 1480
179811, 1480
194199, 1480
219633, 1480
289001, 1480
99073, 1477
139307, 1477
177383, 1476
182082, 1475
282296, 1475
283632, 1475
71582, 1474
78508, 1474
95654, 1474
97439, 1474
101586, 1474
108100, 1474
112459, 1474
113545, 1474
123767, 1474
129291, 1474
147964, 1474
161444, 1474
171628, 1474
205052, 1474
213644, 1474
269323, 1474
271858, 1474
283748, 1474
89646, 1473
131077, 1473
161176, 1473
162216, 1473
196741, 1473
246876, 1473
268450, 1473
81690, 1470
96963, 1470
124275, 1470
142544, 1470
195945, 1470
251743, 1470
289646, 1470
54163, 1469
56942, 1469
81965, 1469
84512, 1469
110818, 1469
149449, 1469
21845, 1466
101138, 1466
93912, 1465
101052, 1465
140857, 1465
151342, 1465
171687, 1465
182501, 1465
193581, 1465
285223, 1465
112931, 1463
150903, 1463
222704, 1463
292933, 1463
102523, 1461
128166, 1461
268520, 1461
211944, 1460
224372, 1460
53647, 1459
147517, 1459
185098, 1459
192319, 1459
217402, 1459
227777, 1458
102393, 1455
279914, 1453
125392, 1451
161057, 1451
188723, 1451
215510, 1451
230642, 1450
86218, 1449
177229, 1449
180053, 1449
185774, 1449
88367, 1448
152437, 1448
219865, 1448
225504, 1448
261984, 1448
266249, 1448
267254, 1448
101848, 1447
253852, 1446
23326, 1445
43538, 1445
50234, 1445
60363, 1445
74981, 1445
76398, 1445
86473, 1445
86741, 1445
87094, 1445
96385, 1445
120962, 1445
139471, 1445
149545, 1445
161269, 1445
162415, 1445
190211, 1445
191172, 1445
193182, 1445
201030, 1445
201139, 1445
225095, 1445
228645, 1445
229797, 1445
237790, 1445
257069, 1445
275537, 1445
284828, 1445
291127, 1445
293749, 1445
79440, 1443
165731, 1443
285515, 1443
45430, 1440
60325, 1440
132347, 1440
177994, 1440
206527, 1440
226525, 1440
247562, 1440
211200, 1439
82159, 1438
142776, 1438
176503, 1438
182719, 1438
196277, 1438
249508, 1438
276114, 1438
93157, 1436
126745, 1436
162207, 1436
256751, 1436
260653, 1433
81476, 1430
153039, 1430
227489, 1430
231199, 1430
53594, 1429
81733, 1429
82571, 1429
83321, 1429
129057, 1429
134012, 1429
135932, 1429
142424, 1429
145515, 1429
171462, 1429
184350, 1429
216664, 1429
51659, 1428
162249, 1428
213264, 1428
227796, 1428
273224, 1428
76808, 1426
52689, 1425
229099, 1425
260304, 1424
118141, 1422
178286, 1422
206699, 1422
36241, 1421
40405, 1421
63346, 1421
89256, 1421
97656, 1421
115333, 1421
123291, 1421
160425, 1420
161293, 1420
247529, 1420
258462, 1420
263435, 1420
143848, 1419
168414, 1419
185620, 1419
251312, 1419
122222, 1417
155854, 1417
68049, 1416
93923, 1416
115777, 1416
169954, 1416
190953, 1416
193151, 1416
218211, 1416
220157, 1416
295870, 1416
114088, 1415
225816, 1415
271315, 1415
14676, 1414
103552, 1413
150173, 1413
79235, 1412
226019, 1412
269188, 1412
291343, 1411
207458, 1409
53701, 1408
59034, 1408
63083, 1408
80835, 1408
81820, 1408
91815, 1408
96569, 1408
115303, 1408
163439, 1408
167816, 1408
120136, 1407
149353, 1407
236058, 1407
241267, 1407
252130, 1407
138021, 1406
203355, 1404
222047, 1404
294636, 1401
91728, 1400
208481, 1400
35104, 1398
46222, 1398
86305, 1398
91829, 1398
97726, 1398
98058, 1398
186211, 1398
194923, 1398
232765, 1398
250243, 1398
271798, 1398
44689, 1396
77758, 1396
92249, 1396
60366, 1395
92085, 1395
109652, 1395
153268, 1395
179884, 1395
191985, 1395
215598, 1395
232649, 1395
237860, 1395
270673, 1395
86729, 1394
88921, 1394
172372, 1394
241829, 1394
288577, 1394
90638, 1393
112056, 1393
120952, 1393
139336, 1393
206994, 1393
292794, 1393
48661, 1392
246217, 1392
111203, 1391
131437, 1391
167239, 1391
188242, 1391
201478, 1391
232231, 1391
71117, 1389
92354, 1389
93490, 1389
99299, 1389
120331, 1389
146664, 1389
158775, 1389
172097, 1389
174924, 1389
199902, 1389
248163, 1389
252980, 1389
34872, 1388
51912, 1388
107415, 1388
110529, 1388
122699, 1388
125594, 1388
146083, 1388
146839, 1388
169741, 1388
174273, 1388
176975, 1388
186274, 1388
191389, 1388
199061, 1388
257028, 1388
95597, 1387
280036, 1387
43106, 1386
265222, 1386
296336, 1386
149484, 1385
93699, 1384
101240, 1384
125511, 1384
134465, 1384
188829, 1384
194745, 1384
257614, 1382
210355, 1381
281780, 1381
38570, 1380
49687, 1380
83320, 1380
91188, 1380
124337, 1380
134449, 1380
171280, 1380
191685, 1380
193043, 1380
207499, 1380
46392, 1379
59707, 1379
65009, 1379
72577, 1379
90434, 1379
144935, 1379
254448, 1379
266174, 1379
270094, 1379
120915, 1378
146392, 1378
220359, 1378
237421, 1378
38393, 1377
197057, 1377
268361, 1377
142412, 1376
83263, 1375
101659, 1375
107894, 1375
112806, 1374
144709, 1374
253041, 1374
105518, 1373
116061, 1373
70236, 1372
132038, 1372
41911, 1371
63103, 1371
84338, 1371
116477, 1371
212423, 1371
215931, 1371
236075, 1371
236359, 1371
240803, 1371
252550, 1371
262676, 1371
291079, 1371
215637, 1369
218686, 1369
232863, 1369
284281, 1369
150794, 1368
94114, 1367
123313, 1367
133373, 1367
147738, 1367
154019, 1367
173931, 1367
202028, 1367
214932, 1367
285066, 1367
124288, 1366
196966, 1366
210637, 1366
274425, 1366
130522, 1365
186449, 1365
245415, 1365
260018, 1365
285796, 1365
63772, 1364
65459, 1364
80646, 1364
92697, 1364
103265, 1364
103619, 1364
112686, 1364
117377, 1364
145962, 1364
157972, 1364
185208, 1364
242038, 1364
47349, 1362
119129, 1362
138370, 1362
72631, 1361
131432, 1361
207608, 1361
248203, 1361
129246, 1360
288875, 1360
86611, 1359
146080, 1359
171946, 1359
261143, 1359
16127, 1358
88659, 1358
100670, 1358
135354, 1358
171932, 1358
209055, 1358
228094, 1358
230674, 1358
258207, 1358
259208, 1358
262751, 1358
263124, 1358
264097, 1358
276161, 1358
285720, 1358
68082, 1357
101525, 1357
148428, 1357
237525, 1357
251984, 1355
66728, 1354
137752, 1354
237510, 1354
30750, 1353
77195, 1353
156864, 1353
261653, 1353
47289, 1352
91067, 1352
183411, 1351
251436, 1350
43721, 1349
63457, 1349
67200, 1349
113534, 1349
180757, 1349
181123, 1349
227550, 1349
227996, 1349
235006, 1349
242570, 1349
256963, 1349
132648, 1348
281774, 1348
292417, 1347
17347, 1346
58621, 1346
80442, 1346
91262, 1346
97313, 1346
108696, 1346
117630, 1346
119743, 1346
172105, 1346
172940, 1346
181750, 1346
197193, 1346
214531, 1346
214921, 1346
221032, 1346
223356, 1346
231230, 1346
257326, 1346
264496, 1346
127836, 1345
225814, 1345
244035, 1345
264407, 1345
287704, 1345
105132, 1343
84846, 1341
125099, 1341
140960, 1341
190765, 1340
206250, 1340
243167, 1340
273144, 1340
101326, 1339
177402, 1338
58846, 1337
144328, 1336
23700, 1335
75354, 1335
151335, 1335
155895, 1335
208268, 1335
212248, 1335
253909, 1335
266706, 1335
276763, 1335
291775, 1335
295745, 1335
61354, 1334
204390, 1334
47894, 1333
92558, 1333
127202, 1333
133766, 1333
158139, 1333
212660, 1333
234909, 1333
244234, 1333
50913, 1332
163171, 1332
186393, 1332
210057, 1332
214726, 1332
229972, 1332
236286, 1332
239912, 1332
252741, 1332
254718, 1332
255773, 1332
265635, 1332
137090, 1331
74807, 1330
77976, 1330
139658, 1330
74951, 1329
76634, 1329
166317, 1329
216834, 1329
279371, 1329
291363, 1329
228293, 1328
231930, 1328
35986, 1327
47477, 1327
49652, 1327
103538, 1327
125344, 1327
142898, 1327
204945, 1327
208096, 1327
62990, 1326
75894, 1326
81010, 1326
231274, 1326
149754, 1325
203478, 1325
224026, 1325
246801, 1325
48394, 1323
64742, 1323
70685, 1323
95457, 1323
109718, 1323
122834, 1323
200417, 1323
224465, 1323
9470, 1322
99278, 1322
103157, 1322
107167, 1322
184885, 1322
198767, 1322
247912, 1322
252193, 1322
262827, 1322
275154, 1322
130620, 1321
136228, 1321
160998, 1321
181717, 1321
188730, 1321
225449, 1321
241674, 1321
65720, 1320
91677, 1320
203680, 1320
261646, 1320
162148, 1318
70352, 1317
129933, 1317
138815, 1317
142237, 1317
182337, 1317
191168, 1317
199128, 1317
229676, 1317
235393, 1317
240324, 1317
290405, 1317
83899, 1316
181888, 1316
156954, 1315
183857, 1315
234094, 1315
27078, 1314
93166, 1314
241151, 1313
20888, 1312
149900, 1312
171363, 1312
255493, 1312
14314, 1311
38814, 1311
80570, 1311
92189, 1311
114574, 1311
185140, 1311
227867, 1311
240949, 1311
262967, 1311
274693, 1311
293037, 1311
294643, 1311
253562, 1310
64001, 1309
65560, 1309
159801, 1309
281934, 1309
133803, 1308
141992, 1308
255715, 1308
104353, 1307
123539, 1307
122393, 1306
182537, 1306
244365, 1306
279308, 1306
109879, 1305
229191, 1305
232344, 1305
238231, 1305
268043, 1305
56749, 1304
221851, 1302
266599, 1302
272553, 1302
278725, 1302
286381, 1302
199544, 1300
249683, 1300
144393, 1299
39355, 1298
42691, 1298
43165, 1298
92754, 1298
118349, 1298
191674, 1298
209255, 1298
219691, 1298
230047, 1298
274664, 1298
277666, 1298
285142, 1298
114659, 1297
176448, 1297
218746, 1297
87031, 1296
99102, 1296
205835, 1295
197267, 1294
106730, 1293
93458, 1291
122306, 1291
159808, 1291
280489, 1291
289777, 1291
293989, 1291
45835, 1290
61242, 1290
75590, 1290
76908, 1290
89762, 1290
94423, 1290
101511, 1290
239410, 1290
70759, 1288
169403, 1288
232870, 1288
263901, 1288
282105, 1288
248471, 1286
67767, 1285
135806, 1285
206119, 1285
258252, 1285
281693, 1285
43545, 1284
54875, 1284
64634, 1284
75310, 1284
79198, 1284
85655, 1284
86247, 1284
106669, 1284
120758, 1284
167247, 1284
179914, 1284
191229, 1284
204282, 1284
205595, 1284
211187, 1284
256277, 1284
116440, 1282
128641, 1282
171469, 1282
171052, 1281
228360, 1280
253665, 1279
280205, 1279
66836, 1278
85353, 1278
109397, 1278
157692, 1278
194619, 1278
227970, 1278
171396, 1277
217088, 1277
275486, 1277
34632, 1276
95278, 1276
118233, 1276
226043, 1276
247100, 1276
252153, 1276
266505, 1276
246786, 1275
68855, 1274
143418, 1274
272887, 1274
48288, 1273
140414, 1273
147828, 1273
162036, 1273
61051, 1271
73924, 1271
107208, 1271
116339, 1271
165835, 1271
172732, 1271
202206, 1271
222049, 1271
244554, 1271
247819, 1271
255447, 1271
263015, 1271
269008, 1271
278832, 1271
283488, 1271
147016, 1268
234972, 1268
250037, 1268
277758, 1268
50518, 1266
74635, 1266
247938, 1266
56258, 1265
71603, 1265
271905, 1265
80896, 1264
86810, 1264
134899, 1264
292322, 1264
16945, 1263
103645, 1263
57660, 1262
62348, 1262
78583, 1262
101703, 1262
147771, 1262
190118, 1262
208415, 1262
260189, 1262
48621, 1260
173081, 1260
193020, 1260
275149, 1260
56113, 1259
265858, 1259
267446, 1259
221351, 1258
283517, 1258
232115, 1257
273572, 1257
292119, 1257
293523, 1257
57351, 1256
97694, 1256
216783, 1256
219636, 1256
287872, 1256
246510, 1255
70295, 1254
232387, 1254
265060, 1254
127419, 1253
144888, 1253
145785, 1253
160718, 1253
268781, 1253
2867, 1252
196033, 1252
255694, 1252
9493, 1251
41323, 1251
63023, 1251
91127, 1251
190668, 1251
219687, 1251
267417, 1251
272449, 1250
220872, 1249
35301, 1248
57675, 1248
148160, 1248
203666, 1248
211417, 1248
235947, 1248
182636, 1247
213267, 1246
255989, 1246
28049, 1245
198959, 1244
202417, 1244
227604, 1243
72384, 1242
75770, 1242
89532, 1242
280266, 1242
53708, 1241
92945, 1241
157594, 1241
247856, 1241
4505, 1240
106201, 1240
115597, 1240
134232, 1240
171859, 1240
184327, 1240
194677, 1240
242462, 1240
248095, 1240
251337, 1240
253065, 1240
273582, 1240
281918, 1240
296569, 1240
196341, 1239
216904, 1239
285936, 1239
116745, 1237
196943, 1237
220981, 1237
236938, 1237
197566, 1235
272606, 1235
24916, 1234
29691, 1234
33599, 1234
34815, 1234
235230, 1233
257919, 1233
122030, 1232
172129, 1232
187979, 1232
214874, 1232
218215, 1232
223201, 1232
235499, 1232
239527, 1232
242798, 1232
245545, 1232
290759, 1232
291743, 1232
126854, 1230
157229, 1230
189612, 1228
294573, 1228
28846, 1227
54664, 1227
273835, 1226
268976, 1225
247868, 1223
287374, 1221
62362, 1220
127803, 1220
258626, 1220
35642, 1218
48494, 1218
204266, 1218
205082, 1218
114211, 1216
198294, 1216
144911, 1214
166149, 1214
170590, 1214
40640, 1213
41015, 1213
50385, 1213
70906, 1213
142990, 1213
154012, 1213
212979, 1213
249672, 1213
265418, 1213
165547, 1212
217304, 1210
109736, 1208
128518, 1208
153236, 1208
211895, 1208
120137, 1207
159396, 1207
222213, 1207
271223, 1207
63373, 1205
271027, 1205
31576, 1204
54318, 1204
104366, 1204
107849, 1204
211858, 1204
281193, 1204
43526, 1203
58337, 1203
81108, 1203
120597, 1203
120948, 1203
155315, 1203
167505, 1203
206923, 1203
214787, 1203
142758, 1202
251250, 1202
266422, 1202
291134, 1199
296268, 1199
244260, 1198
244832, 1198
113640, 1196
162326, 1196
183311, 1196
228458, 1196
204223, 1195
145637, 1194
284580, 1194
137165, 1192
245704, 1192
185453, 1191
279415, 1191
37430, 1190
129119, 1190
176597, 1190
219872, 1190
267030, 1190
21921, 1189
126781, 1189
146079, 1189
195127, 1189
221043, 1189
68515, 1188
106495, 1188
138281, 1188
148058, 1188
207819, 1188
212635, 1188
282709, 1188
11117, 1186
77770, 1186
217890, 1186
222001, 1186
233969, 1186
123379, 1184
218297, 1184
101597, 1180
153129, 1180
177954, 1180
294760, 1180
167395, 1179
258559, 1179
294605, 1179
93672, 1178
89128, 1177
54289, 1176
141955, 1176
142214, 1176
282829, 1176
11449, 1174
68022, 1174
80089, 1174
95966, 1174
111862, 1174
112284, 1174
139366, 1174
182613, 1174
183432, 1174
190739, 1174
192086, 1174
204865, 1174
217025, 1174
224290, 1174
231450, 1174
256241, 1174
263212, 1174
266366, 1174
267401, 1174
272244, 1174
58471, 1173
166529, 1173
199772, 1172
215666, 1172
238159, 1172
268451, 1172
152750, 1171
265236, 1171
20122, 1170
52613, 1168
65161, 1168
117472, 1168
118316, 1168
21686, 1167
87597, 1167
123620, 1167
178465, 1167
262084, 1165
245263, 1164
56053, 1163
113382, 1163
121932, 1163
156476, 1163
236785, 1161
279014, 1161
295009, 1161
92801, 1160
230074, 1160
58532, 1159
189420, 1159
209685, 1159
214835, 1159
216318, 1159
232581, 1159
233881, 1159
238288, 1159
268038, 1159
273806, 1159
284910, 1159
289522, 1159
98949, 1157
158610, 1157
48522, 1156
146898, 1156
169209, 1156
61659, 1155
119237, 1155
26215, 1154
102702, 1151
216602, 1151
254685, 1151
67985, 1150
106239, 1150
224555, 1150
227907, 1150
238683, 1150
259214, 1150
203684, 1149
100150, 1148
114432, 1148
167371, 1148
185111, 1148
191083, 1148
198599, 1148
222559, 1148
271238, 1148
29503, 1146
195432, 1146
140223, 1145
279623, 1145
119799, 1144
137233, 1144
154828, 1144
163647, 1144
183492, 1144
202985, 1144
206258, 1144
239736, 1144
254904, 1144
258189, 1144
82410, 1143
90412, 1143
189992, 1143
282247, 1143
89501, 1142
79096, 1141
62523, 1140
128646, 1140
129488, 1140
131103, 1140
136953, 1140
168105, 1140
174353, 1140
183100, 1140
199308, 1140
206333, 1140
216412, 1140
261218, 1140
280155, 1140
286263, 1140
287794, 1140
289236, 1140
13515, 1139
41523, 1139
43816, 1139
57898, 1139
74593, 1139
78066, 1139
80244, 1139
88256, 1139
91904, 1139
109278, 1139
115583, 1139
121528, 1139
126185, 1139
143547, 1139
160196, 1139
4905, 1138
14102, 1138
21480, 1138
76289, 1138
112166, 1138
121442, 1138
208135, 1138
235307, 1138
75774, 1137
195870, 1137
225181, 1137
37407, 1136
42804, 1136
55220, 1136
112952, 1136
123287, 1136
133668, 1136
145013, 1136
174969, 1136
182890, 1136
270073, 1136
46366, 1135
65618, 1135
74626, 1135
98865, 1135
128279, 1135
152684, 1135
167266, 1135
169180, 1135
217274, 1135
271174, 1135
293577, 1135
293722, 1135
294512, 1135
294900, 1135
296483, 1135
8050, 1134
45555, 1134
75131, 1134
98733, 1134
118044, 1134
196151, 1134
216568, 1134
266766, 1134
269352, 1134
281638, 1134
286258, 1134
288356, 1134
20081, 1133
259734, 1133
193828, 1131
261276, 1131
61396, 1130
290647, 1130
86331, 1129
104303, 1129
155502, 1129
208873, 1129
225663, 1129
236810, 1129
248833, 1129
281112, 1129
60784, 1128
120129, 1128
138855, 1128
154805, 1128
191620, 1128
223154, 1128
223548, 1128
290977, 1128
13907, 1126
130243, 1126
41700, 1125
181196, 1124
229333, 1124
91269, 1123
112077, 1123
137217, 1123
158572, 1123
170368, 1123
200099, 1123
210664, 1123
288157, 1123
98552, 1122
103586, 1122
145302, 1122
242489, 1122
271869, 1121
276355, 1121
72865, 1117
83506, 1117
95721, 1117
158757, 1117
207325, 1116
85228, 1114
129622, 1114
197060, 1114
175962, 1113
30830, 1112
52457, 1112
100265, 1112
110845, 1112
225020, 1112
293108, 1112
263253, 1109
213491, 1108
223855, 1107
279515, 1107
28253, 1106
48141, 1106
109399, 1106
161481, 1106
225218, 1106
233827, 1106
257657, 1106
288640, 1106
56274, 1104
134707, 1104
146101, 1104
232525, 1104
236704, 1104
290518, 1104
75141, 1103
94004, 1103
114538, 1103
174913, 1103
188296, 1103
222132, 1103
224455, 1103
278646, 1103
281299, 1103
282613, 1103
284463, 1103
145317, 1102
178757, 1102
209023, 1102
221387, 1102
226396, 1102
244644, 1102
262509, 1102
293193, 1101
261175, 1099
72381, 1098
87335, 1098
174061, 1098
209120, 1098
267851, 1098
268968, 1098
273665, 1098
281224, 1098
285235, 1098
285311, 1098
207235, 1097
65328, 1096
91076, 1096
129834, 1096
151286, 1096
151389, 1096
194483, 1096
235032, 1096
183812, 1095
247505, 1095
4688, 1093
61394, 1093
133327, 1093
158498, 1093
168941, 1093
173736, 1093
182330, 1093
188892, 1093
193548, 1093
197182, 1093
200378, 1093
203925, 1093
207760, 1093
236313, 1093
253758, 1093
259167, 1093
267183, 1093
273941, 1093
283059, 1093
294648, 1093
294741, 1093
60005, 1092
231621, 1092
97841, 1090
147507, 1090
211175, 1090
219021, 1090
265568, 1090
271246, 1090
290921, 1090
46152, 1088
53270, 1088
73390, 1088
106409, 1088
109240, 1088
114774, 1088
118572, 1088
121057, 1088
130082, 1088
261031, 1088
20109, 1087
172408, 1086
48612, 1085
146249, 1085
42962, 1084
57999, 1084
125807, 1084
126829, 1084
142264, 1084
153405, 1084
193783, 1084
196823, 1084
199654, 1084
209298, 1084
227948, 1084
270174, 1084
288377, 1084
295350, 1084
79001, 1082
122307, 1082
123012, 1082
129366, 1082
209245, 1082
236137, 1082
151521, 1081
128921, 1079
148934, 1079
296108, 1079
290904, 1078
182319, 1077
244441, 1077
142393, 1076
176162, 1076
279295, 1076
10103, 1075
26921, 1075
99937, 1075
103022, 1075
108308, 1075
130856, 1075
143898, 1075
147534, 1075
208235, 1075
213953, 1075
247504, 1075
259747, 1075
70626, 1074
95854, 1074
111932, 1074
113761, 1074
118502, 1074
119560, 1074
140301, 1074
140933, 1074
164730, 1074
168993, 1074
207449, 1074
226940, 1074
254275, 1074
38248, 1073
74316, 1073
132136, 1073
50850, 1072
113290, 1072
170572, 1072
207971, 1072
259785, 1072
259884, 1072
260166, 1072
278537, 1072
281806, 1072
284974, 1072
93856, 1071
107634, 1071
108156, 1071
129509, 1071
179946, 1071
194613, 1071
221068, 1071
221180, 1071
236960, 1071
249893, 1071
251251, 1071
256756, 1071
265246, 1071
276021, 1071
283796, 1071
286035, 1071
287994, 1071
274999, 1070
123992, 1069
125480, 1069
199977, 1069
218576, 1069
224683, 1069
236519, 1069
266853, 1069
55888, 1068
85764, 1068
46504, 1067
127211, 1067
226331, 1067
34163, 1066
119360, 1066
6675, 1065
18396, 1065
31524, 1065
185133, 1065
187103, 1064
197862, 1064
217664, 1064
237107, 1064
102705, 1062
93271, 1061
119371, 1061
251225, 1061
262150, 1061
292650, 1061
141682, 1060
56077, 1059
88471, 1059
60945, 1058
68598, 1058
99046, 1058
106129, 1058
109185, 1058
136003, 1058
153456, 1058
170099, 1058
272653, 1058
277727, 1058
7714, 1055
68980, 1055
88784, 1055
158834, 1055
168405, 1055
287073, 1055
236798, 1054
115166, 1053
198954, 1053
213494, 1053
219631, 1053
234716, 1053
244322, 1053
249180, 1053
265334, 1053
269543, 1053
276247, 1053
115622, 1051
249565, 1051
270236, 1051
291311, 1051
27559, 1050
44946, 1050
48850, 1050
120127, 1050
123626, 1050
156340, 1050
160292, 1050
212344, 1050
216216, 1050
231052, 1050
242191, 1050
275176, 1050
24770, 1049
69939, 1049
117554, 1049
142957, 1049
150287, 1049
185649, 1049
186482, 1049
192465, 1049
219943, 1049
244612, 1049
250451, 1049
271431, 1049
278786, 1049
282086, 1049
80230, 1048
147936, 1047
170822, 1047
183530, 1047
188670, 1047
88656, 1045
121699, 1045
146770, 1045
205900, 1045
209767, 1045
221369, 1045
255877, 1045
261138, 1045
273493, 1045
200097, 1043
242604, 1043
246030, 1043
250690, 1043
290385, 1043
294847, 1043
118850, 1041
29929, 1040
56159, 1039
155529, 1039
216712, 1039
219569, 1039
228930, 1039
248945, 1039
267994, 1039
281811, 1039
144360, 1038
144700, 1038
179859, 1038
221744, 1038
273251, 1038
291764, 1038
212762, 1037
11416, 1036
58877, 1036
128304, 1034
178041, 1034
186674, 1034
211797, 1034
274073, 1034
30548, 1033
40942, 1033
68679, 1033
71930, 1033
99461, 1033
117435, 1033
120906, 1033
152177, 1033
199101, 1033
270083, 1033
289379, 1033
103731, 1031
120444, 1031
131618, 1031
133795, 1031
152473, 1031
175657, 1031
210701, 1031
230634, 1031
239908, 1031
246858, 1031
252736, 1031
254803, 1031
259624, 1031
269978, 1031
272423, 1031
290164, 1031
291651, 1031
49552, 1030
65975, 1030
164915, 1030
286896, 1030
290472, 1030
4882, 1029
103505, 1029
183354, 1029
187808, 1029
192270, 1029
202850, 1029
239407, 1029
243737, 1029
261353, 1029
289744, 1029
52177, 1028
109735, 1028
113371, 1028
181230, 1028
207388, 1028
252869, 1028
119840, 1027
160227, 1027
252482, 1027
260897, 1027
274438, 1027
181605, 1026
193989, 1026
215984, 1026
286055, 1026
16754, 1025
244102, 1025
91086, 1024
266653, 1024
49803, 1023
104419, 1023
173909, 1023
183957, 1023
234433, 1023
37413, 1022
199170, 1022
79638, 1021
87959, 1021
123543, 1021
168564, 1021
223778, 1021
241931, 1021
282130, 1021
20517, 1020
174483, 1020
184600, 1020
251944, 1020
277172, 1020
216735, 1019
52693, 1018
110612, 1018
184940, 1018
94621, 1017
220587, 1017
79047, 1016
111547, 1016
169630, 1016
235119, 1016
200931, 1015
35954, 1014
255828, 1014
72420, 1013
126510, 1013
131295, 1012
38670, 1011
105322, 1011
51758, 1009
89510, 1009
114868, 1009
157998, 1009
161367, 1009
192837, 1009
219622, 1009
138263, 1008
90035, 1007
273884, 1007
85846, 1006
184149, 1006
256788, 1006
269829, 1006
287229, 1005
295909, 1005
155417, 1004
186642, 1004
226974, 1003
53383, 1002
67654, 1002
77174, 1002
189767, 1002
201224, 1002
240592, 1002
94086, 1001
126965, 1001
134802, 1001
199753, 1001
69456, 1000
82492, 1000
116457, 1000
137735, 1000
183429, 1000
203496, 1000
218681, 1000
229287, 1000
233443, 1000
237288, 1000
270322, 1000
283333, 1000
