2500, 59448
60441, 52843
127158, 52739
16944, 51192
91467, 51192
13697, 49449
204968, 48866
29093, 46407
51360, 46407
60629, 46407
187488, 46407
1591, 45340
95405, 45340
2081, 44523
4738, 44380
223245, 41978
206578, 38878
264326, 38878
281125, 38878
282566, 38878
294973, 38878
197117, 37931
2893, 32486
4587, 30575
11218, 30575
127136, 30575
144005, 30575
168512, 30575
8264, 30530
10786, 30530
20829, 30530
30203, 30530
42444, 30530
46740, 30530
49108, 30530
54844, 30530
62461, 30530
66736, 30530
68295, 30530
70773, 30530
71383, 30530
72296, 30530
74656, 30530
74861, 30530
79602, 30530
85463, 30530
86969, 30530
90742, 30530
92793, 30530
93907, 30530
95040, 30530
95112, 30530
97897, 30530
122496, 30530
126005, 30530
129166, 30530
158261, 30530
180274, 30530
221021, 30530
229014, 30530
96475, 29415
104399, 29415
126898, 29415
160566, 29415
169947, 29415
8133, 29061
15204, 28923
17251, 28923
22515, 28923
24473, 28923
37729, 28923
37944, 28923
47265, 28923
47517, 28923
48697, 28923
49601, 28923
49856, 28923
50562, 28923
53558, 28923
55117, 28923
63233, 28923
70328, 28923
72056, 28923
72163, 28923
74875, 28923
78200, 28923
87269, 28923
89117, 28923
92130, 28923
92844, 28923
95231, 28923
99464, 28923
105842, 28923
106501, 28923
110863, 28923
110954, 28923
112138, 28923
112534, 28923
113598, 28923
115924, 28923
123275, 28923
124551, 28923
124963, 28923
127771, 28923
129251, 28923
129331, 28923
129560, 28923
134477, 28923
136515, 28923
140052, 28923
140551, 28923
142354, 28923
144239, 28923
147839, 28923
151330, 28923
154905, 28923
155191, 28923
155329, 28923
159307, 28923
159365, 28923
167731, 28923
170740, 28923
171595, 28923
173761, 28923
177651, 28923
179959, 28923
180992, 28923
183648, 28923
184969, 28923
185805, 28923
187813, 28923
188019, 28923
188391, 28923
190957, 28923
193741, 28923
194044, 28923
195288, 28923
198514, 28923
204659, 28923
204884, 28923
207800, 28923
207998, 28923
208011, 28923
208143, 28923
209708, 28923
211415, 28923
211954, 28923
212416, 28923
212840, 28923
213020, 28923
213377, 28923
213913, 28923
216539, 28923
218275, 28923
218293, 28923
221018, 28923
232020, 28923
235679, 28923
235844, 28923
236378, 28923
238848, 28923
240362, 28923
240918, 28923
243751, 28923
243820, 28923
245989, 28923
250901, 28923
252973, 28923
255463, 28923
261334, 28923
261696, 28923
262691, 28923
262845, 28923
263266, 28923
264088, 28923
266246, 28923
268124, 28923
268978, 28923
269007, 28923
269998, 28923
270151, 28923
271926, 28923
272187, 28923
273892, 28923
274461, 28923
277896, 28923
287446, 28923
287798, 28923
287940, 28923
287964, 28923
292037, 28923
294086, 28923
296057, 28923
6189, 28864
13172, 28864
32382, 28864
41860, 28864
52025, 28864
52592, 28864
60445, 28864
69801, 28864
70201, 28864
92280, 28864
102094, 28864
103220, 28864
107978, 28864
110022, 28864
119700, 28864
123913, 28864
126896, 28864
144534, 28864
148462, 28864
154367, 28864
163986, 28864
169953, 28864
194615, 28864
196160, 28864
196653, 28864
200022, 28864
228223, 28864
237000, 28864
238091, 28864
238350, 28864
248213, 28864
248894, 28864
248924, 28864
251779, 28864
255593, 28864
256954, 28864
267497, 28864
269617, 28864
272045, 28864
272753, 28864
280022, 28864
289604, 28864
290789, 28864
7638, 28668
9046, 28668
12469, 28668
16802, 28668
16804, 28668
24526, 28668
24852, 28668
25671, 28668
48228, 28668
62871, 28668
64681, 28668
79651, 28668
83798, 28668
95524, 28668
98692, 28668
99941, 28668
109071, 28668
114404, 28668
116587, 28668
117636, 28668
118533, 28668
119527, 28668
119811, 28668
121204, 28668
121530, 28668
124234, 28668
129040, 28668
135019, 28668
138577, 28668
144263, 28668
150110, 28668
151326, 28668
152477, 28668
160874, 28668
165147, 28668
166058, 28668
166321, 28668
177182, 28668
177607, 28668
184202, 28668
198762, 28668
202892, 28668
208654, 28668
208959, 28668
212197, 28668
212995, 28668
219929, 28668
225388, 28668
236398, 28668
243767, 28668
245603, 28668
249099, 28668
264026, 28668
269144, 28668
269392, 28668
276055, 28668
281539, 28668
81481, 28444
130430, 28444
26196, 28327
99769, 28327
122411, 28274
43045, 27972
51549, 27972
103935, 27972
118348, 27972
149885, 27972
184952, 27972
189705, 27972
232823, 27972
280573, 27972
81813, 27906
136796, 27906
138429, 27906
178199, 27906
196677, 27906
205371, 27906
214404, 27906
223388, 27906
236529, 27906
240091, 27906
260568, 27906
286895, 27906
51361, 27789
158822, 27789
4305, 27736
5298, 27736
6431, 27736
37097, 27736
138213, 27736
188311, 27694
212, 27658
14185, 27658
31400, 27658
48154, 27658
54282, 27658
88294, 27658
93018, 27658
106840, 27658
117464, 27658
193473, 27658
197422, 27658
221139, 27658
252603, 27658
254786, 27658
278931, 27658
6218, 27570
8095, 27570
23697, 27570
33232, 27570
36818, 27570
41652, 27570
43807, 27570
44997, 27570
47915, 27570
54229, 27570
64055, 27570
66097, 27570
66478, 27570
66634, 27570
69739, 27570
78258, 27570
78648, 27570
84053, 27570
90833, 27570
104372, 27570
105309, 27570
112522, 27570
114536, 27570
115046, 27570
119075, 27570
119976, 27570
127903, 27570
128615, 27570
137441, 27570
150829, 27570
152756, 27570
153284, 27570
153738, 27570
178558, 27570
182155, 27570
185471, 27570
200062, 27570
200393, 27570
202972, 27570
212565, 27570
239245, 27570
243336, 27570
259311, 27570
259951, 27570
267421, 27570
269136, 27570
272850, 27570
274778, 27570
137315, 27523
152999, 27523
185964, 27523
231327, 27523
46847, 27285
48590, 27285
55425, 27285
69300, 27285
78125, 27285
82417, 27285
92518, 27285
73431, 27112
10013, 27094
15354, 27094
113453, 27094
115817, 27094
212627, 27094
3402, 27079
23043, 27065
144992, 27065
226647, 27063
18996, 26913
54003, 26552
127960, 26552
259593, 26489
163913, 26182
168805, 26182
284616, 25784
211143, 25710
111652, 25029
261313, 24984
21559, 24972
23215, 24972
6226, 24668
10646, 24668
30764, 24668
33657, 24668
41085, 24668
43339, 24668
47458, 24668
54057, 24668
58163, 24668
99508, 24668
55033, 24568
65472, 24568
112802, 24568
113887, 24568
15852, 24327
22778, 24327
23413, 24327
31629, 24327
33636, 24327
35491, 24327
39879, 24327
44064, 24327
47454, 24327
80124, 24297
111993, 24297
21806, 23867
6083, 23723
66696, 23723
37640, 23494
123463, 23494
15188, 23414
27067, 23414
51397, 23414
59583, 23414
69708, 23414
76077, 23414
181798, 23414
222194, 23414
200179, 23303
170483, 23161
37308, 23063
56939, 23063
71568, 23063
17637, 23004
22723, 23004
24283, 23004
170237, 23004
173843, 23004
230022, 23004
20124, 22939
28068, 22939
82136, 22939
4513, 22696
12092, 22517
43368, 22517
47693, 22517
49234, 22517
60436, 22517
88509, 22517
91276, 22517
102509, 22517
112079, 22517
127761, 22517
128831, 22517
139341, 22517
160303, 22517
160658, 22517
166335, 22517
187601, 22517
188141, 22517
194432, 22517
194962, 22517
196055, 22517
198022, 22517
203949, 22517
222326, 22517
223791, 22517
250590, 22517
200162, 22464
277142, 22464
285144, 22464
273150, 22356
245258, 22218
8012, 22213
8836, 22213
12809, 22213
13021, 22213
121299, 22213
123559, 22213
197180, 22101
120244, 21917
22372, 21780
31148, 21780
155209, 21780
193104, 21780
211186, 21780
221998, 21780
231342, 21780
246924, 21780
253375, 21780
152546, 21764
221585, 21720
12746, 21718
13168, 21718
18630, 21718
127130, 21718
166742, 21718
212298, 21718
151439, 21700
12318, 21590
46458, 21590
66535, 21590
98132, 21590
109122, 21590
117274, 21590
141143, 21590
167781, 21590
184185, 21590
199404, 21590
236169, 21590
237190, 21590
256425, 21590
90519, 21541
123057, 21541
127650, 21541
182528, 21541
86815, 21452
154358, 21452
163303, 21452
203890, 21452
63528, 21205
101716, 21205
110593, 21205
140467, 21205
171402, 21205
241761, 21205
248758, 21205
288569, 21205
63974, 21138
99106, 21138
107545, 21138
204167, 21138
257759, 21138
262615, 21138
273854, 21138
288981, 21138
293041, 21138
208907, 20955
5804, 20789
6840, 20789
247681, 20767
113605, 20365
16129, 20329
23897, 20329
28831, 20329
75076, 20329
81358, 20329
92270, 20329
112949, 20329
119081, 20329
163720, 20329
267246, 20318
222266, 20163
294812, 20163
7698, 19866
13094, 19749
23319, 19622
50087, 19622
58243, 19622
116595, 19622
146325, 19622
8045, 19594
271756, 19368
12067, 19332
57015, 19332
84408, 19332
85523, 19332
91232, 19332
98473, 19332
111763, 19332
148818, 19332
4026, 19318
4409, 19318
124996, 19318
134906, 19318
138921, 19318
155621, 19318
173094, 19318
215930, 19318
278577, 19318
269582, 18990
3927, 18945
43146, 18767
51865, 18767
76448, 18767
79956, 18767
91100, 18767
94720, 18767
120210, 18767
216942, 18767
75042, 18695
80452, 18695
99040, 18695
116685, 18695
133907, 18695
134343, 18695
172688, 18695
176581, 18695
222215, 18695
224044, 18695
224698, 18695
228797, 18695
233030, 18695
238550, 18695
242964, 18695
245648, 18695
274131, 18695
277764, 18695
287381, 18695
288898, 18695
294007, 18695
39778, 18690
47323, 18690
52106, 18690
55739, 18690
62538, 18690
63836, 18690
75998, 18690
85615, 18690
86451, 18690
92698, 18690
95064, 18690
138149, 18690
148819, 18647
97867, 18552
101361, 18552
116852, 18552
139072, 18552
183999, 18552
246830, 18552
110347, 18514
124095, 18514
153872, 18514
159052, 18514
166963, 18514
173378, 18514
176022, 18514
179136, 18514
189304, 18514
195927, 18514
206605, 18514
208005, 18514
215878, 18514
221426, 18514
256361, 18514
272164, 18514
290689, 18514
27975, 18266
44938, 18266
64962, 18266
3010, 18095
31035, 17961
34580, 17961
38268, 17961
39990, 17961
40790, 17961
43579, 17961
47676, 17961
54984, 17961
59261, 17961
62272, 17961
63948, 17961
66401, 17961
68593, 17961
108718, 17961
132161, 17961
24434, 17891
27432, 17891
28627, 17891
49542, 17891
50862, 17891
83278, 17891
104958, 17891
105397, 17891
89221, 17824
14234, 17773
295772, 17773
97487, 17761
98591, 17722
105224, 17687
118071, 17687
118949, 17687
119086, 17687
120146, 17687
128155, 17687
130100, 17687
130292, 17687
131255, 17687
133447, 17687
133627, 17687
136367, 17687
137805, 17687
138318, 17687
139618, 17687
140214, 17687
141358, 17687
142169, 17687
143417, 17687
144618, 17687
144927, 17687
146328, 17687
146846, 17687
147429, 17687
148012, 17687
149603, 17687
150564, 17687
152204, 17687
152818, 17687
153361, 17687
153593, 17687
154598, 17687
155695, 17687
156671, 17687
160506, 17687
160939, 17687
166874, 17687
167120, 17687
168096, 17687
169699, 17687
170243, 17687
171266, 17687
172305, 17687
174057, 17687
175386, 17687
176782, 17687
177144, 17687
177155, 17687
177309, 17687
177319, 17687
178106, 17687
184152, 17687
186055, 17687
187422, 17687
187655, 17687
189424, 17687
191078, 17687
192161, 17687
192275, 17687
192412, 17687
193558, 17687
194904, 17687
197770, 17687
200028, 17687
200995, 17687
202815, 17687
207561, 17687
209866, 17687
210817, 17687
213899, 17687
214430, 17687
215294, 17687
216774, 17687
218135, 17687
219014, 17687
219996, 17687
223151, 17687
223527, 17687
225080, 17687
225887, 17687
227795, 17687
229836, 17687
229976, 17687
231119, 17687
231416, 17687
231482, 17687
231708, 17687
232175, 17687
237149, 17687
237424, 17687
238879, 17687
240580, 17687
242383, 17687
243170, 17687
247759, 17687
248740, 17687
252686, 17687
252797, 17687
253458, 17687
255605, 17687
256687, 17687
257103, 17687
257252, 17687
257724, 17687
260117, 17687
263236, 17687
264177, 17687
264955, 17687
267983, 17687
268279, 17687
268780, 17687
273322, 17687
275470, 17687
277396, 17687
278596, 17687
290796, 17687
291384, 17687
294876, 17687
122958, 17593
143080, 17593
149267, 17593
150409, 17593
155665, 17593
157249, 17593
159075, 17593
163445, 17593
252827, 17593
290198, 17593
96495, 17590
114108, 17590
136254, 17590
140570, 17590
146711, 17590
156703, 17590
159418, 17590
159490, 17590
165449, 17590
168765, 17590
172500, 17590
177257, 17590
183607, 17590
184089, 17590
190473, 17590
191230, 17590
193913, 17590
195643, 17590
199773, 17590
209468, 17590
211504, 17590
217976, 17590
224359, 17590
224728, 17590
231837, 17590
232366, 17590
238536, 17590
243072, 17590
243917, 17590
244261, 17590
254573, 17590
255105, 17590
258058, 17590
261237, 17590
281022, 17590
286791, 17590
288324, 17590
15367, 17543
18671, 17543
20040, 17543
30617, 17543
164851, 17543
26948, 17542
64457, 17542
65082, 17542
86199, 17542
103997, 17542
113483, 17542
161459, 17542
118315, 17522
142560, 17522
146670, 17522
180703, 17522
192051, 17522
193842, 17522
223512, 17522
242974, 17522
243219, 17522
254168, 17522
259040, 17522
260792, 17522
261909, 17522
272262, 17522
276390, 17522
276637, 17522
284018, 17522
284954, 17522
131497, 17520
145937, 17520
173379, 17520
174300, 17520
189872, 17520
195856, 17520
200488, 17520
202625, 17520
205909, 17520
208375, 17520
211497, 17520
218173, 17520
243205, 17520
263135, 17520
266370, 17520
87580, 17509
106966, 17509
121622, 17509
147892, 17509
149445, 17509
179632, 17509
182851, 17509
191306, 17509
200359, 17509
201907, 17509
206098, 17509
210484, 17509
211006, 17509
214957, 17509
215532, 17509
216856, 17509
219641, 17509
220155, 17509
220684, 17509
222021, 17509
229124, 17509
229636, 17509
230191, 17509
233651, 17509
234331, 17509
235784, 17509
238971, 17509
240097, 17509
241899, 17509
243262, 17509
247690, 17509
250357, 17509
255016, 17509
259061, 17509
261473, 17509
264446, 17509
264692, 17509
273193, 17509
276996, 17509
278490, 17509
278608, 17509
279646, 17509
281275, 17509
282021, 17509
282542, 17509
285182, 17509
286220, 17509
286375, 17509
286814, 17509
288222, 17509
288705, 17509
290179, 17509
290288, 17509
290299, 17509
291890, 17509
295636, 17509
79894, 17502
91648, 17502
103017, 17502
115531, 17502
120043, 17502
120113, 17502
120517, 17502
121970, 17502
125300, 17502
128392, 17502
129861, 17502
131960, 17502
133203, 17502
135270, 17502
138969, 17502
140134, 17502
140504, 17502
141837, 17502
141960, 17502
142384, 17502
144139, 17502
145502, 17502
145686, 17502
146713, 17502
147171, 17502
147898, 17502
148007, 17502
148952, 17502
150014, 17502
150063, 17502
150224, 17502
150452, 17502
150608, 17502
151949, 17502
152845, 17502
152975, 17502
154199, 17502
157062, 17502
158414, 17502
160742, 17502
162166, 17502
163591, 17502
164301, 17502
164789, 17502
166531, 17502
166786, 17502
166993, 17502
167599, 17502
167933, 17502
169483, 17502
169690, 17502
172311, 17502
173260, 17502
177290, 17502
179332, 17502
181012, 17502
185795, 17502
188904, 17502
188926, 17502
189464, 17502
191916, 17502
192809, 17502
193216, 17502
194308, 17502
194838, 17502
195423, 17502
199600, 17502
200569, 17502
200990, 17502
201191, 17502
202852, 17502
203089, 17502
204597, 17502
205215, 17502
205499, 17502
207737, 17502
207838, 17502
207984, 17502
208550, 17502
208607, 17502
208948, 17502
209483, 17502
210292, 17502
210952, 17502
211548, 17502
212599, 17502
212603, 17502
214751, 17502
219151, 17502
220784, 17502
221482, 17502
222509, 17502
223217, 17502
226149, 17502
228653, 17502
233368, 17502
234313, 17502
235683, 17502
236212, 17502
238323, 17502
238717, 17502
239118, 17502
239862, 17502
242370, 17502
242525, 17502
243830, 17502
244332, 17502
244454, 17502
244882, 17502
245300, 17502
246226, 17502
246421, 17502
246996, 17502
247480, 17502
248056, 17502
248433, 17502
248691, 17502
251640, 17502
254050, 17502
256052, 17502
256259, 17502
256915, 17502
258431, 17502
260708, 17502
260780, 17502
261777, 17502
265478, 17502
266207, 17502
266833, 17502
267780, 17502
270833, 17502
271075, 17502
272157, 17502
272202, 17502
277203, 17502
279122, 17502
281020, 17502
281477, 17502
282796, 17502
288035, 17502
291796, 17502
293371, 17502
294120, 17502
2773, 17496
70191, 17496
159721, 17496
188463, 17496
196648, 17496
250861, 17496
260815, 17496
139532, 17489
188485, 17489
219561, 17489
267743, 17489
293559, 17489
142020, 17480
151408, 17480
153638, 17480
177037, 17480
217419, 17480
243898, 17480
249415, 17480
265829, 17480
276792, 17480
279325, 17480
282168, 17480
294098, 17480
89706, 17475
97678, 17475
100378, 17475
112037, 17475
113482, 17475
114423, 17475
114852, 17475
118547, 17475
123048, 17475
134870, 17475
135313, 17475
140961, 17475
141817, 17475
142084, 17475
144210, 17475
145681, 17475
164514, 17475
173868, 17475
176249, 17475
179280, 17475
179305, 17475
183225, 17475
194774, 17475
196618, 17475
198129, 17475
199386, 17475
204523, 17475
206606, 17475
208681, 17475
208805, 17475
210939, 17475
220692, 17475
226859, 17475
227762, 17475
227784, 17475
240439, 17475
240814, 17475
249539, 17475
250612, 17475
253385, 17475
255816, 17475
256167, 17475
256169, 17475
261946, 17475
264103, 17475
270361, 17475
281031, 17475
281968, 17475
288337, 17475
288374, 17475
288704, 17475
293513, 17475
295295, 17475
295806, 17475
14755, 17471
14892, 17471
20827, 17471
28840, 17471
167963, 17461
172057, 17461
96716, 17456
97140, 17456
124130, 17456
125822, 17456
126900, 17456
130645, 17456
131461, 17456
133092, 17456
133810, 17456
134998, 17456
135729, 17456
135777, 17456
136313, 17456
136907, 17456
138153, 17456
139089, 17456
141663, 17456
142793, 17456
143107, 17456
143188, 17456
144045, 17456
144049, 17456
147057, 17456
147678, 17456
149711, 17456
150033, 17456
150183, 17456
150643, 17456
150740, 17456
153227, 17456
153611, 17456
156677, 17456
157451, 17456
158099, 17456
160179, 17456
160313, 17456
161903, 17456
162065, 17456
162163, 17456
162179, 17456
164234, 17456
165001, 17456
165965, 17456
168142, 17456
169973, 17456
169976, 17456
170009, 17456
170011, 17456
170235, 17456
170875, 17456
171761, 17456
174121, 17456
174535, 17456
176855, 17456
178330, 17456
178659, 17456
179405, 17456
180685, 17456
181140, 17456
183696, 17456
185552, 17456
186047, 17456
186162, 17456
186571, 17456
187353, 17456
188574, 17456
190922, 17456
192286, 17456
192484, 17456
193649, 17456
193917, 17456
193948, 17456
194417, 17456
196026, 17456
196530, 17456
197030, 17456
197342, 17456
198185, 17456
198578, 17456
202010, 17456
202687, 17456
203045, 17456
203751, 17456
204882, 17456
206147, 17456
206511, 17456
207103, 17456
207661, 17456
208336, 17456
212334, 17456
212494, 17456
212560, 17456
213814, 17456
213911, 17456
213925, 17456
214057, 17456
215701, 17456
215914, 17456
216040, 17456
216498, 17456
216776, 17456
217345, 17456
219148, 17456
219312, 17456
220159, 17456
220896, 17456
223954, 17456
224270, 17456
224848, 17456
226682, 17456
227917, 17456
228507, 17456
229311, 17456
229344, 17456
230804, 17456
231158, 17456
233323, 17456
233456, 17456
233796, 17456
233887, 17456
234152, 17456
234156, 17456
234329, 17456
235170, 17456
235962, 17456
239085, 17456
240206, 17456
240742, 17456
242244, 17456
242342, 17456
243168, 17456
243266, 17456
244667, 17456
244957, 17456
245929, 17456
247091, 17456
247215, 17456
248872, 17456
249347, 17456
249931, 17456
250699, 17456
251044, 17456
251620, 17456
252303, 17456
252415, 17456
252466, 17456
252468, 17456
252498, 17456
253194, 17456
254118, 17456
254302, 17456
254315, 17456
254325, 17456
254643, 17456
254824, 17456
255641, 17456
255803, 17456
256016, 17456
256022, 17456
256583, 17456
256807, 17456
256818, 17456
257448, 17456
257704, 17456
257733, 17456
258585, 17456
258691, 17456
259316, 17456
260368, 17456
260633, 17456
261393, 17456
261496, 17456
261931, 17456
262365, 17456
263842, 17456
264583, 17456
266635, 17456
266931, 17456
267472, 17456
267710, 17456
268007, 17456
269102, 17456
269491, 17456
271334, 17456
271498, 17456
271687, 17456
271964, 17456
274211, 17456
274249, 17456
275923, 17456
276611, 17456
277069, 17456
277524, 17456
278553, 17456
278615, 17456
279013, 17456
279428, 17456
280136, 17456
280176, 17456
280863, 17456
281312, 17456
282022, 17456
282800, 17456
282890, 17456
283240, 17456
283432, 17456
284683, 17456
285432, 17456
285679, 17456
285845, 17456
286974, 17456
287835, 17456
289714, 17456
289801, 17456
290607, 17456
292922, 17456
292978, 17456
293162, 17456
293794, 17456
293874, 17456
294421, 17456
294541, 17456
86895, 17453
91170, 17453
99129, 17453
108939, 17453
118806, 17453
132962, 17453
143126, 17453
153929, 17453
178649, 17453
205978, 17453
229731, 17453
283346, 17453
284563, 17453
290745, 17453
796, 17436
1400, 17436
91504, 17436
94687, 17436
101219, 17436
105871, 17436
106026, 17436
108634, 17436
110511, 17436
110530, 17436
111889, 17436
112016, 17436
114294, 17436
114434, 17436
114449, 17436
114832, 17436
114876, 17436
116600, 17436
116867, 17436
116887, 17436
118877, 17436
120679, 17436
121102, 17436
122447, 17436
124629, 17436
125021, 17436
125744, 17436
126070, 17436
126365, 17436
126888, 17436
126917, 17436
127237, 17436
127271, 17436
130552, 17436
130698, 17436
132501, 17436
133459, 17436
134208, 17436
134737, 17436
135155, 17436
135364, 17436
136241, 17436
136373, 17436
136417, 17436
136621, 17436
136638, 17436
136720, 17436
136877, 17436
137624, 17436
138271, 17436
139112, 17436
140937, 17436
141651, 17436
141753, 17436
141930, 17436
141953, 17436
142301, 17436
142661, 17436
143544, 17436
143678, 17436
143876, 17436
144940, 17436
145734, 17436
145973, 17436
145980, 17436
146076, 17436
146673, 17436
146694, 17436
147879, 17436
147987, 17436
148210, 17436
148332, 17436
148627, 17436
148847, 17436
149105, 17436
149635, 17436
149946, 17436
150081, 17436
150368, 17436
150633, 17436
150717, 17436
151690, 17436
151769, 17436
152384, 17436
152407, 17436
152554, 17436
152882, 17436
153899, 17436
154004, 17436
154040, 17436
154308, 17436
154755, 17436
155246, 17436
156569, 17436
156678, 17436
156861, 17436
157222, 17436
157505, 17436
157591, 17436
157694, 17436
157866, 17436
159493, 17436
160353, 17436
160816, 17436
161139, 17436
161930, 17436
161972, 17436
162508, 17436
162591, 17436
162631, 17436
163018, 17436
163081, 17436
163090, 17436
163330, 17436
163335, 17436
164659, 17436
164837, 17436
165383, 17436
165471, 17436
165520, 17436
165902, 17436
166182, 17436
166642, 17436
167958, 17436
168065, 17436
168348, 17436
168416, 17436
169003, 17436
169485, 17436
170193, 17436
171785, 17436
172667, 17436
172762, 17436
172914, 17436
173572, 17436
173621, 17436
173774, 17436
174109, 17436
174186, 17436
174558, 17436
174729, 17436
174979, 17436
175014, 17436
175430, 17436
176171, 17436
177149, 17436
177461, 17436
178512, 17436
179143, 17436
179671, 17436
180149, 17436
180219, 17436
180449, 17436
180589, 17436
181159, 17436
181272, 17436
181867, 17436
182008, 17436
182081, 17436
182285, 17436
182388, 17436
182638, 17436
183033, 17436
183304, 17436
183370, 17436
183489, 17436
183637, 17436
183988, 17436
184967, 17436
185917, 17436
185946, 17436
186016, 17436
186345, 17436
186522, 17436
186573, 17436
186587, 17436
186628, 17436
187614, 17436
187955, 17436
188261, 17436
188686, 17436
188850, 17436
189623, 17436
190388, 17436
190479, 17436
191147, 17436
191522, 17436
191625, 17436
191635, 17436
192519, 17436
192718, 17436
193089, 17436
193782, 17436
194297, 17436
194310, 17436
194476, 17436
194627, 17436
194817, 17436
194974, 17436
195294, 17436
196294, 17436
197430, 17436
198585, 17436
198918, 17436
199072, 17436
199364, 17436
199390, 17436
200319, 17436
200939, 17436
200947, 17436
201239, 17436
201251, 17436
201763, 17436
201880, 17436
202686, 17436
202730, 17436
202755, 17436
203266, 17436
203515, 17436
203610, 17436
204123, 17436
205771, 17436
206368, 17436
206634, 17436
206773, 17436
206798, 17436
207086, 17436
207194, 17436
207444, 17436
208058, 17436
208184, 17436
208692, 17436
208741, 17436
209158, 17436
209184, 17436
210393, 17436
210538, 17436
210944, 17436
211661, 17436
211822, 17436
211883, 17436
211920, 17436
212713, 17436
213492, 17436
214377, 17436
214680, 17436
214759, 17436
215497, 17436
215675, 17436
215894, 17436
216255, 17436
216542, 17436
216593, 17436
218270, 17436
218820, 17436
219558, 17436
220060, 17436
220382, 17436
221176, 17436
221349, 17436
221401, 17436
221609, 17436
222070, 17436
222378, 17436
222395, 17436
222602, 17436
222788, 17436
222901, 17436
223249, 17436
223624, 17436
225230, 17436
225377, 17436
225675, 17436
225972, 17436
226057, 17436
226115, 17436
226422, 17436
226438, 17436
226460, 17436
226755, 17436
226784, 17436
227245, 17436
227575, 17436
228340, 17436
228786, 17436
228854, 17436
230020, 17436
230083, 17436
230159, 17436
230285, 17436
230348, 17436
230596, 17436
231076, 17436
231088, 17436
231198, 17436
231460, 17436
231613, 17436
232320, 17436
232405, 17436
232774, 17436
233157, 17436
233748, 17436
233817, 17436
234714, 17436
236670, 17436
236734, 17436
237985, 17436
238030, 17436
238123, 17436
239065, 17436
239119, 17436
239490, 17436
240505, 17436
240652, 17436
240761, 17436
241076, 17436
241980, 17436
242111, 17436
242468, 17436
242717, 17436
243162, 17436
243818, 17436
243909, 17436
243930, 17436
246821, 17436
247076, 17436
247334, 17436
247346, 17436
247886, 17436
248785, 17436
249371, 17436
249577, 17436
249669, 17436
250003, 17436
250100, 17436
250139, 17436
250197, 17436
250265, 17436
250859, 17436
251442, 17436
251894, 17436
251995, 17436
252553, 17436
253121, 17436
253135, 17436
253314, 17436
253542, 17436
253800, 17436
253912, 17436
254216, 17436
254462, 17436
254710, 17436
254941, 17436
255253, 17436
255478, 17436
255875, 17436
256032, 17436
256092, 17436
256337, 17436
256456, 17436
256766, 17436
256858, 17436
257042, 17436
257266, 17436
258130, 17436
258210, 17436
258690, 17436
259379, 17436
260056, 17436
260401, 17436
261649, 17436
261933, 17436
262011, 17436
262035, 17436
262879, 17436
263238, 17436
264714, 17436
265161, 17436
265481, 17436
265627, 17436
265724, 17436
266406, 17436
266519, 17436
266775, 17436
266876, 17436
267134, 17436
267510, 17436
267717, 17436
268056, 17436
268400, 17436
268659, 17436
268678, 17436
269014, 17436
269030, 17436
269228, 17436
269614, 17436
269743, 17436
269845, 17436
270366, 17436
270615, 17436
271191, 17436
271239, 17436
271882, 17436
272456, 17436
272737, 17436
273151, 17436
273315, 17436
273844, 17436
274277, 17436
274361, 17436
274376, 17436
275011, 17436
275371, 17436
275436, 17436
276412, 17436
276910, 17436
277303, 17436
277539, 17436
278493, 17436
279289, 17436
279583, 17436
279859, 17436
280050, 17436
280077, 17436
281156, 17436
282675, 17436
283672, 17436
283691, 17436
283698, 17436
284024, 17436
284046, 17436
284176, 17436
284197, 17436
284449, 17436
284488, 17436
284795, 17436
285035, 17436
285500, 17436
285513, 17436
285886, 17436
286083, 17436
286881, 17436
287352, 17436
287450, 17436
287759, 17436
288457, 17436
289288, 17436
289405, 17436
289487, 17436
289949, 17436
290116, 17436
290717, 17436
291072, 17436
291401, 17436
291983, 17436
291996, 17436
292106, 17436
292205, 17436
293557, 17436
293626, 17436
293831, 17436
293880, 17436
294901, 17436
294946, 17436
295367, 17436
295524, 17436
296587, 17436
180083, 17434
246969, 17434
276358, 17434
95404, 17433
113154, 17433
136163, 17433
152705, 17433
175896, 17433
187138, 17433
205842, 17433
210290, 17433
217868, 17433
222404, 17433
242291, 17433
258267, 17433
277987, 17433
278833, 17433
279897, 17433
285095, 17433
285191, 17433
285212, 17433
285504, 17433
288150, 17433
133734, 17416
139005, 17416
141159, 17416
148412, 17416
150898, 17416
160492, 17416
183417, 17416
198341, 17416
227492, 17416
230198, 17416
231503, 17416
259245, 17416
272271, 17416
282522, 17416
284394, 17416
296019, 17416
211297, 17409
164727, 17404
141126, 17395
111028, 17394
179227, 17394
225431, 17394
288917, 17394
293833, 17394
154810, 17386
204251, 17386
220347, 17383
96084, 17377
128967, 17377
137703, 17377
154894, 17377
158349, 17377
170686, 17377
194531, 17377
196044, 17377
196483, 17377
200412, 17377
244650, 17377
273755, 17377
293684, 17377
122953, 17364
125722, 17364
130387, 17364
150266, 17364
155827, 17364
157553, 17364
160977, 17364
162358, 17364
162360, 17364
168261, 17364
170123, 17364
181207, 17364
189181, 17364
199439, 17364
201736, 17364
220156, 17364
244608, 17364
252962, 17364
259637, 17364
269807, 17364
270839, 17364
283655, 17364
284930, 17364
291515, 17364
292893, 17364
294310, 17364
203010, 17362
206087, 17362
252295, 17362
195505, 17358
256611, 17358
244651, 17324
290793, 17324
254821, 17315
151966, 17305
163997, 17305
255331, 17282
188623, 17276
114228, 17263
173829, 17263
181135, 17263
8765, 17262
132340, 17248
142419, 17248
228063, 17248
166722, 17214
183212, 17214
206981, 17214
230470, 17214
242698, 17214
252875, 17214
261558, 17214
243583, 17212
149931, 17211
160859, 17211
213716, 17211
115672, 17185
168290, 17185
100944, 17159
133119, 17159
159722, 17147
246189, 17147
151277, 17113
177311, 17023
233462, 17023
130661, 16992
135269, 16992
146998, 16992
198645, 16992
218323, 16992
233522, 16992
247278, 16992
2655, 16985
232100, 16945
270733, 16945
276679, 16827
197572, 16778
159668, 16765
43474, 16709
108082, 16709
181661, 16684
192514, 16684
228849, 16684
202638, 16568
159274, 16512
242578, 16512
142731, 16395
144369, 16395
147825, 16395
159874, 16395
160693, 16395
165569, 16395
166905, 16395
174788, 16395
179057, 16395
179416, 16395
190872, 16395
200722, 16395
202637, 16395
206241, 16395
222648, 16395
222662, 16395
232516, 16395
238497, 16395
246087, 16395
272121, 16395
215757, 16393
224820, 16393
150785, 16316
227712, 16316
89137, 16219
166456, 16200
249746, 16169
198600, 16165
228105, 16165
252489, 16165
184543, 16159
145634, 16149
226287, 16149
156575, 16132
141213, 16128
247029, 16116
168312, 16063
240978, 16063
249378, 16045
14567, 15955
101216, 15955
126351, 15955
2065, 15945
150861, 15932
172865, 15932
224190, 15932
278689, 15915
35289, 15887
50116, 15887
54286, 15887
80819, 15887
181089, 15887
154844, 15819
240416, 15819
65096, 15688
183452, 15660
196258, 15575
178996, 15526
49907, 15479
122550, 15476
107144, 15465
67354, 15418
138060, 15405
64524, 15363
193407, 15362
206357, 15322
54310, 15297
128303, 15260
188186, 15258
209301, 15218
93515, 15063
198354, 14916
249736, 14916
285505, 14901
130107, 14900
94137, 14878
124782, 14832
206675, 14832
287751, 14832
246518, 14771
167355, 14747
222590, 14687
280856, 14595
283370, 14518
194472, 14499
166984, 14447
279863, 14318
280505, 14300
3231, 14259
4145, 14259
4693, 14259
12848, 14259
57722, 14259
213990, 14259
240729, 14051
65, 13959
246, 13959
169644, 13954
135097, 13894
199607, 13894
202283, 13894
210139, 13659
252569, 13644
536, 13621
872, 13621
1885, 13621
2709, 13621
3652, 13621
3916, 13621
3955, 13621
5752, 13621
11070, 13621
136573, 13621
163238, 13621
165291, 13621
214366, 13621
231554, 13621
267664, 13621
277685, 13621
462, 13618
532, 13618
154053, 13604
188056, 13604
1, 13564
5, 13564
18, 13564
18374, 13510
23629, 13510
38117, 13510
160182, 13510
2214, 13425
6652, 13425
14733, 13425
195866, 13425
295066, 13425
255801, 13341
10403, 13262
30781, 13262
40437, 13257
130376, 13214
164, 12869
3216, 12812
4732, 12812
255595, 12812
265928, 12812
7926, 12762
11325, 12762
12098, 12762
12489, 12762
15451, 12762
15876, 12762
19382, 12762
19907, 12762
21738, 12762
23297, 12762
24461, 12762
26016, 12762
28236, 12762
29027, 12762
29414, 12762
29625, 12762
30792, 12762
33579, 12762
34825, 12762
35872, 12762
38164, 12762
38821, 12762
39682, 12762
42252, 12762
44321, 12762
44805, 12762
45175, 12762
45217, 12762
51039, 12762
54503, 12762
56084, 12762
56643, 12762
57978, 12762
59578, 12762
62068, 12762
62158, 12762
67965, 12762
68346, 12762
70399, 12762
71836, 12762
72059, 12762
74429, 12762
75427, 12762
76185, 12762
76501, 12762
78871, 12762
81563, 12762
92826, 12762
95725, 12762
97375, 12762
102670, 12762
103514, 12762
114724, 12762
48618, 12660
58596, 12660
69652, 12660
74457, 12660
76537, 12660
82813, 12660
96656, 12660
250245, 12611
9513, 12591
28279, 12591
30146, 12591
61730, 12591
109792, 12530
9843, 12348
3112, 12316
211597, 12308
6169, 12037
64703, 11815
75996, 11815
77109, 11815
82064, 11815
174539, 11720
59374, 11598
18886, 11197
81151, 10921
169569, 10754
278336, 10419
294214, 10371
119789, 9860
95876, 9310
222272, 9279
250350, 9279
116, 8424
240156, 7198
288820, 7198
105601, 7019
119572, 7019
154741, 6938
65077, 6899
185224, 6899
225463, 6899
278498, 6899
289456, 6899
145411, 6889
278406, 6831
52454, 6829
55396, 6829
71655, 6829
82820, 6829
138639, 6829
151726, 6829
159593, 6829
162674, 6829
196220, 6829
203707, 6829
208967, 6829
217501, 6829
221906, 6829
229252, 6829
230947, 6829
233722, 6829
244265, 6829
256317, 6829
263799, 6829
265566, 6829
278884, 6829
282290, 6829
289737, 6829
239441, 6819
258921, 6819
259321, 6807
640, 6805
991, 6805
10192, 6805
61708, 6805
73602, 6805
83279, 6805
102890, 6805
116090, 6805
122922, 6805
124757, 6805
129820, 6805
130139, 6805
142056, 6805
145495, 6805
161309, 6805
165165, 6805
169029, 6805
173656, 6805
190135, 6805
198107, 6805
198858, 6805
200783, 6805
202589, 6805
206307, 6805
206910, 6805
210688, 6805
212473, 6805
212878, 6805
214629, 6805
215307, 6805
216279, 6805
218952, 6805
222029, 6805
224479, 6805
225383, 6805
229467, 6805
230812, 6805
234319, 6805
236719, 6805
237154, 6805
237557, 6805
244445, 6805
245677, 6805
247897, 6805
251714, 6805
255258, 6805
256144, 6805
261717, 6805
269660, 6805
273152, 6805
273734, 6805
277059, 6805
279182, 6805
279819, 6805
280318, 6805
283228, 6805
286516, 6805
292242, 6805
296366, 6805
2594, 6795
54331, 6795
65648, 6795
94685, 6795
115137, 6795
134715, 6795
142387, 6795
143756, 6795
161474, 6795
163475, 6795
170248, 6795
185695, 6795
186937, 6795
189483, 6795
190159, 6795
194906, 6795
199922, 6795
220806, 6795
222939, 6795
237637, 6795
238920, 6795
273728, 6795
291220, 6795
714, 6781
52554, 6781
52679, 6781
79592, 6781
88131, 6781
90141, 6781
90664, 6781
93322, 6781
99742, 6781
99895, 6781
99909, 6781
100222, 6781
100871, 6781
106467, 6781
107250, 6781
112498, 6781
116549, 6781
135158, 6781
137743, 6781
147768, 6781
150385, 6781
160660, 6781
161452, 6781
171418, 6781
172977, 6781
174981, 6781
178197, 6781
179236, 6781
189775, 6781
193245, 6781
194871, 6781
205484, 6781
205810, 6781
211507, 6781
213756, 6781
217417, 6781
220598, 6781
223374, 6781
226880, 6781
238721, 6781
262434, 6781
265440, 6781
285, 6777
122115, 6750
210733, 6750
249308, 6750
150502, 6703
78023, 6638
78081, 6638
221645, 6567
659, 6541
47210, 6526
139058, 6149
158737, 5770
208109, 5770
140255, 5722
152900, 5722
189205, 5722
201794, 5722
197251, 5649
278120, 5623
214748, 5551
228058, 5551
163292, 5505
225693, 5505
112437, 5096
148381, 5096
227613, 5096
84980, 5009
139494, 5009
220736, 5009
257814, 5009
53408, 4977
194797, 4977
62246, 4917
64263, 4917
261278, 4917
3265, 4699
121303, 4540
81306, 4314
44322, 3834
138843, 3834
237983, 3834
289934, 3834
232208, 3813
251136, 3813
83074, 3808
97479, 3808
116202, 3808
159564, 3808
163340, 3808
203044, 3808
232487, 3808
24443, 3805
25302, 3805
34142, 3805
36987, 3805
37838, 3805
52829, 3805
56074, 3805
71605, 3805
99124, 3805
119015, 3805
126621, 3805
127898, 3805
137346, 3805
169681, 3805
185707, 3805
202787, 3805
224789, 3805
246137, 3805
170782, 3797
185215, 3797
209039, 3797
218831, 3797
226002, 3797
242282, 3797
259186, 3797
203978, 3763
260391, 3763
260883, 3763
290633, 3763
26278, 3747
31530, 3747
46915, 3747
51889, 3747
59706, 3747
60876, 3747
69841, 3747
70916, 3747
73296, 3747
74799, 3747
78919, 3747
80944, 3747
82745, 3747
86553, 3747
87962, 3747
93244, 3747
96502, 3747
101949, 3747
103223, 3747
107016, 3747
108458, 3747
120204, 3747
132088, 3747
135673, 3747
147348, 3747
156913, 3747
160665, 3747
163336, 3747
165474, 3747
174289, 3747
177713, 3747
180520, 3747
185559, 3747
189366, 3747
193261, 3747
196968, 3747
197272, 3747
200130, 3747
202833, 3747
207358, 3747
208072, 3747
208795, 3747
211793, 3747
215010, 3747
216081, 3747
217534, 3747
221637, 3747
227010, 3747
231269, 3747
237618, 3747
238973, 3747
239737, 3747
251188, 3747
254119, 3747
261713, 3747
262414, 3747
263582, 3747
263967, 3747
264666, 3747
264926, 3747
266627, 3747
266798, 3747
267502, 3747
270720, 3747
276605, 3747
279189, 3747
280726, 3747
282211, 3747
284217, 3747
285692, 3747
287552, 3747
287712, 3747
292363, 3747
134629, 3740
253507, 3740
235430, 3732
243711, 3732
248983, 3732
255497, 3732
262243, 3732
263954, 3732
271661, 3732
274611, 3732
274780, 3732
280141, 3732
280703, 3732
288400, 3732
94278, 3731
117588, 3730
125950, 3730
149411, 3730
153957, 3730
154934, 3730
158603, 3730
158900, 3730
176224, 3730
179014, 3730
188696, 3730
192364, 3730
194820, 3730
227852, 3730
229713, 3730
231155, 3730
231332, 3730
238299, 3730
238877, 3730
246494, 3730
249379, 3730
250096, 3730
255262, 3730
256581, 3730
260085, 3730
267129, 3730
268217, 3730
271213, 3730
271377, 3730
274657, 3730
275385, 3730
279353, 3730
286437, 3730
292410, 3730
295824, 3730
148026, 3712
253267, 3688
10848, 3668
13227, 3668
14267, 3668
20631, 3668
20650, 3668
23247, 3668
30257, 3668
40638, 3668
44695, 3668
46006, 3668
56470, 3668
59386, 3668
61791, 3668
66417, 3668
73465, 3668
76528, 3668
85654, 3668
86853, 3668
87684, 3668
95990, 3668
97713, 3668
114754, 3668
139599, 3668
151393, 3668
160691, 3668
163690, 3668
172003, 3668
208801, 3668
243949, 3668
261412, 3668
220419, 3655
193464, 3643
140654, 3622
184372, 3622
212271, 3622
219688, 3622
227448, 3622
234111, 3622
238403, 3622
244596, 3622
250372, 3622
275278, 3622
276249, 3622
292752, 3610
217377, 3607
220641, 3598
180601, 3530
184314, 3530
204506, 3530
204603, 3530
205306, 3530
214097, 3530
260677, 3530
264405, 3530
285394, 3530
290213, 3509
193229, 3500
197367, 3500
225454, 3461
147521, 3456
211686, 3456
277399, 3456
160759, 3444
273654, 3444
18533, 3433
128171, 3433
141730, 3433
18758, 3413
121251, 3402
75465, 3365
105740, 3365
122614, 3365
130649, 3365
139573, 3365
142052, 3365
147108, 3365
177613, 3365
6075, 3341
222909, 3309
253018, 3309
127531, 3303
101587, 3295
131148, 3295
148582, 3295
176428, 3295
177031, 3295
179447, 3295
183589, 3295
190335, 3295
203681, 3295
205356, 3295
209144, 3295
225246, 3295
229903, 3295
230235, 3295
259928, 3295
275601, 3292
72277, 3287
109042, 3287
205471, 3287
64935, 3260
92088, 3260
256108, 3240
289723, 3240
146857, 3236
232519, 3236
176675, 3220
158748, 3188
227566, 3069
118237, 2968
137398, 2968
142952, 2968
145586, 2968
200388, 2968
179967, 2929
251911, 2872
118207, 2843
125915, 2843
175637, 2843
221574, 2843
230117, 2843
235670, 2843
252635, 2843
287978, 2843
288835, 2843
172249, 2833
197131, 2829
216397, 2829
261340, 2829
283797, 2829
237227, 2810
240175, 2810
272723, 2810
124485, 2796
126129, 2796
84562, 2776
12544, 2602
105437, 2529
118158, 2529
158066, 2529
158695, 2529
175168, 2489
249162, 2471
196799, 2393
223188, 2384
90693, 2229
110261, 2229
124778, 2229
6887, 2175
24278, 2175
137457, 2123
108926, 2115
110680, 2115
121066, 2115
135482, 2115
212115, 2098
184747, 2083
254567, 2083
139661, 2070
144450, 2070
114980, 2066
115172, 2066
146335, 2064
186779, 2059
217140, 2059
256644, 2059
278558, 2059
185509, 2056
186840, 2056
188528, 2054
166844, 2049
201918, 2049
164432, 2041
203107, 2041
903, 2028
959, 2028
764, 2027
752, 1999
798, 1999
861, 1999
869, 1999
683, 1997
713, 1997
73797, 1923
83147, 1923
90556, 1923
81864, 1916
810, 1865
827, 1839
931, 1839
104, 1768
117, 1768
122, 1768
139, 1768
143, 1735
168, 1735
223, 1735
262, 1733
124, 1718
146, 1718
28477, 1704
38851, 1704
53873, 1704
54192, 1704
64128, 1704
79607, 1704
51837, 1690
57249, 1690
73436, 1690
84, 1686
140, 1678
218, 1678
253, 1678
314, 1678
1680, 1659
2882, 1649
5186, 1649
136407, 1647
22806, 1634
25936, 1634
26395, 1634
29653, 1634
29876, 1634
30280, 1634
34998, 1634
24144, 1623
29954, 1622
24073, 1603
29600, 1603
29743, 1603
30704, 1603
31159, 1603
31469, 1603
31774, 1603
32022, 1603
32183, 1603
32493, 1603
33144, 1603
33466, 1603
35046, 1603
35135, 1603
35450, 1603
35547, 1603
35656, 1603
36009, 1603
36091, 1603
37383, 1603
28558, 1600
29150, 1600
31825, 1600
32475, 1600
33122, 1600
34447, 1600
29643, 1598
29896, 1598
30018, 1598
30297, 1598
30581, 1598
31191, 1598
31257, 1598
32455, 1598
34153, 1598
34233, 1598
34523, 1598
34540, 1598
35285, 1598
36124, 1598
36167, 1598
37975, 1598
38043, 1598
38446, 1598
27079, 1595
27092, 1595
28681, 1595
29312, 1595
30214, 1595
31827, 1595
32068, 1595
32139, 1595
32626, 1595
33160, 1595
33591, 1595
34019, 1595
34171, 1595
34230, 1595
35095, 1595
25976, 1594
26739, 1584
28050, 1584
29555, 1584
32015, 1584
33390, 1584
35256, 1584
36325, 1584
37577, 1584
23179, 1582
14023, 1577
24225, 1577
33494, 1576
29443, 1569
30110, 1569
30867, 1569
32159, 1569
33359, 1569
33629, 1569
34217, 1569
35278, 1569
35328, 1569
35816, 1569
35972, 1569
36444, 1569
36554, 1569
37081, 1569
37457, 1569
37740, 1569
37780, 1569
37918, 1569
38321, 1569
38454, 1569
38692, 1569
41044, 1569
43978, 1569
48115, 1569
29139, 1568
33639, 1568
34202, 1568
34406, 1568
35058, 1568
36434, 1568
37103, 1568
37596, 1568
37681, 1568
37876, 1568
38656, 1568
39450, 1568
39859, 1568
40707, 1568
40779, 1568
40833, 1568
41033, 1568
41428, 1568
41613, 1568
43092, 1568
43594, 1568
44083, 1568
44888, 1568
46375, 1568
47295, 1568
21068, 1559
42424, 1554
43457, 1554
44794, 1554
45346, 1553
45809, 1553
267781, 1553
19709, 1551
37532, 1548
40187, 1548
42311, 1548
18357, 1546
43138, 1543
43975, 1543
54559, 1543
34281, 1540
41017, 1540
41437, 1540
44920, 1540
45942, 1540
46299, 1540
22471, 1535
23000, 1535
24380, 1535
351, 1532
355, 1532
19374, 1532
8326, 1528
21323, 1528
22795, 1528
24992, 1528
25278, 1528
38634, 1528
110281, 1528
21130, 1523
23854, 1523
99309, 1513
211900, 1513
2170, 1507
265761, 1499
2056, 1497
3599, 1455
200694, 1448
123867, 1445
150466, 1445
7312, 1429
448, 1412
479, 1412
513, 1412
517, 1412
269, 1408
290836, 1407
1518, 1400
577, 1388
614, 1388
4830, 1384
1156, 1381
11998, 1374
3790, 1373
120139, 1371
134860, 1371
197936, 1371
575, 1364
120850, 1360
122503, 1360
54473, 1353
60381, 1353
99016, 1353
139743, 1353
969, 1350
76419, 1335
83183, 1335
99085, 1335
113347, 1333
147461, 1333
150293, 1333
192882, 1333
220179, 1333
205026, 1328
561, 1323
135163, 1320
104082, 1311
179847, 1311
188367, 1310
174752, 1297
200107, 1297
217176, 1297
220329, 1297
221134, 1297
236465, 1297
237386, 1297
217226, 1292
11102, 1291
69455, 1291
73266, 1291
88002, 1291
91125, 1291
98323, 1291
98924, 1291
100046, 1291
104014, 1291
104688, 1291
110450, 1291
124966, 1291
193751, 1291
105668, 1286
111260, 1286
114402, 1286
125244, 1286
131242, 1286
142915, 1286
266392, 1277
26681, 1267
107162, 1267
269680, 1267
966, 1258
1021, 1258
1357, 1255
147133, 1251
6423, 1247
132335, 1247
242081, 1241
252230, 1241
1015, 1235
620, 1232
621, 1232
1387, 1232
140823, 1231
1046, 1229
1439, 1229
221361, 1222
1167, 1220
1363, 1220
1471, 1219
1496, 1219
50289, 1211
55506, 1211
67440, 1211
68869, 1211
69256, 1211
100297, 1211
101099, 1211
105778, 1211
108820, 1211
120350, 1211
127816, 1211
138618, 1211
153556, 1211
175120, 1211
185872, 1211
200796, 1211
205410, 1211
217270, 1211
225422, 1211
225606, 1211
227349, 1211
235861, 1211
260159, 1211
268958, 1211
283051, 1211
289827, 1211
295047, 1211
1372, 1209
1557, 1209
4066, 1204
187864, 1204
202144, 1204
272875, 1204
1330, 1195
985, 1193
1376, 1193
1717, 1193
1779, 1193
1827, 1193
2050, 1193
2442, 1193
2451, 1193
2630, 1193
2840, 1193
2874, 1193
2910, 1193
3097, 1193
3107, 1193
3171, 1193
3288, 1193
3295, 1193
3439, 1193
3508, 1193
3540, 1193
3565, 1193
3738, 1193
3783, 1193
3872, 1193
3935, 1193
3959, 1193
4059, 1193
4158, 1193
4233, 1193
4260, 1193
4317, 1193
4345, 1193
4353, 1193
4411, 1193
4436, 1193
4522, 1193
4556, 1193
4557, 1193
4562, 1193
4611, 1193
4639, 1193
4654, 1193
4736, 1193
4771, 1193
4865, 1193
4914, 1193
4922, 1193
4932, 1193
4980, 1193
5042, 1193
5089, 1193
5114, 1193
5135, 1193
5212, 1193
5240, 1193
114657, 1192
292191, 1192
1138, 1191
46041, 1190
54800, 1190
116095, 1190
132473, 1190
145184, 1190
159434, 1190
168074, 1190
171107, 1190
191817, 1190
192856, 1190
207149, 1190
245459, 1190
246576, 1190
269264, 1190
282976, 1190
289342, 1190
913, 1179
28157, 1178
41711, 1178
113241, 1178
1448, 1176
1313, 1175
1467, 1174
996, 1171
3466, 1168
5909, 1168
7988, 1160
9377, 1160
11782, 1160
939, 1158
962, 1158
26762, 1146
3749, 1144
4636, 1144
4706, 1144
5132, 1144
38080, 1144
39635, 1144
39959, 1144
42300, 1138
47907, 1138
70334, 1138
934, 1137
1001, 1137
31374, 1137
25988, 1136
26353, 1136
29359, 1136
25015, 1135
26403, 1134
27913, 1134
28447, 1134
30063, 1134
30237, 1134
31025, 1134
31836, 1134
30356, 1133
33726, 1133
42081, 1133
49767, 1133
5183, 1130
5970, 1130
6246, 1130
21460, 1129
23738, 1129
24193, 1129
24507, 1129
25054, 1129
25593, 1129
26497, 1129
26549, 1129
26666, 1129
26708, 1129
27340, 1129
27342, 1129
28060, 1129
28680, 1129
29004, 1129
29375, 1129
29714, 1129
30073, 1129
30582, 1129
30959, 1129
31214, 1129
31264, 1129
32511, 1129
34268, 1129
2718, 1126
24946, 1126
27115, 1126
30115, 1126
30347, 1126
30392, 1126
30466, 1126
30635, 1126
30898, 1126
31286, 1126
31474, 1126
32793, 1126
33341, 1126
16993, 1125
24702, 1125
27876, 1125
20243, 1124
20487, 1124
23058, 1124
824, 1123
1793, 1123
2426, 1123
3517, 1120
5429, 1120
6059, 1120
1368, 1118
5544, 1118
283990, 1118
30338, 1117
32612, 1117
33343, 1117
33762, 1117
34044, 1117
35092, 1117
37723, 1117
39788, 1117
41631, 1117
43432, 1117
143517, 1116
259155, 1116
1233, 1113
16184, 1112
18299, 1112
27197, 1112
27609, 1112
28169, 1112
28428, 1112
31365, 1112
33347, 1112
33575, 1112
33955, 1112
34972, 1112
35425, 1112
36758, 1112
36806, 1112
37901, 1112
38544, 1112
39715, 1112
39731, 1112
40120, 1112
40202, 1112
40455, 1112
41344, 1112
41567, 1112
41657, 1112
43763, 1112
49528, 1112
25453, 1109
27807, 1109
28495, 1109
30086, 1109
27901, 1106
28338, 1106
25290, 1104
31423, 1104
32699, 1104
34129, 1104
34468, 1104
37897, 1104
38292, 1104
39185, 1104
40978, 1104
41355, 1104
42417, 1104
42760, 1104
43630, 1104
43853, 1104
44199, 1104
44628, 1104
44703, 1104
44893, 1104
45853, 1104
46399, 1104
47485, 1104
48104, 1104
48750, 1104
20119, 1102
20717, 1102
25638, 1102
39784, 1102
48465, 1102
25486, 1100
8273, 1097
8584, 1097
8751, 1097
8843, 1097
8931, 1097
9854, 1097
9950, 1097
10043, 1097
10074, 1097
10090, 1097
10257, 1097
10261, 1097
10342, 1097
10383, 1097
10633, 1097
10704, 1097
10727, 1097
10782, 1097
10978, 1097
11269, 1097
11332, 1097
11579, 1097
11675, 1097
11746, 1097
12130, 1097
12427, 1097
12569, 1097
12785, 1097
13057, 1097
13141, 1097
13278, 1097
13419, 1097
13743, 1097
14018, 1097
4614, 1096
29494, 1093
31777, 1093
34822, 1093
39885, 1093
39939, 1093
41896, 1093
44052, 1093
45919, 1093
46371, 1093
46496, 1093
46788, 1093
48071, 1093
48724, 1093
50333, 1093
50563, 1093
50676, 1093
52237, 1093
1238, 1089
27966, 1088
30289, 1088
1316, 1085
1136, 1082
1690, 1082
14307, 1082
23109, 1082
24740, 1082
24862, 1082
26651, 1082
27120, 1082
28018, 1082
28349, 1082
28909, 1082
28958, 1082
29007, 1082
29065, 1082
31907, 1082
14316, 1081
18511, 1081
23721, 1081
23732, 1081
23861, 1081
24655, 1081
25200, 1081
25760, 1081
26368, 1081
26877, 1081
26901, 1081
26913, 1081
27193, 1081
27509, 1081
27999, 1081
28193, 1081
28975, 1081
29080, 1081
31322, 1081
40166, 1081
8670, 1075
10762, 1075
12042, 1075
12829, 1075
12975, 1075
13489, 1075
13558, 1075
13939, 1075
14020, 1075
14191, 1075
14230, 1075
14282, 1075
14421, 1075
14459, 1075
14557, 1075
14621, 1075
15040, 1075
15446, 1075
15580, 1075
15662, 1075
15774, 1075
16066, 1075
16259, 1075
9927, 1073
47832, 1073
26752, 1071
32623, 1071
39509, 1071
39831, 1071
39981, 1071
40966, 1071
41493, 1071
42089, 1071
42523, 1071
43439, 1071
44455, 1071
45265, 1071
45709, 1071
47413, 1071
47681, 1071
50561, 1071
85492, 1070
93646, 1070
96712, 1070
1098, 1069
7949, 1066
134814, 1064
7631, 1063
1284, 1062
20745, 1062
1820, 1061
256759, 1059
149783, 1058
170460, 1058
217947, 1058
32420, 1057
36764, 1057
37645, 1057
38242, 1057
38854, 1057
38962, 1057
39141, 1057
40241, 1057
40819, 1057
43622, 1057
43867, 1057
43891, 1057
43898, 1057
44177, 1057
44192, 1057
45418, 1057
46066, 1057
46363, 1057
47419, 1057
47443, 1057
48311, 1057
48696, 1057
49406, 1057
49536, 1057
49602, 1057
50401, 1057
50813, 1057
19257, 1056
22012, 1056
256563, 1056
196368, 1055
18470, 1054
19713, 1054
19867, 1054
20436, 1054
20530, 1054
20860, 1054
21066, 1054
21431, 1054
21601, 1054
21758, 1054
22098, 1054
22183, 1054
22880, 1054
23641, 1054
24008, 1054
24120, 1054
24741, 1054
24922, 1054
25243, 1054
25460, 1054
25480, 1054
25508, 1054
25604, 1054
26468, 1054
27611, 1054
5917, 1052
7004, 1052
7908, 1052
8091, 1052
8182, 1052
8296, 1052
9354, 1052
9750, 1052
11897, 1052
13011, 1052
289954, 1052
29547, 1050
35240, 1050
19792, 1048
23775, 1048
27142, 1048
34582, 1045
38070, 1045
38469, 1045
42802, 1045
44123, 1045
135139, 1045
182758, 1045
191494, 1045
191515, 1045
223934, 1045
224577, 1045
179862, 1044
10660, 1041
13378, 1041
208589, 1040
9292, 1039
286650, 1039
254692, 1037
40641, 1036
681, 1035
1294, 1035
27957, 1033
51065, 1032
7919, 1031
36359, 1030
37232, 1030
37426, 1030
37806, 1030
78359, 1030
168802, 1030
245394, 1029
18322, 1028
24657, 1027
30718, 1027
32161, 1027
260235, 1027
42642, 1020
141629, 1018
269502, 1018
13803, 1017
14289, 1017
14590, 1017
14667, 1017
14969, 1017
15126, 1017
15145, 1017
15444, 1017
15872, 1017
15885, 1017
16276, 1017
16343, 1017
16589, 1017
16656, 1017
16758, 1017
16789, 1017
16948, 1017
17043, 1017
17145, 1017
18950, 1017
19450, 1017
83103, 1016
157513, 1016
133675, 1015
179281, 1014
208894, 1014
42017, 1013
25394, 1012
56147, 1012
145784, 1012
17055, 1011
18973, 1011
19077, 1011
21191, 1011
22079, 1011
22636, 1011
22808, 1011
22914, 1011
23079, 1011
23598, 1011
24419, 1011
24444, 1011
25057, 1011
25612, 1011
26639, 1011
77911, 1010
285680, 1010
240510, 1008
90096, 1006
128173, 1006
129796, 1006
131158, 1006
145282, 1006
149575, 1006
150230, 1006
153158, 1006
155367, 1006
166280, 1006
174972, 1006
177844, 1006
181968, 1006
185574, 1006
188544, 1006
197854, 1006
201121, 1006
201126, 1006
201651, 1006
209953, 1006
219910, 1006
228450, 1006
256994, 1006
260567, 1006
267218, 1006
268598, 1006
279172, 1006
281677, 1006
284884, 1006
11807, 1005
248194, 1005
276645, 1005
119200, 1001
121641, 1001
127140, 1001
132931, 1001
144377, 1001
157479, 1001
164323, 1001
165081, 1001
165954, 1001
210815, 1001
