47687, 57504
120185, 57471
127946, 57471
171677, 57471
210232, 57471
239846, 57471
143117, 56982
44299, 56917
78093, 56462
88993, 56462
100890, 56462
114745, 56462
115923, 56462
117601, 56462
126958, 56462
128623, 56462
129909, 56462
129981, 56462
131214, 56462
132147, 56462
133323, 56462
136387, 56462
140584, 56462
142743, 56462
146212, 56462
157880, 56462
166411, 56462
168819, 56462
173617, 56462
188390, 56462
193785, 56462
198148, 56462
198899, 56462
202838, 56462
204163, 56462
207840, 56462
209921, 56462
222793, 56462
224275, 56462
230242, 56462
242310, 56462
244007, 56462
254734, 56462
258013, 56462
277279, 56462
278601, 56462
279610, 56462
286510, 56462
290579, 56462
45071, 7284
77046, 7284
77873, 7284
98415, 7284
101598, 7284
167040, 7284
190260, 7231
160374, 7230
189274, 7230
212173, 7230
153840, 7214
98213, 7146
168023, 7146
205024, 7146
160800, 7118
182942, 7118
286722, 7095
239216, 7091
254636, 7091
110638, 7088
254760, 7088
97420, 7084
235416, 7083
254096, 7083
227554, 7069
242180, 7069
16274, 7048
195898, 7048
250838, 7048
121416, 7036
75746, 7034
145053, 7034
215624, 7034
92564, 7009
95224, 7009
113431, 7009
120568, 7009
174800, 7009
226954, 7009
62356, 7001
189190, 7001
281902, 6993
33295, 6965
107271, 6965
257920, 6965
271597, 6965
31512, 6907
74851, 6907
116022, 6907
28177, 6866
127080, 6866
243784, 6866
280995, 6866
70690, 6858
153835, 6856
230184, 6856
234856, 6848
280662, 6848
59650, 6838
80994, 6838
83034, 6838
88299, 6838
111330, 6838
261532, 6838
268342, 6838
21572, 6834
245339, 6834
182972, 6822
39750, 6816
150505, 6816
190391, 6816
198292, 6816
252152, 6816
174926, 6810
177642, 6810
201879, 6810
296598, 6810
251263, 6809
128226, 6790
153423, 6790
236397, 6790
247718, 6790
288478, 6785
81671, 6726
163532, 6726
53200, 6715
81979, 6715
179909, 6715
250514, 6715
279715, 6715
282019, 6706
194240, 6695
290114, 6695
231655, 6665
142691, 6664
283879, 6661
55157, 6656
133761, 6656
225466, 6645
281115, 6645
202732, 6632
246888, 6597
171745, 6571
293610, 6571
66916, 6553
68608, 6553
168851, 6553
197114, 6553
262172, 6553
265145, 6553
292631, 6553
17753, 6551
24413, 6551
58421, 6551
115332, 6551
120821, 6551
209811, 6551
224288, 6551
79593, 6549
28873, 6509
197044, 6509
277775, 6509
62808, 6459
67971, 6459
195511, 6459
213072, 6459
289365, 6459
264267, 6451
212060, 6444
280339, 6444
52504, 6402
137415, 6395
177729, 6395
211541, 6395
237453, 6395
105507, 6380
222305, 6380
196781, 6374
257519, 6374
287997, 6374
36369, 6366
234117, 6363
255342, 6363
266076, 6363
131921, 6345
215297, 6337
97720, 6336
93113, 6335
154937, 6315
187315, 6307
213753, 6307
29373, 6291
137190, 6291
279469, 6291
99398, 6289
109760, 6289
144170, 6257
240227, 6250
73635, 6247
96362, 6208
118766, 6208
129092, 6208
136806, 6208
154450, 6208
169616, 6208
258630, 6208
272013, 6208
277780, 6208
282375, 6208
286809, 6208
290704, 6208
124043, 6207
40895, 6206
59367, 6206
235818, 6196
264245, 6189
285824, 6189
99203, 6179
118601, 6179
140253, 6179
171483, 6177
256330, 6177
93459, 6162
111398, 6162
195639, 6162
235541, 6162
188852, 6161
201800, 6147
58752, 6140
250307, 6112
91773, 6109
130613, 6085
232793, 6085
59995, 6081
157890, 6081
197461, 6081
204880, 6081
232035, 6081
289228, 6081
295692, 6081
78592, 6079
115543, 6079
160680, 6076
262080, 6076
296074, 6076
235912, 6046
261406, 6046
281588, 6046
255543, 6043
194140, 6024
235827, 6024
211024, 6003
184551, 5992
289762, 5984
132319, 5978
63920, 5974
163010, 5974
212986, 5974
246097, 5974
260927, 5974
56630, 5960
168705, 5960
23490, 5948
257393, 5935
146276, 5913
248853, 5913
242269, 5906
91847, 5901
124459, 5897
160078, 5897
186015, 5897
53792, 5893
277864, 5893
214066, 5888
178204, 5886
125758, 5880
182912, 5873
183553, 5869
186384, 5869
196389, 5869
200800, 5869
255856, 5869
282648, 5869
122268, 5866
55652, 5856
120464, 5856
212771, 5856
214428, 5856
245095, 5856
279750, 5856
109731, 5828
172473, 5828
221325, 5828
221538, 5828
237322, 5828
251352, 5828
263142, 5828
263594, 5828
277404, 5828
278413, 5828
280169, 5828
291200, 5828
293890, 5828
283562, 5827
150169, 5819
118290, 5816
150597, 5816
184110, 5816
198856, 5816
226494, 5816
46184, 5812
195787, 5812
270740, 5812
162496, 5807
60252, 5802
224991, 5799
41459, 5795
92660, 5795
187392, 5795
118034, 5776
142587, 5776
147014, 5776
165318, 5776
214036, 5776
225734, 5776
240434, 5776
126920, 5774
20458, 5757
28626, 5757
45583, 5757
87443, 5757
109237, 5757
163489, 5757
296162, 5757
180357, 5753
259308, 5753
21340, 5741
121837, 5741
20556, 5730
50046, 5730
175271, 5730
242612, 5730
29900, 5725
171539, 5725
41485, 5722
34673, 5717
260417, 5717
110142, 5708
213458, 5707
294413, 5707
153673, 5698
246605, 5698
285937, 5698
164985, 5694
168364, 5694
239193, 5694
288865, 5694
93061, 5682
73360, 5674
250073, 5673
176970, 5668
294127, 5668
179164, 5657
227790, 5631
37228, 5628
96818, 5628
135607, 5628
249390, 5628
257527, 5628
275004, 5628
62572, 5620
81672, 5620
274472, 5620
289158, 5620
263359, 5613
25300, 5597
76155, 5597
130939, 5597
9708, 5587
58590, 5587
106826, 5587
168482, 5587
186445, 5587
202911, 5587
211454, 5587
255013, 5587
77390, 5582
105616, 5573
146601, 5573
270346, 5573
177559, 5572
273970, 5572
283486, 5571
131578, 5567
208762, 5567
259649, 5567
78216, 5563
188747, 5563
267249, 5563
265323, 5559
123900, 5514
172680, 5514
247573, 5514
266040, 5514
283035, 5514
287807, 5514
246345, 5506
124496, 5499
176742, 5493
196605, 5493
268005, 5488
45315, 5485
73824, 5485
76658, 5485
93379, 5485
29433, 5484
279570, 5483
34757, 5473
55938, 5473
87888, 5473
95552, 5473
95558, 5473
96078, 5473
103061, 5473
101212, 5469
210674, 5469
283368, 5469
40091, 5461
68095, 5461
187538, 5461
47734, 5460
76611, 5460
159379, 5460
227280, 5460
273155, 5460
288391, 5460
294519, 5460
49435, 5457
142319, 5457
210370, 5457
286879, 5443
207147, 5439
154135, 5431
185569, 5431
270255, 5431
288465, 5431
288484, 5431
294236, 5431
99906, 5430
158941, 5425
165979, 5425
187023, 5425
204804, 5425
224151, 5425
284785, 5425
65968, 5415
77113, 5415
95769, 5415
193910, 5415
225197, 5415
280042, 5415
290799, 5415
296589, 5415
247345, 5413
156931, 5411
110410, 5409
77315, 5408
204778, 5408
107254, 5403
222085, 5397
230867, 5397
268222, 5397
75719, 5394
131257, 5394
200773, 5394
246919, 5394
128973, 5386
142300, 5386
147767, 5386
154564, 5386
169540, 5386
178410, 5386
191920, 5386
196686, 5386
229155, 5386
237399, 5386
248003, 5386
255788, 5386
259970, 5386
276253, 5386
183153, 5380
72906, 5378
198814, 5378
32784, 5370
84822, 5370
154631, 5370
237751, 5370
251195, 5370
26802, 5357
111600, 5357
194032, 5350
277392, 5350
98889, 5342
190204, 5342
212772, 5342
158943, 5341
206858, 5335
238068, 5335
161633, 5330
184330, 5330
189690, 5330
233641, 5330
49031, 5329
87611, 5329
94124, 5329
175911, 5329
185002, 5329
257426, 5329
15273, 5325
131555, 5325
30566, 5319
258490, 5319
158686, 5313
219486, 5313
252035, 5313
71345, 5308
22451, 5303
51765, 5303
71219, 5297
86299, 5297
94519, 5297
229019, 5297
146781, 5293
44339, 5283
129844, 5283
257795, 5283
35715, 5282
81519, 5282
284776, 5282
257494, 5265
139328, 5242
145832, 5238
168346, 5238
222189, 5237
71899, 5218
222899, 5218
69220, 5217
215424, 5217
226782, 5217
233590, 5217
35979, 5197
117949, 5197
90337, 5195
104612, 5195
145989, 5192
254865, 5192
103446, 5170
73790, 5164
120028, 5164
157172, 5164
277212, 5162
285538, 5148
74395, 5145
159638, 5142
11729, 5135
212535, 5135
107240, 5131
181542, 5131
273864, 5131
287300, 5131
11419, 5128
128017, 5128
129404, 5128
140137, 5128
186002, 5128
223732, 5128
287938, 5128
40102, 5116
72273, 5114
50521, 5113
58422, 5113
206920, 5113
211460, 5111
196030, 5106
240833, 5106
119370, 5097
227676, 5096
119270, 5092
87995, 5088
94151, 5088
279115, 5088
104509, 5083
99467, 5076
148402, 5071
196787, 5071
277354, 5071
270924, 5070
17723, 5044
24660, 5044
24830, 5044
33724, 5044
164231, 5044
222294, 5044
277793, 5044
121341, 5042
15139, 5031
180413, 5031
187778, 5031
73768, 5029
241148, 5020
105583, 5017
95922, 5016
129116, 5013
156866, 5013
190470, 5013
202775, 5013
291048, 5013
69032, 5009
186244, 5009
210325, 5009
182196, 5005
200209, 5005
284423, 5005
112054, 4995
126925, 4994
164203, 4994
218265, 4980
273875, 4980
263280, 4978
27912, 4962
30389, 4962
49762, 4962
65687, 4962
81031, 4962
107769, 4962
174463, 4962
184966, 4962
217590, 4962
85557, 4955
137844, 4951
165439, 4950
170097, 4946
142270, 4936
192400, 4936
280503, 4936
71726, 4934
130638, 4934
59678, 4928
282868, 4928
285811, 4921
30050, 4918
88530, 4918
90180, 4918
235384, 4918
44494, 4917
83160, 4917
103263, 4915
29618, 4910
67119, 4910
47407, 4908
249093, 4907
278391, 4905
145166, 4899
175501, 4899
189542, 4899
224510, 4899
77707, 4895
26842, 4892
95764, 4892
191286, 4892
193930, 4890
80862, 4886
264842, 4879
62056, 4878
99020, 4878
136280, 4878
193266, 4878
250182, 4878
19764, 4875
26620, 4875
31605, 4875
72695, 4875
92762, 4869
18503, 4868
226013, 4858
116297, 4851
217954, 4842
221703, 4837
245273, 4836
9014, 4833
222536, 4831
159162, 4829
243046, 4828
166568, 4821
116092, 4817
12987, 4816
207407, 4816
154511, 4800
286792, 4800
42378, 4799
138243, 4799
33161, 4790
31869, 4786
72152, 4786
153192, 4786
146340, 4783
250915, 4783
34145, 4773
37834, 4773
91151, 4773
164800, 4773
182612, 4773
226146, 4773
200215, 4769
8564, 4763
141025, 4763
188762, 4763
39215, 4757
53031, 4757
107818, 4757
231322, 4757
33485, 4754
152627, 4747
154195, 4747
231922, 4747
237478, 4747
266463, 4747
245006, 4743
283253, 4743
293407, 4743
246139, 4742
4741, 4736
84094, 4736
108136, 4736
202440, 4736
218142, 4736
237992, 4736
289748, 4736
54049, 4734
84863, 4734
101740, 4733
141665, 4733
173481, 4733
190026, 4733
194977, 4733
216028, 4733
227551, 4733
118998, 4731
64921, 4726
89060, 4723
146596, 4723
165721, 4723
292679, 4723
177608, 4720
192950, 4720
28055, 4717
131372, 4717
295464, 4716
15756, 4714
43528, 4714
45247, 4714
84519, 4714
92856, 4714
142014, 4714
121020, 4709
175667, 4708
148497, 4707
11284, 4701
32777, 4698
293997, 4698
81349, 4693
73125, 4688
161817, 4687
100846, 4681
292380, 4671
49893, 4663
57603, 4663
83260, 4663
141031, 4663
45206, 4660
85418, 4660
89282, 4660
119625, 4660
189172, 4660
214456, 4660
230361, 4660
7307, 4659
87226, 4659
163524, 4659
167137, 4659
50107, 4641
9303, 4640
140369, 4638
58633, 4637
129136, 4635
248722, 4635
270482, 4635
58389, 4626
55228, 4620
81718, 4615
12847, 4614
69080, 4614
101303, 4614
134556, 4614
195987, 4614
224739, 4614
261761, 4614
120529, 4610
180098, 4610
11153, 4609
52823, 4609
126459, 4609
225647, 4607
28459, 4605
292821, 4605
32819, 4602
54714, 4600
90223, 4599
124161, 4599
237483, 4599
283052, 4599
136016, 4598
56045, 4589
86825, 4583
136687, 4583
85496, 4580
69894, 4577
82449, 4576
13906, 4575
39618, 4575
108187, 4575
172488, 4575
37408, 4573
271256, 4573
53910, 4571
14412, 4570
212825, 4562
24629, 4561
59811, 4557
90516, 4557
92789, 4556
281997, 4556
95133, 4549
20591, 4546
96334, 4546
104803, 4545
116648, 4545
124201, 4545
125073, 4545
27490, 4536
52359, 4533
109820, 4530
270932, 4528
146385, 4526
168075, 4526
29802, 4522
86143, 4520
112776, 4520
23678, 4519
78084, 4519
80982, 4519
119838, 4519
130027, 4519
138134, 4519
275987, 4519
88512, 4518
10098, 4517
203636, 4517
92648, 4513
267148, 4504
44611, 4503
62982, 4503
69796, 4503
87325, 4503
106064, 4503
179973, 4503
194866, 4503
243230, 4503
286610, 4503
294336, 4503
187887, 4499
89024, 4494
115650, 4494
210692, 4494
270263, 4494
57711, 4488
66113, 4488
110205, 4488
165304, 4488
208043, 4488
12000, 4487
183498, 4486
47089, 4482
65873, 4482
167376, 4482
180576, 4482
195111, 4482
244724, 4482
7591, 4481
102073, 4479
95403, 4478
206896, 4477
94889, 4476
129026, 4476
169355, 4476
32782, 4472
50713, 4466
54886, 4466
73771, 4466
83679, 4466
226741, 4466
256219, 4466
210347, 4465
237405, 4465
192203, 4463
20708, 4458
46987, 4458
55192, 4458
88083, 4457
32526, 4454
77406, 4453
234265, 4453
153876, 4451
219142, 4449
45582, 4448
53211, 4448
114589, 4448
115550, 4448
190599, 4448
275941, 4448
24987, 4447
56220, 4447
163104, 4447
173010, 4447
179853, 4447
190365, 4447
195248, 4447
226158, 4447
18211, 4446
69335, 4446
115656, 4446
172637, 4446
185672, 4446
187646, 4446
206708, 4446
276103, 4446
107445, 4442
204508, 4442
36540, 4440
147366, 4440
162109, 4440
198678, 4440
23916, 4436
36232, 4436
240038, 4434
89693, 4430
206354, 4430
206788, 4430
104881, 4428
126081, 4428
285169, 4428
38683, 4427
44651, 4427
141704, 4427
194724, 4427
215570, 4427
218327, 4427
230904, 4427
235373, 4427
243674, 4427
77595, 4426
239504, 4426
279327, 4426
32886, 4424
158951, 4424
23941, 4422
63458, 4422
123010, 4422
163959, 4422
96915, 4418
160877, 4418
285190, 4418
285974, 4418
294058, 4418
233221, 4417
19707, 4415
20695, 4415
55143, 4415
227457, 4415
256572, 4415
213580, 4414
246800, 4414
161702, 4411
174398, 4410
276562, 4405
159528, 4389
235686, 4389
37320, 4387
41088, 4387
279826, 4386
292211, 4386
30642, 4384
126613, 4384
189174, 4384
160155, 4380
245265, 4380
10553, 4376
201327, 4376
81926, 4375
146251, 4375
133606, 4372
214706, 4371
259466, 4371
261665, 4371
51554, 4370
141917, 4370
199812, 4370
273427, 4366
282990, 4366
119271, 4361
227183, 4361
154080, 4360
30067, 4354
40842, 4354
57733, 4354
69008, 4354
135295, 4347
228368, 4347
250857, 4347
276993, 4347
283076, 4347
255254, 4341
291008, 4341
274432, 4340
49981, 4336
226450, 4336
232313, 4333
13575, 4332
67408, 4332
87069, 4332
212820, 4332
176351, 4329
24317, 4328
234784, 4328
235245, 4328
237070, 4328
194422, 4325
266998, 4324
69792, 4314
84005, 4314
109476, 4314
202168, 4314
279294, 4314
177077, 4310
9489, 4307
43073, 4307
144352, 4307
39408, 4306
44195, 4306
68365, 4306
86891, 4306
121463, 4306
262483, 4306
184996, 4304
108506, 4302
194298, 4302
228066, 4302
228114, 4302
59125, 4300
161848, 4300
165121, 4300
165755, 4300
155608, 4299
208972, 4299
238976, 4299
284036, 4299
290893, 4299
204225, 4298
72259, 4296
29750, 4295
48299, 4295
52754, 4295
123325, 4295
140142, 4295
150849, 4295
175808, 4295
192525, 4295
268215, 4295
240094, 4292
93289, 4291
188498, 4291
248674, 4291
248809, 4291
250900, 4291
77676, 4290
96812, 4289
209555, 4289
200826, 4285
51595, 4284
76480, 4284
124481, 4284
201000, 4284
215940, 4284
264636, 4284
27854, 4282
246363, 4282
257489, 4282
264434, 4280
276199, 4280
287524, 4278
132606, 4274
104059, 4269
211961, 4269
220764, 4269
190912, 4266
296417, 4266
63244, 4265
236668, 4265
287594, 4265
142118, 4264
20027, 4262
128817, 4262
141010, 4262
144389, 4262
199154, 4262
213782, 4262
221856, 4262
234241, 4262
156074, 4248
2679, 4245
112531, 4243
124694, 4243
139380, 4243
250952, 4243
294393, 4243
187344, 4241
157820, 4236
87519, 4235
22819, 4233
185562, 4230
225143, 4226
46691, 4225
8055, 4224
159534, 4224
53351, 4220
72823, 4220
96710, 4220
105024, 4220
190619, 4220
222227, 4220
284164, 4220
216229, 4218
279490, 4217
68311, 4216
83231, 4216
132167, 4216
77871, 4215
105463, 4215
118094, 4215
133194, 4215
186755, 4215
225406, 4215
103339, 4213
127150, 4213
147914, 4213
159706, 4213
187094, 4213
274001, 4213
294164, 4213
232804, 4212
59500, 4206
91980, 4206
95304, 4206
114403, 4206
115577, 4206
159803, 4206
179710, 4206
276198, 4206
104821, 4202
183185, 4202
194529, 4202
22298, 4199
72374, 4199
58297, 4193
80118, 4193
94275, 4193
84540, 4192
109418, 4192
168849, 4192
236609, 4192
262175, 4192
272804, 4192
28734, 4191
29641, 4191
38620, 4191
39550, 4191
44369, 4191
49573, 4191
52953, 4191
54410, 4191
54927, 4191
55851, 4191
60973, 4191
61047, 4191
61131, 4191
65287, 4191
77687, 4191
93621, 4191
71035, 4189
98505, 4189
107178, 4189
132947, 4189
133568, 4189
213919, 4189
215698, 4189
231459, 4189
259351, 4189
263941, 4189
249186, 4187
268725, 4187
142997, 4183
235286, 4176
106062, 4174
165248, 4172
242071, 4172
255257, 4172
263952, 4172
272842, 4172
273680, 4172
292934, 4172
50929, 4168
223653, 4168
190339, 4167
205547, 4167
194623, 4163
36277, 4160
139364, 4158
229422, 4155
294250, 4155
128335, 4152
163844, 4152
181571, 4152
231919, 4152
244811, 4152
191225, 4150
47549, 4147
39664, 4142
227721, 4142
35907, 4138
217046, 4138
78510, 4136
79572, 4136
132025, 4135
112688, 4129
120889, 4129
132968, 4129
190294, 4129
204896, 4129
226209, 4129
233005, 4129
237979, 4129
264520, 4129
267337, 4129
61108, 4121
74695, 4121
109344, 4121
118426, 4121
179348, 4121
275252, 4121
130702, 4119
273573, 4119
15122, 4118
33547, 4118
160104, 4118
163328, 4118
176041, 4118
177195, 4118
256294, 4118
74995, 4114
189442, 4113
185830, 4107
247089, 4107
224363, 4105
287399, 4105
63945, 4098
89740, 4098
129046, 4098
145378, 4098
147047, 4098
154897, 4098
183512, 4098
207694, 4098
215054, 4098
32134, 4095
56813, 4093
79780, 4093
114005, 4093
262883, 4093
126547, 4091
183752, 4091
36509, 4090
127999, 4089
147963, 4077
99622, 4071
139453, 4071
239035, 4071
80958, 4070
98708, 4070
159372, 4070
89272, 4069
115107, 4069
40652, 4063
200208, 4061
178245, 4059
32133, 4054
35748, 4054
37458, 4054
47761, 4054
51828, 4054
71699, 4054
138351, 4047
61215, 4046
273492, 4045
66134, 4044
236361, 4044
56572, 4041
113366, 4037
151554, 4035
161419, 4033
216961, 4027
29165, 4022
42481, 4022
60125, 4021
55642, 4017
56641, 4017
34024, 4016
180213, 4011
53898, 4009
113829, 4009
198908, 4009
222448, 4009
24998, 4008
229346, 4007
74825, 4006
90525, 4006
55313, 4005
145519, 4001
281604, 3998
184672, 3996
200533, 3996
45768, 3995
75144, 3995
279725, 3993
33349, 3992
54019, 3991
6525, 3990
163948, 3990
285213, 3990
116055, 3989
120585, 3989
15243, 3987
48587, 3987
58237, 3987
91089, 3987
95258, 3987
98275, 3987
108839, 3987
116757, 3987
147984, 3987
48342, 3985
63573, 3985
76471, 3985
150303, 3985
171514, 3985
260510, 3985
276132, 3985
165233, 3984
258784, 3984
130285, 3983
280417, 3983
158246, 3980
117902, 3979
215045, 3979
120832, 3976
269711, 3976
60725, 3974
79313, 3974
194364, 3974
226106, 3974
242739, 3974
251416, 3974
253253, 3974
278258, 3974
285491, 3974
93952, 3972
111005, 3972
127561, 3972
286663, 3972
73930, 3961
118291, 3961
177595, 3961
111792, 3959
106334, 3958
217204, 3958
281260, 3958
87050, 3952
129090, 3952
130632, 3952
141944, 3952
172357, 3952
210205, 3951
9706, 3946
209579, 3938
246023, 3937
29942, 3927
56042, 3927
58985, 3927
79804, 3927
86295, 3927
89739, 3927
118215, 3927
177187, 3927
225166, 3927
256086, 3927
25607, 3924
25548, 3921
126871, 3917
264975, 3915
22176, 3913
12150, 3909
203672, 3909
283832, 3909
206690, 3907
151334, 3906
128567, 3905
192597, 3905
226875, 3905
41894, 3904
61798, 3904
41642, 3899
94931, 3899
99163, 3899
244037, 3899
271666, 3899
26515, 3898
22104, 3895
72822, 3895
87354, 3895
104679, 3895
127730, 3895
176214, 3895
89482, 3892
195715, 3891
121863, 3880
149352, 3870
222131, 3870
13041, 3868
73442, 3868
74702, 3868
80932, 3868
105415, 3868
105545, 3868
122562, 3868
135525, 3868
141727, 3868
247213, 3868
117220, 3865
76793, 3864
97602, 3860
49318, 3856
143535, 3856
147795, 3856
272669, 3856
45342, 3854
33718, 3851
73840, 3851
78274, 3851
46114, 3850
66061, 3850
68389, 3850
141487, 3850
236039, 3850
288523, 3850
157235, 3848
196888, 3848
111584, 3847
287834, 3845
212080, 3844
166660, 3842
91397, 3839
8458, 3837
27974, 3837
123932, 3837
8525, 3829
40050, 3829
139474, 3829
267703, 3829
83193, 3828
170124, 3828
38419, 3824
89608, 3822
100906, 3822
103178, 3822
122320, 3822
140772, 3822
188603, 3822
160715, 3820
237315, 3820
34488, 3819
69658, 3818
78067, 3818
133809, 3818
156210, 3818
195850, 3818
197504, 3818
205345, 3818
91924, 3816
282037, 3816
282577, 3814
75449, 3809
131341, 3809
129408, 3803
197747, 3803
76577, 3802
279582, 3800
24466, 3798
29706, 3798
158639, 3798
192682, 3798
203426, 3798
15693, 3792
3325, 3791
128715, 3791
211250, 3791
219548, 3791
232066, 3791
249689, 3791
203414, 3789
91319, 3788
249263, 3787
118879, 3784
193041, 3784
15000, 3780
130180, 3780
268625, 3780
291857, 3780
211880, 3779
247218, 3774
258334, 3773
283190, 3773
112722, 3771
175338, 3771
187171, 3771
191220, 3771
197085, 3771
201814, 3771
204121, 3771
212245, 3771
233862, 3771
238125, 3771
241468, 3771
242406, 3771
244885, 3771
217166, 3770
52385, 3769
55891, 3769
120480, 3769
129382, 3769
199487, 3769
212330, 3769
284937, 3769
92334, 3766
249800, 3763
13293, 3760
25303, 3758
293898, 3758
41783, 3757
73337, 3757
86593, 3757
101135, 3757
127930, 3757
141138, 3757
143895, 3757
165620, 3757
204498, 3757
214370, 3757
52573, 3756
97144, 3756
100545, 3756
127032, 3756
130630, 3756
176066, 3756
236300, 3756
257335, 3756
192820, 3755
19420, 3750
21725, 3750
23076, 3750
25495, 3750
33245, 3750
37374, 3750
50175, 3750
58064, 3750
62094, 3750
63559, 3750
64590, 3750
64663, 3750
70608, 3750
72752, 3750
82138, 3750
87104, 3750
91566, 3750
97369, 3750
104278, 3750
104957, 3750
130198, 3750
134092, 3750
140048, 3750
154901, 3750
165895, 3750
167369, 3750
168632, 3750
179900, 3750
229290, 3750
274790, 3750
53619, 3749
60940, 3749
73514, 3749
85362, 3749
137032, 3749
144403, 3749
146417, 3749
151313, 3749
211289, 3749
244229, 3749
262062, 3749
276096, 3749
292527, 3749
88296, 3747
99629, 3747
108014, 3747
115435, 3747
133518, 3747
16451, 3746
107686, 3742
113848, 3740
171659, 3740
245232, 3740
257059, 3740
183591, 3737
88764, 3735
169104, 3730
279806, 3730
1234, 3726
61771, 3724
73315, 3721
104591, 3721
111411, 3721
119915, 3721
120972, 3721
121913, 3721
129231, 3721
134515, 3721
146586, 3721
152368, 3721
162600, 3721
171815, 3721
181176, 3721
188554, 3721
199471, 3721
206576, 3721
243202, 3721
245836, 3721
124561, 3720
282039, 3720
288550, 3719
181164, 3710
269272, 3710
99777, 3706
44501, 3704
69698, 3704
79987, 3704
194148, 3704
224048, 3704
255604, 3704
284277, 3704
284469, 3704
218808, 3702
239151, 3702
248435, 3702
106885, 3699
181975, 3691
98992, 3690
90517, 3689
6842, 3687
59974, 3687
86116, 3687
114463, 3687
160094, 3687
178481, 3687
236088, 3687
90799, 3681
172761, 3681
136872, 3680
52547, 3679
85830, 3679
92091, 3679
96013, 3679
97581, 3679
64874, 3670
58774, 3668
113486, 3668
140513, 3668
203309, 3668
233317, 3668
236281, 3668
248701, 3668
251690, 3668
253563, 3668
261791, 3668
274286, 3668
275900, 3668
280708, 3668
295107, 3668
149100, 3665
192240, 3661
57645, 3650
73099, 3650
73973, 3650
85134, 3650
89064, 3650
114387, 3650
117702, 3650
127670, 3650
128325, 3650
143199, 3650
187268, 3650
188804, 3650
205767, 3650
215129, 3650
133135, 3649
55592, 3646
190762, 3646
9983, 3644
82184, 3644
103594, 3644
111517, 3644
200777, 3644
238794, 3644
288402, 3644
149634, 3638
275145, 3638
188827, 3637
217489, 3637
28736, 3636
62610, 3634
64694, 3631
177809, 3631
214696, 3631
268881, 3631
274434, 3631
279703, 3631
225153, 3630
237976, 3630
265006, 3630
208498, 3629
44585, 3627
145275, 3627
177754, 3627
207286, 3626
163152, 3621
284873, 3621
32169, 3619
183636, 3618
100000, 3612
278595, 3612
103589, 3609
18812, 3607
28540, 3607
250727, 3607
279917, 3607
238526, 3605
274399, 3604
279376, 3604
62807, 3600
191940, 3599
11510, 3594
111477, 3594
158668, 3594
184958, 3594
145622, 3593
208487, 3591
275017, 3591
295517, 3591
3829, 3590
58625, 3589
99432, 3589
228159, 3589
282320, 3587
141829, 3585
36000, 3583
211372, 3583
228017, 3583
241167, 3581
270001, 3580
285467, 3578
170191, 3576
117066, 3571
167151, 3571
279720, 3571
280982, 3571
237651, 3567
236418, 3563
32275, 3560
100165, 3560
281993, 3559
296498, 3559
150833, 3556
218522, 3556
293035, 3556
100797, 3553
130252, 3553
157798, 3553
167519, 3553
177620, 3553
230707, 3553
232129, 3553
265190, 3552
129654, 3551
268009, 3551
22195, 3548
116177, 3546
163260, 3544
176842, 3544
191565, 3540
128751, 3538
198059, 3534
148478, 3529
93799, 3528
162953, 3528
125953, 3522
115119, 3514
98045, 3512
49131, 3509
183781, 3509
245771, 3509
294321, 3509
187259, 3507
62130, 3506
86799, 3506
97161, 3506
169931, 3506
283315, 3504
50478, 3502
70900, 3502
79407, 3502
127986, 3502
135830, 3502
248663, 3502
51103, 3501
36946, 3499
10627, 3498
14879, 3498
22574, 3498
27683, 3495
30288, 3495
36973, 3495
39079, 3495
42655, 3495
48987, 3495
53389, 3495
53847, 3495
54016, 3495
55991, 3495
60151, 3495
69152, 3495
79664, 3495
98565, 3495
99363, 3495
108018, 3495
109243, 3495
110679, 3495
168545, 3495
189127, 3495
254381, 3495
266867, 3493
10131, 3487
48241, 3487
59287, 3484
21654, 3483
171559, 3483
208214, 3482
215744, 3477
90533, 3472
242423, 3471
154276, 3470
93101, 3468
119656, 3467
66052, 3459
66885, 3459
117943, 3459
120940, 3459
123639, 3459
125672, 3459
142294, 3459
144116, 3459
144205, 3459
176526, 3459
195025, 3459
205798, 3459
211154, 3459
218949, 3459
228845, 3459
237356, 3459
240148, 3459
241313, 3459
256565, 3459
63161, 3457
9902, 3456
193705, 3456
128763, 3453
92540, 3451
96446, 3451
110963, 3451
123018, 3451
136378, 3451
142705, 3451
144581, 3451
146195, 3451
148705, 3451
157323, 3451
160136, 3451
162668, 3451
171313, 3451
178534, 3451
200926, 3451
220384, 3451
222332, 3451
227347, 3451
238315, 3451
258737, 3451
279218, 3451
284734, 3451
288287, 3451
51997, 3448
216409, 3446
74895, 3439
251901, 3439
122459, 3436
100532, 3435
149986, 3435
170669, 3435
230353, 3435
27411, 3434
194304, 3432
224662, 3424
238553, 3424
185863, 3423
277239, 3423
230458, 3422
114982, 3420
191166, 3420
210333, 3420
221597, 3420
244175, 3420
246322, 3420
267327, 3420
124897, 3414
293859, 3413
257238, 3412
215522, 3409
215860, 3407
262123, 3407
44191, 3404
106302, 3404
180754, 3403
148695, 3399
288411, 3399
258927, 3396
170818, 3395
202460, 3395
239215, 3395
259711, 3395
89033, 3393
162593, 3393
103519, 3388
112540, 3388
98283, 3387
108338, 3387
125434, 3387
238014, 3387
261574, 3387
190947, 3386
195223, 3384
199226, 3382
279820, 3382
101239, 3380
226973, 3380
264327, 3380
1247, 3373
108414, 3373
135018, 3371
71202, 3370
130841, 3370
260865, 3364
272352, 3362
45090, 3357
228989, 3357
217619, 3356
173226, 3349
218405, 3348
142164, 3338
220553, 3338
40601, 3333
151652, 3333
52430, 3332
166075, 3332
192935, 3328
91155, 3325
263942, 3325
7398, 3324
100432, 3324
108230, 3322
263333, 3318
262533, 3314
207082, 3311
292989, 3311
24956, 3304
246312, 3302
265503, 3302
128781, 3301
130488, 3301
240487, 3301
277661, 3301
285151, 3297
173263, 3292
130098, 3288
256798, 3288
279973, 3288
87148, 3282
38426, 3281
45963, 3280
49256, 3280
52939, 3280
63910, 3280
100836, 3280
104061, 3280
118419, 3280
146651, 3280
152039, 3280
209826, 3280
241079, 3280
178384, 3279
247173, 3278
240595, 3273
237347, 3271
264369, 3269
243607, 3264
291439, 3264
66119, 3263
26313, 3257
35808, 3257
59286, 3257
283402, 3257
43588, 3253
55391, 3253
160932, 3253
179897, 3253
229168, 3253
242650, 3251
252148, 3247
34964, 3245
50674, 3240
258461, 3240
263401, 3236
156806, 3235
104042, 3234
220269, 3234
91960, 3225
207381, 3225
108746, 3224
262711, 3224
277574, 3224
31990, 3223
98221, 3223
192335, 3223
32902, 3222
36880, 3222
85550, 3222
119193, 3222
86500, 3221
229660, 3221
235289, 3218
21581, 3217
5878, 3215
205342, 3215
296139, 3215
283379, 3214
294537, 3214
169063, 3213
175915, 3209
170286, 3208
25048, 3206
256680, 3206
42235, 3205
200529, 3204
245906, 3202
39978, 3201
92828, 3201
147554, 3201
57915, 3200
208949, 3200
219881, 3200
9745, 3198
112007, 3198
222868, 3196
170120, 3193
258198, 3193
58040, 3191
230788, 3191
247974, 3191
261854, 3191
39075, 3190
66601, 3190
109639, 3190
285670, 3190
170024, 3186
218553, 3184
261039, 3184
207365, 3183
83495, 3182
126862, 3182
202475, 3182
215318, 3182
236840, 3182
269571, 3182
281257, 3182
119982, 3181
269581, 3180
40022, 3179
60404, 3179
81624, 3179
124556, 3179
176264, 3178
228512, 3178
17204, 3177
217540, 3175
81149, 3173
178442, 3172
252201, 3172
257772, 3172
66809, 3170
294635, 3169
78076, 3168
7757, 3167
113096, 3167
140522, 3167
251481, 3167
142208, 3165
218752, 3165
228166, 3165
232033, 3165
59019, 3163
187870, 3163
207576, 3163
49898, 3162
208276, 3162
228643, 3162
278484, 3162
47074, 3160
203788, 3160
272475, 3160
290259, 3157
50557, 3156
197742, 3156
197769, 3156
202405, 3156
250885, 3156
53830, 3154
72588, 3152
180067, 3152
210821, 3152
222357, 3152
122498, 3149
223194, 3149
266674, 3149
59657, 3148
109271, 3148
194981, 3148
182515, 3146
193737, 3146
208635, 3146
57528, 3144
26357, 3143
93433, 3143
108834, 3143
125134, 3143
244058, 3143
31983, 3142
286322, 3142
78796, 3139
247975, 3138
63696, 3137
181827, 3136
190418, 3136
231145, 3136
276580, 3136
168038, 3134
256617, 3134
57651, 3132
15309, 3131
109046, 3128
147649, 3128
166570, 3128
228429, 3128
287144, 3127
280431, 3125
44484, 3120
160000, 3115
167778, 3115
182404, 3115
184688, 3115
206531, 3115
241293, 3115
287394, 3115
289612, 3115
280481, 3114
117880, 3112
182152, 3112
285452, 3112
176800, 3110
280450, 3110
286318, 3110
17944, 3106
59455, 3106
81044, 3106
98589, 3106
100709, 3106
157521, 3106
157795, 3106
165554, 3106
190369, 3106
211731, 3106
231360, 3106
237091, 3106
260255, 3106
261483, 3106
70811, 3102
161584, 3101
238569, 3101
119663, 3100
234460, 3100
294837, 3099
20009, 3098
45314, 3098
66870, 3098
221469, 3098
242316, 3098
254244, 3098
254683, 3098
273459, 3098
51104, 3096
171336, 3096
187278, 3096
221589, 3096
272579, 3096
286253, 3096
114467, 3095
202182, 3094
41989, 3093
50666, 3093
154219, 3092
185965, 3092
219167, 3092
281483, 3092
19082, 3091
274955, 3091
46608, 3090
94647, 3089
135719, 3089
43626, 3086
198849, 3086
238132, 3086
287470, 3086
6338, 3081
81426, 3081
284124, 3081
130907, 3080
227700, 3080
251966, 3077
197438, 3075
101699, 3074
222403, 3074
46190, 3073
276446, 3068
105115, 3066
137365, 3066
168026, 3066
174956, 3066
181793, 3066
199021, 3066
217160, 3066
240587, 3066
243325, 3066
246486, 3066
255746, 3066
275296, 3066
288715, 3066
292742, 3066
26601, 3065
190085, 3065
211621, 3065
3803, 3064
16585, 3058
20758, 3058
39765, 3058
168267, 3058
15131, 3057
133085, 3057
3808, 3056
174170, 3056
264581, 3056
225519, 3054
70062, 3052
256758, 3052
38694, 3049
54355, 3049
56765, 3049
70566, 3049
72545, 3049
76664, 3049
95233, 3049
98838, 3049
100126, 3049
101537, 3049
114682, 3049
123547, 3049
139093, 3049
161212, 3049
161743, 3049
167235, 3049
167843, 3049
168709, 3049
172778, 3049
178690, 3049
178804, 3049
202706, 3049
204485, 3049
209694, 3049
219362, 3049
225850, 3049
246657, 3049
251511, 3049
263792, 3049
276624, 3049
108439, 3048
188890, 3048
200531, 3048
286725, 3048
246406, 3047
67421, 3046
194206, 3046
254390, 3045
188833, 3040
219600, 3040
17797, 3036
197950, 3035
224067, 3035
29814, 3033
183000, 3033
263976, 3033
276470, 3033
150691, 3031
13387, 3029
75426, 3029
107779, 3029
146710, 3029
175071, 3029
194180, 3029
199691, 3029
215199, 3029
230846, 3029
234400, 3029
235483, 3029
240860, 3029
242055, 3029
243474, 3029
248711, 3029
251315, 3029
257541, 3029
262325, 3029
264014, 3029
272995, 3029
271812, 3028
72477, 3025
130800, 3025
54416, 3024
260830, 3024
181097, 3023
10955, 3022
11066, 3021
41446, 3018
50442, 3018
64976, 3017
111702, 3017
124850, 3017
128608, 3017
163441, 3017
175559, 3017
184339, 3017
242811, 3017
257343, 3017
170382, 3016
78800, 3015
141106, 3015
156778, 3015
166318, 3015
179663, 3015
202071, 3015
259878, 3015
292751, 3015
118945, 3012
151367, 3012
54989, 3010
250031, 3008
108302, 3007
143219, 3006
32912, 3004
72145, 3004
79187, 3004
80518, 3004
91273, 3004
27129, 3003
264194, 3002
239745, 3000
169156, 2999
67657, 2998
89476, 2998
184360, 2998
35222, 2997
253366, 2993
63752, 2988
174582, 2988
183224, 2988
206026, 2988
219587, 2988
136014, 2987
238351, 2987
266271, 2987
271042, 2987
196829, 2986
53180, 2985
218857, 2984
71478, 2982
83699, 2982
106117, 2982
239796, 2980
129772, 2978
141060, 2978
193717, 2978
233074, 2978
28136, 2973
57780, 2973
60023, 2973
75012, 2973
75976, 2973
92375, 2973
101078, 2973
114133, 2973
122686, 2973
145381, 2973
155994, 2973
165192, 2973
171663, 2973
184583, 2973
206892, 2973
209392, 2973
212956, 2973
213238, 2973
231747, 2973
232452, 2973
238489, 2973
245157, 2973
266962, 2973
270893, 2973
271069, 2973
280305, 2973
285614, 2973
289048, 2973
290677, 2973
7653, 2972
196163, 2972
280721, 2972
79926, 2971
180610, 2970
78780, 2968
96754, 2968
157426, 2968
217999, 2967
171427, 2966
57799, 2963
127904, 2963
134236, 2963
774, 2962
289212, 2953
178293, 2948
191611, 2948
141555, 2947
63878, 2945
205458, 2945
12006, 2943
55548, 2943
76927, 2943
110878, 2943
121050, 2943
132568, 2943
143718, 2943
150352, 2943
209878, 2943
179191, 2942
194514, 2942
214844, 2935
39368, 2934
210956, 2934
219061, 2933
21167, 2930
91625, 2930
145105, 2928
134404, 2925
260223, 2924
146474, 2923
147782, 2923
175361, 2923
194762, 2923
209729, 2923
212011, 2923
228569, 2923
261273, 2923
283850, 2923
277551, 2922
285343, 2922
33784, 2921
147154, 2920
56305, 2914
66339, 2914
103175, 2914
113268, 2914
123176, 2914
125942, 2914
150909, 2914
267066, 2914
114375, 2913
229549, 2913
97835, 2912
15483, 2909
258531, 2908
131273, 2907
145235, 2906
225440, 2906
230872, 2906
192471, 2902
261581, 2901
27800, 2899
60352, 2899
109220, 2899
117645, 2899
124098, 2899
214777, 2899
235066, 2899
254087, 2899
258432, 2899
223661, 2897
53774, 2893
157992, 2893
278158, 2893
94727, 2892
291303, 2892
205539, 2890
22244, 2884
267669, 2880
16977, 2878
109992, 2878
112349, 2878
113975, 2878
132375, 2878
135585, 2878
148706, 2878
156832, 2878
158177, 2878
160327, 2878
160598, 2878
165783, 2878
173682, 2878
184858, 2878
203704, 2878
204154, 2878
212045, 2878
220887, 2878
222864, 2878
239571, 2878
244193, 2878
245737, 2878
247828, 2878
252664, 2878
276511, 2878
281089, 2878
286822, 2878
287098, 2878
294226, 2878
214877, 2875
89636, 2874
103843, 2874
34194, 2873
138534, 2873
12720, 2871
102404, 2871
104503, 2870
194033, 2870
198002, 2870
3704, 2867
224640, 2866
27765, 2863
43913, 2863
82047, 2863
133097, 2863
143135, 2863
229240, 2863
249595, 2863
266879, 2863
30545, 2861
131141, 2861
250052, 2861
123299, 2854
131121, 2854
156759, 2854
171335, 2854
171521, 2854
195086, 2854
222924, 2854
236379, 2854
240620, 2854
252685, 2854
252803, 2854
278919, 2854
281167, 2854
41277, 2853
22678, 2852
76394, 2852
258358, 2850
76530, 2848
178078, 2848
19390, 2846
91507, 2846
154770, 2846
97939, 2845
131172, 2845
140319, 2845
182395, 2845
198202, 2845
202877, 2845
207832, 2845
236559, 2845
256776, 2845
267288, 2845
268544, 2845
296456, 2845
172766, 2844
149046, 2841
274569, 2841
89400, 2840
116119, 2840
176757, 2840
27690, 2838
98500, 2838
159206, 2835
247084, 2835
262757, 2835
11977, 2832
27311, 2832
61370, 2832
95075, 2832
101868, 2832
140452, 2832
209635, 2832
210791, 2832
227384, 2832
237002, 2832
266525, 2832
17921, 2831
51141, 2831
67002, 2831
86104, 2831
93312, 2831
93364, 2831
100633, 2831
102915, 2831
120655, 2831
125591, 2831
140237, 2831
145793, 2831
155118, 2831
169348, 2831
203033, 2831
205882, 2831
207754, 2831
219770, 2831
126827, 2830
125301, 2829
223023, 2829
253763, 2829
256741, 2829
274108, 2829
12735, 2826
113609, 2826
79346, 2825
166392, 2824
271379, 2824
13045, 2823
16462, 2823
165777, 2823
180176, 2822
32860, 2818
4490, 2817
68586, 2817
260960, 2817
158262, 2816
245334, 2816
264339, 2816
104951, 2813
223530, 2813
222569, 2810
67498, 2808
102486, 2808
85894, 2800
90903, 2800
113346, 2800
126161, 2800
158061, 2800
182157, 2800
185721, 2800
189292, 2800
193991, 2800
208639, 2800
232463, 2800
247789, 2800
249342, 2800
15946, 2798
10032, 2797
24293, 2795
35119, 2790
40041, 2790
78319, 2790
101267, 2790
127854, 2790
147407, 2790
185861, 2790
32791, 2788
54638, 2788
162608, 2787
122322, 2786
192599, 2786
272163, 2786
26927, 2785
28563, 2785
115358, 2782
105955, 2780
113537, 2780
132719, 2780
146884, 2780
201341, 2780
204943, 2780
209961, 2780
225273, 2780
234165, 2780
50169, 2777
102355, 2777
107703, 2777
123985, 2777
132858, 2777
223749, 2777
42210, 2775
194463, 2775
8380, 2773
153739, 2771
120509, 2770
8902, 2767
24074, 2766
30264, 2762
33797, 2762
38129, 2762
38168, 2762
82715, 2762
103569, 2762
129879, 2762
164506, 2762
172101, 2762
228887, 2762
246989, 2762
271083, 2762
46414, 2761
55230, 2761
66148, 2760
99886, 2760
148983, 2758
185855, 2757
252342, 2756
159587, 2754
119299, 2750
250303, 2747
40227, 2745
284740, 2745
143015, 2740
190117, 2740
276058, 2740
8588, 2739
202760, 2739
261298, 2734
287582, 2733
11470, 2731
263869, 2728
21627, 2727
125945, 2727
185948, 2727
172693, 2725
265877, 2722
161054, 2717
201545, 2716
2430, 2715
215822, 2715
13625, 2712
2222, 2710
50061, 2709
63877, 2709
89841, 2709
130476, 2709
152947, 2709
203764, 2709
219416, 2709
292426, 2709
41986, 2708
185397, 2708
201056, 2708
209859, 2708
235785, 2708
250878, 2708
259836, 2708
52267, 2699
60545, 2695
165988, 2695
24715, 2694
33711, 2694
69664, 2694
87812, 2694
113792, 2694
144878, 2694
159515, 2694
162988, 2694
188564, 2694
196994, 2694
207514, 2694
209171, 2694
210614, 2694
223105, 2694
244395, 2694
262142, 2694
279421, 2694
195410, 2693
61540, 2691
71799, 2687
214459, 2687
83659, 2684
85345, 2684
150972, 2684
180960, 2684
191084, 2684
141000, 2682
236193, 2682
253202, 2682
278236, 2682
290942, 2682
291649, 2682
292731, 2682
82223, 2678
222993, 2678
146783, 2676
164862, 2676
10238, 2675
276301, 2671
161781, 2662
79330, 2660
138509, 2660
168754, 2660
170591, 2660
181695, 2660
276925, 2660
95886, 2659
20851, 2658
61629, 2657
257597, 2657
286308, 2657
8084, 2653
38766, 2653
197490, 2653
167168, 2652
39177, 2651
76554, 2651
117930, 2651
188489, 2651
195780, 2646
210363, 2646
258818, 2646
284755, 2646
138097, 2645
158448, 2645
162331, 2645
203705, 2645
255942, 2643
277942, 2639
37563, 2635
77417, 2635
81289, 2635
96388, 2635
105854, 2635
110028, 2635
125510, 2635
145450, 2635
179277, 2635
223897, 2635
243259, 2635
264113, 2635
55442, 2634
174316, 2630
88865, 2629
133968, 2629
135120, 2629
141462, 2629
239605, 2629
242145, 2629
259139, 2629
74336, 2628
99272, 2625
143521, 2625
195393, 2625
214705, 2625
224945, 2625
258646, 2625
277364, 2625
199352, 2621
160795, 2620
189521, 2620
247478, 2620
134691, 2618
267612, 2618
64250, 2617
67653, 2617
107214, 2617
107745, 2617
137293, 2617
158054, 2617
161461, 2617
164558, 2617
178588, 2617
188796, 2617
237886, 2617
251928, 2617
173248, 2616
32747, 2615
242620, 2615
236028, 2612
33120, 2611
101076, 2609
268319, 2608
7610, 2605
42714, 2605
130750, 2605
210472, 2605
156132, 2604
157898, 2600
163042, 2600
195457, 2600
116941, 2598
156834, 2597
42149, 2596
172378, 2596
181967, 2596
68731, 2595
69254, 2595
170096, 2595
230740, 2595
168367, 2591
46247, 2590
181886, 2590
211843, 2590
54644, 2585
172602, 2584
275394, 2584
294448, 2584
23431, 2583
32346, 2583
117577, 2583
168531, 2583
220645, 2582
28574, 2581
142417, 2581
146561, 2581
195484, 2581
282489, 2581
230171, 2578
248571, 2578
256442, 2578
28740, 2577
33435, 2577
222127, 2576
90763, 2570
31208, 2569
45666, 2565
153399, 2565
240242, 2565
247589, 2565
184096, 2561
13773, 2560
54490, 2560
96132, 2560
214082, 2560
219752, 2560
259173, 2560
274953, 2560
283374, 2560
33562, 2558
54888, 2558
45869, 2556
51810, 2555
283687, 2554
141557, 2553
206266, 2550
289901, 2549
118364, 2546
207728, 2544
221166, 2544
279883, 2543
293265, 2543
182625, 2536
59702, 2534
218871, 2534
264811, 2534
280604, 2534
136991, 2532
180428, 2532
129882, 2530
148639, 2530
277457, 2530
39790, 2528
152179, 2528
38348, 2527
73506, 2527
97286, 2527
203700, 2527
237394, 2527
244745, 2527
267987, 2527
22215, 2526
84441, 2526
100891, 2526
108922, 2526
171275, 2526
75664, 2524
7091, 2523
145944, 2523
148721, 2523
173941, 2523
216272, 2523
269321, 2523
91335, 2522
102454, 2522
230326, 2518
248857, 2518
272390, 2518
22435, 2517
186972, 2509
88389, 2507
27373, 2506
124960, 2506
35969, 2502
189777, 2502
12810, 2501
140700, 2501
170528, 2501
228113, 2500
231081, 2500
163431, 2497
252768, 2497
61645, 2496
65584, 2496
97583, 2496
218506, 2496
241021, 2496
243216, 2496
295263, 2496
212135, 2495
21916, 2494
14364, 2493
72675, 2493
104128, 2493
15400, 2492
35908, 2490
212674, 2489
226272, 2489
56344, 2486
64616, 2486
129624, 2483
149841, 2483
292924, 2483
113987, 2482
235063, 2482
252118, 2482
28663, 2480
230106, 2480
295214, 2480
219915, 2478
248902, 2478
53687, 2477
258572, 2477
45996, 2475
9355, 2472
11060, 2472
164407, 2472
167654, 2472
171199, 2472
266577, 2469
51186, 2467
168474, 2466
269071, 2465
236682, 2464
46475, 2460
171604, 2460
154159, 2459
237630, 2459
31465, 2458
283319, 2458
18761, 2457
61724, 2449
84288, 2449
17756, 2448
85047, 2447
135543, 2447
17818, 2446
54081, 2446
66611, 2446
82146, 2446
100144, 2446
128674, 2446
133672, 2446
136431, 2446
142754, 2446
149135, 2446
200920, 2446
202056, 2446
204001, 2446
204929, 2446
218677, 2446
227474, 2446
267602, 2446
73904, 2444
82485, 2444
149811, 2444
272022, 2439
215237, 2438
87376, 2437
31981, 2436
47853, 2436
51577, 2436
63375, 2436
66110, 2436
73652, 2436
76192, 2436
76479, 2436
93655, 2436
150349, 2436
154415, 2436
158874, 2436
172931, 2436
183132, 2436
193209, 2436
195622, 2436
195675, 2436
229644, 2436
241897, 2436
274643, 2436
278795, 2436
95841, 2435
164565, 2433
203585, 2433
208689, 2433
50283, 2432
109519, 2432
72445, 2430
80957, 2429
86343, 2429
185489, 2429
208023, 2429
243798, 2429
252016, 2429
278416, 2429
221109, 2428
159526, 2427
130737, 2422
267236, 2417
91805, 2416
122978, 2415
241166, 2415
122097, 2414
120392, 2404
124685, 2403
296422, 2401
51847, 2399
216171, 2396
155394, 2393
47364, 2389
54248, 2389
122823, 2389
128824, 2389
159199, 2389
166555, 2389
233684, 2389
264202, 2386
30834, 2385
271913, 2381
296373, 2380
44004, 2375
84777, 2375
275661, 2373
13784, 2372
46483, 2371
178683, 2371
6053, 2369
20085, 2368
71657, 2367
223012, 2367
92872, 2358
112393, 2358
119068, 2358
273241, 2357
149988, 2356
255771, 2356
153254, 2355
161439, 2354
106244, 2353
139066, 2353
168370, 2353
60578, 2352
216914, 2352
262998, 2348
90946, 2344
16623, 2343
6462, 2342
4262, 2341
193890, 2341
225999, 2341
266179, 2341
286633, 2341
214167, 2339
141271, 2338
44875, 2336
187845, 2336
247016, 2334
280609, 2329
80427, 2324
162333, 2324
144599, 2320
171045, 2319
26723, 2318
184139, 2317
41143, 2311
66527, 2311
151895, 2311
28094, 2307
89214, 2307
220743, 2307
4860, 2305
44870, 2305
23320, 2303
248387, 2298
66581, 2297
79918, 2297
124063, 2297
25331, 2296
19340, 2293
124915, 2292
190497, 2292
40340, 2290
140432, 2289
199999, 2289
225859, 2289
272061, 2289
280438, 2286
146685, 2280
157041, 2279
60635, 2278
81230, 2278
20155, 2277
134375, 2275
36377, 2269
59129, 2269
67420, 2269
81616, 2269
90170, 2269
139803, 2269
157569, 2269
196919, 2269
199453, 2269
222887, 2269
231350, 2269
249551, 2269
261736, 2269
284020, 2269
288143, 2269
290767, 2269
139739, 2266
218778, 2263
145854, 2262
9614, 2260
101649, 2259
17688, 2254
180327, 2254
180840, 2253
18224, 2251
36883, 2248
50639, 2248
59120, 2248
67868, 2248
70936, 2248
86829, 2248
106451, 2248
109177, 2248
125611, 2248
133723, 2248
137344, 2248
152727, 2248
31052, 2245
4646, 2243
54993, 2243
89567, 2243
244857, 2243
106939, 2239
164139, 2239
248360, 2237
199661, 2234
51530, 2233
153415, 2232
266950, 2232
235, 2230
61496, 2230
194001, 2229
6078, 2228
40532, 2228
42059, 2228
161955, 2228
216828, 2228
9436, 2227
27587, 2227
111803, 2227
120027, 2227
209602, 2227
265742, 2227
278293, 2227
9198, 2222
266789, 2222
68706, 2220
168210, 2217
176865, 2212
110690, 2211
190651, 2210
292629, 2209
172493, 2208
178760, 2205
19434, 2203
108887, 2203
287335, 2202
50872, 2201
87544, 2201
112723, 2201
289109, 2199
25994, 2197
49728, 2196
205667, 2196
135132, 2194
222581, 2194
231856, 2194
72344, 2193
163956, 2193
26841, 2191
40893, 2191
113632, 2185
223087, 2185
282971, 2185
59897, 2182
98322, 2178
52257, 2172
34047, 2171
258887, 2171
543, 2168
25032, 2168
33371, 2167
61172, 2167
118016, 2167
126303, 2167
151651, 2167
56737, 2165
198753, 2162
43088, 2161
53831, 2160
115938, 2160
225314, 2159
57838, 2157
70097, 2156
82242, 2156
132765, 2156
38302, 2152
160527, 2151
110750, 2150
26866, 2149
119562, 2149
111055, 2148
143393, 2137
211170, 2137
56822, 2135
102557, 2133
335, 2129
75367, 2129
229207, 2129
274337, 2129
34715, 2126
74894, 2125
89730, 2125
252400, 2125
290160, 2125
7985, 2123
42861, 2123
145248, 2123
38669, 2121
113606, 2121
20494, 2114
72064, 2108
112509, 2106
292557, 2106
13379, 2104
94188, 2103
38510, 2102
44445, 2102
35561, 2099
71732, 2099
117021, 2099
183969, 2099
188791, 2099
229108, 2099
100593, 2088
193235, 2088
22885, 2086
129546, 2086
168905, 2086
259481, 2086
148503, 2085
257894, 2085
51679, 2079
42133, 2076
171197, 2076
198245, 2076
205426, 2076
206724, 2076
19708, 2074
45205, 2074
233692, 2074
255596, 2073
83371, 2071
178404, 2068
62956, 2067
189244, 2066
193014, 2066
221881, 2064
243071, 2063
35740, 2062
244959, 2062
19560, 2061
86322, 2061
85636, 2060
168593, 2060
37546, 2059
164888, 2058
61882, 2057
39494, 2055
139330, 2055
195950, 2055
256875, 2054
39274, 2053
78606, 2053
267219, 2050
269629, 2050
276613, 2050
23295, 2049
78567, 2043
30700, 2041
32888, 2041
43519, 2041
54158, 2041
55307, 2041
135221, 2041
140582, 2041
229818, 2041
236014, 2041
278443, 2039
163120, 2038
27040, 2037
43210, 2034
221372, 2034
150485, 2028
167053, 2028
197982, 2028
9934, 2026
288038, 2026
68345, 2024
92218, 2024
145967, 2024
113081, 2018
242346, 2014
78802, 2012
152444, 2011
214450, 2011
232612, 2005
268655, 2005
8063, 2003
161933, 2001
260557, 2001
58192, 1999
70844, 1999
119451, 1998
149239, 1997
119689, 1995
177087, 1995
22463, 1993
215891, 1992
259908, 1988
70959, 1984
159347, 1984
193859, 1984
14145, 1983
74363, 1981
76588, 1980
145684, 1980
13867, 1978
30846, 1978
135389, 1978
198340, 1978
259292, 1978
177058, 1976
22527, 1965
143487, 1965
211093, 1965
171545, 1964
7104, 1963
7417, 1963
112963, 1963
31417, 1962
75776, 1962
146589, 1962
272315, 1962
47070, 1958
262021, 1958
26424, 1957
40853, 1957
68617, 1957
68841, 1957
79834, 1957
80859, 1957
91561, 1957
171619, 1957
127005, 1952
171793, 1952
24106, 1947
204811, 1944
100851, 1943
125354, 1942
88990, 1941
183283, 1941
238082, 1937
3369, 1936
10364, 1935
147390, 1935
200194, 1932
116923, 1930
33254, 1929
68546, 1928
277031, 1928
202806, 1927
163176, 1926
146384, 1925
171784, 1925
84791, 1923
45168, 1920
72758, 1920
207269, 1918
28462, 1917
117866, 1914
279572, 1913
70371, 1911
28838, 1907
194435, 1907
126849, 1905
164392, 1905
101945, 1904
34303, 1903
58317, 1901
204113, 1901
237939, 1899
135479, 1898
154227, 1896
111000, 1894
212164, 1894
140020, 1892
149516, 1890
162848, 1890
209384, 1890
108010, 1889
47266, 1886
73845, 1886
93257, 1886
42087, 1885
42333, 1885
65740, 1885
71803, 1885
100932, 1885
109039, 1885
109940, 1885
111533, 1885
123027, 1885
126449, 1885
133087, 1885
135889, 1885
143658, 1885
161227, 1885
165264, 1885
174690, 1885
181042, 1885
181303, 1885
191194, 1885
194450, 1885
199176, 1885
202193, 1885
210354, 1885
212008, 1885
218359, 1885
227339, 1885
235911, 1885
247258, 1885
250771, 1885
252231, 1885
255823, 1885
263111, 1885
269574, 1885
273726, 1885
278150, 1885
278376, 1885
288682, 1885
289659, 1885
164652, 1880
44666, 1879
56070, 1879
57480, 1879
97647, 1879
135033, 1879
150148, 1879
242733, 1879
245726, 1879
252318, 1879
255246, 1879
282504, 1879
71575, 1878
209075, 1878
195738, 1875
165476, 1874
55973, 1873
130380, 1867
247750, 1867
90768, 1864
115420, 1864
138348, 1864
245153, 1864
133241, 1863
40033, 1860
51062, 1860
61991, 1860
70517, 1860
78603, 1860
89641, 1860
94389, 1860
98601, 1860
115927, 1860
124813, 1860
141062, 1860
142153, 1860
143463, 1860
145020, 1860
145724, 1860
146018, 1860
155776, 1860
157338, 1860
157653, 1860
160215, 1860
170548, 1860
177696, 1860
179913, 1860
182555, 1860
189134, 1860
192663, 1860
195796, 1860
210609, 1860
221253, 1860
222678, 1860
224222, 1860
225555, 1860
226006, 1860
226164, 1860
236748, 1860
237208, 1860
239034, 1860
249748, 1860
254236, 1860
255843, 1860
260842, 1860
262006, 1860
262648, 1860
275705, 1860
1932, 1859
68794, 1859
75147, 1859
116087, 1859
134460, 1859
150494, 1859
151476, 1859
209081, 1859
226915, 1859
229493, 1859
232064, 1859
254500, 1859
270702, 1859
289641, 1859
136815, 1857
283735, 1857
19151, 1855
151839, 1849
44045, 1847
121642, 1846
192140, 1842
251483, 1842
53182, 1841
66522, 1841
236642, 1840
293671, 1839
153841, 1836
255570, 1835
253221, 1834
34437, 1830
67082, 1830
101790, 1830
192242, 1830
2378, 1828
27085, 1828
66342, 1826
65059, 1825
29899, 1824
54688, 1824
275835, 1823
255893, 1814
220224, 1812
92792, 1811
87007, 1807
109165, 1807
109930, 1807
115103, 1807
167501, 1807
178816, 1807
192554, 1807
213352, 1807
213605, 1807
233207, 1807
241479, 1807
242715, 1807
248341, 1807
261815, 1807
271134, 1807
285183, 1807
247536, 1804
14186, 1803
81413, 1803
291017, 1803
37048, 1802
121268, 1802
130753, 1798
244503, 1797
199839, 1796
72624, 1794
148431, 1794
251230, 1794
70163, 1793
18478, 1789
282537, 1789
28355, 1788
237986, 1788
205256, 1786
140826, 1784
188755, 1784
224926, 1784
241382, 1784
262458, 1784
264515, 1784
283407, 1784
287875, 1784
104534, 1777
174008, 1776
35126, 1774
93573, 1769
195385, 1768
22127, 1767
17804, 1763
80838, 1763
33700, 1762
67718, 1762
175669, 1761
26890, 1759
267101, 1756
188131, 1748
183962, 1747
22361, 1744
162638, 1744
122980, 1742
109499, 1741
137087, 1739
208715, 1737
156200, 1736
164458, 1730
226832, 1726
45078, 1725
47363, 1725
2658, 1723
128250, 1723
111506, 1722
197101, 1720
28057, 1717
30471, 1711
9686, 1710
8170, 1709
31487, 1709
47250, 1709
52046, 1709
97708, 1709
111371, 1709
164612, 1709
17334, 1708
138957, 1708
244426, 1708
264576, 1708
272129, 1708
69446, 1707
162523, 1707
74866, 1705
291304, 1705
293067, 1705
97550, 1704
199257, 1702
235305, 1702
71970, 1701
46420, 1699
65199, 1699
28765, 1698
122671, 1698
136491, 1697
174064, 1697
104017, 1695
35145, 1692
50193, 1692
64515, 1689
188579, 1689
233719, 1687
2128, 1686
280736, 1685
150889, 1682
177596, 1681
71802, 1678
67500, 1672
22068, 1670
104077, 1670
136168, 1669
222470, 1669
252699, 1668
25899, 1664
150947, 1663
221874, 1663
250260, 1663
285391, 1663
36767, 1662
76408, 1662
222419, 1661
68904, 1657
122553, 1657
171983, 1657
204916, 1655
288227, 1654
111804, 1653
212639, 1650
203184, 1649
166337, 1647
267419, 1643
49277, 1640
91786, 1633
5419, 1632
84906, 1632
132087, 1632
187064, 1632
232739, 1632
268458, 1632
287931, 1631
289837, 1631
131479, 1625
259161, 1624
176540, 1621
199954, 1621
63981, 1620
241472, 1619
108205, 1617
56250, 1613
64142, 1612
70153, 1611
93733, 1610
119251, 1609
294386, 1609
3756, 1608
241808, 1606
55728, 1605
248296, 1603
53396, 1601
45957, 1600
4981, 1599
33943, 1599
234994, 1599
99922, 1598
116419, 1598
165254, 1598
192100, 1597
229626, 1597
289608, 1597
292832, 1597
121803, 1596
23540, 1594
204368, 1594
154687, 1593
222937, 1591
138601, 1589
85938, 1587
224305, 1587
54480, 1586
111497, 1586
194228, 1586
135570, 1584
205931, 1584
275598, 1584
295173, 1584
64221, 1583
196404, 1583
98481, 1582
164082, 1582
165705, 1582
193618, 1582
29296, 1580
29342, 1580
45862, 1580
114742, 1580
197434, 1579
261664, 1579
55922, 1576
91358, 1576
95387, 1573
115609, 1573
153473, 1573
218141, 1573
7905, 1572
201705, 1572
16056, 1571
223025, 1567
237717, 1567
289988, 1566
100154, 1565
8083, 1563
60143, 1563
123266, 1563
77492, 1561
14751, 1559
172767, 1559
155085, 1558
46771, 1555
104397, 1555
185594, 1555
193192, 1555
45054, 1551
59473, 1549
169024, 1549
254819, 1549
35706, 1548
138436, 1547
86819, 1546
35970, 1545
46445, 1545
69725, 1545
28100, 1542
108962, 1541
114508, 1538
115342, 1538
179555, 1538
203598, 1534
11240, 1533
224608, 1531
264076, 1528
35837, 1527
103360, 1527
257752, 1526
164341, 1525
130024, 1524
290724, 1524
269615, 1523
92196, 1522
116710, 1522
234698, 1522
196964, 1521
151586, 1520
11705, 1518
144693, 1518
70148, 1517
127042, 1517
129681, 1517
223024, 1517
243096, 1517
78089, 1515
150053, 1515
44325, 1514
247610, 1514
566, 1508
123521, 1508
221946, 1508
255359, 1508
273057, 1508
32012, 1507
150819, 1507
22988, 1506
64088, 1506
73476, 1506
82866, 1506
90969, 1506
109310, 1506
270729, 1506
21667, 1505
26061, 1505
51375, 1505
58503, 1505
85038, 1505
203180, 1505
8753, 1504
73700, 1503
216282, 1503
271775, 1503
264633, 1502
205220, 1501
274662, 1501
3551, 1500
168931, 1500
268805, 1500
198926, 1497
230336, 1497
234774, 1497
61030, 1496
41966, 1495
59904, 1495
136346, 1495
276121, 1495
77403, 1494
195166, 1494
242876, 1494
290426, 1494
156897, 1492
77638, 1491
115198, 1491
4400, 1490
138507, 1490
143123, 1490
207967, 1490
120173, 1489
41026, 1488
251831, 1488
281155, 1487
293457, 1487
275425, 1485
28432, 1484
67492, 1484
80879, 1484
59921, 1481
83345, 1481
185460, 1481
239081, 1481
112819, 1480
88952, 1479
130128, 1479
47158, 1478
26769, 1477
147162, 1476
92345, 1475
186621, 1475
130528, 1474
5173, 1473
35243, 1473
110206, 1473
186444, 1473
140535, 1472
13216, 1471
58647, 1471
133944, 1471
199848, 1471
242343, 1471
266294, 1471
55122, 1470
247913, 1470
25036, 1468
207604, 1468
246007, 1468
86428, 1467
221547, 1466
223825, 1466
4799, 1465
32108, 1465
128110, 1465
173725, 1465
15101, 1463
40922, 1463
37052, 1462
292856, 1462
35881, 1460
113446, 1460
12007, 1459
122505, 1459
31594, 1458
34511, 1458
37349, 1458
61285, 1458
277625, 1458
60462, 1457
64273, 1457
161300, 1457
209512, 1457
219474, 1456
171268, 1455
4964, 1454
135936, 1454
151425, 1453
90713, 1452
132337, 1452
293959, 1452
49257, 1451
202209, 1451
205979, 1450
74582, 1449
178431, 1449
214209, 1448
8132, 1447
102470, 1447
103450, 1447
107458, 1447
112999, 1447
144609, 1447
153523, 1447
164914, 1447
182290, 1447
186895, 1447
230446, 1447
251443, 1447
287065, 1447
107612, 1446
270571, 1446
67206, 1445
247004, 1445
266041, 1445
154796, 1443
296228, 1443
172882, 1442
99183, 1441
211750, 1441
261254, 1441
85580, 1440
143653, 1440
137559, 1437
272891, 1437
91168, 1436
95257, 1436
119729, 1436
185330, 1436
255175, 1436
259457, 1436
87219, 1435
21348, 1434
155861, 1434
245493, 1434
256325, 1434
271850, 1434
169328, 1433
260345, 1433
172125, 1432
133446, 1431
169721, 1431
295878, 1431
22490, 1430
84216, 1430
202933, 1430
44159, 1429
68318, 1429
132293, 1429
142884, 1429
250660, 1429
207117, 1428
142614, 1427
42983, 1426
62383, 1426
237879, 1426
282716, 1426
252999, 1425
255366, 1425
32885, 1424
116561, 1424
98478, 1423
124243, 1423
202667, 1423
68962, 1422
101841, 1422
103435, 1422
104328, 1422
150575, 1422
153632, 1422
161824, 1422
162863, 1422
169827, 1422
251768, 1422
260148, 1422
292298, 1422
21710, 1421
113960, 1421
159292, 1421
169805, 1421
170772, 1421
221936, 1421
289209, 1421
290641, 1421
111080, 1420
106197, 1419
173418, 1419
200838, 1419
242617, 1419
260431, 1419
268069, 1419
842, 1418
22709, 1418
23214, 1418
23542, 1418
76850, 1418
80342, 1418
86205, 1418
96884, 1418
105484, 1418
123240, 1418
164595, 1418
166756, 1418
218128, 1418
232947, 1418
5382, 1417
87275, 1417
173208, 1417
208017, 1417
59333, 1416
132467, 1416
39323, 1415
65260, 1415
77433, 1415
104718, 1415
105895, 1415
156590, 1415
172021, 1415
289566, 1415
73208, 1413
112870, 1413
165888, 1413
174065, 1413
191065, 1413
230116, 1413
138721, 1412
284133, 1411
292729, 1411
134352, 1410
194405, 1410
235296, 1410
291089, 1410
263496, 1409
93899, 1408
144416, 1408
284073, 1408
43788, 1407
122326, 1407
137755, 1407
140386, 1407
149742, 1407
180180, 1407
186039, 1407
200267, 1407
208426, 1407
211976, 1407
212405, 1407
223917, 1407
227792, 1407
229433, 1407
227779, 1405
225312, 1404
230612, 1404
57324, 1403
57195, 1402
213959, 1402
249249, 1402
250746, 1402
22716, 1401
24102, 1401
42324, 1401
224816, 1401
226768, 1401
254592, 1401
43341, 1400
123919, 1400
73548, 1399
105742, 1399
122429, 1399
131649, 1399
181313, 1399
226995, 1399
247968, 1399
275676, 1399
189212, 1398
207012, 1396
79684, 1395
93188, 1394
98689, 1394
38952, 1393
50912, 1393
203758, 1393
12403, 1392
114929, 1392
118208, 1392
246019, 1392
288612, 1391
29921, 1390
56215, 1390
112780, 1390
151896, 1390
190410, 1390
194887, 1390
234641, 1390
277068, 1390
112530, 1389
224971, 1389
59838, 1388
158802, 1388
152912, 1387
161827, 1387
217281, 1387
285474, 1387
8639, 1386
115624, 1386
171822, 1386
176801, 1386
223564, 1386
256753, 1386
274006, 1386
28052, 1385
32737, 1385
53982, 1385
75227, 1385
116118, 1385
152011, 1385
255686, 1385
290962, 1385
139543, 1384
258402, 1384
288918, 1384
24389, 1383
123638, 1383
201952, 1383
265290, 1383
270908, 1383
133545, 1382
129365, 1381
202905, 1381
17588, 1380
50097, 1380
90691, 1380
98080, 1380
150347, 1380
158587, 1380
215353, 1380
138089, 1379
208409, 1379
206956, 1378
245165, 1378
249222, 1378
73142, 1377
80543, 1377
177086, 1377
207267, 1377
257427, 1377
281002, 1377
26704, 1376
42667, 1376
86136, 1376
118931, 1376
120375, 1376
124444, 1376
124967, 1376
153191, 1376
156756, 1376
161316, 1376
279980, 1376
35810, 1375
158402, 1375
190304, 1375
190531, 1375
250198, 1375
286514, 1375
58642, 1374
101620, 1374
141655, 1374
120313, 1373
275307, 1373
21412, 1372
221312, 1371
30418, 1370
39822, 1370
95571, 1370
100667, 1370
119112, 1370
187438, 1370
214861, 1370
229827, 1370
237085, 1370
245748, 1370
270303, 1370
282894, 1370
283103, 1370
284950, 1370
28196, 1369
30865, 1369
31954, 1369
77047, 1369
97142, 1369
105645, 1369
120372, 1369
121953, 1369
125228, 1369
133239, 1369
135762, 1369
149981, 1369
154743, 1369
191765, 1369
193876, 1369
208192, 1369
222585, 1369
238890, 1369
256054, 1369
259102, 1369
261255, 1369
268838, 1369
282064, 1369
61327, 1368
102220, 1368
147266, 1368
151188, 1368
188508, 1368
272623, 1368
25866, 1367
131111, 1367
147787, 1367
154402, 1367
183506, 1367
267620, 1367
284340, 1367
6326, 1365
17690, 1365
185812, 1365
221066, 1365
255419, 1365
259151, 1365
281979, 1365
118275, 1364
149235, 1364
155024, 1364
268773, 1364
78325, 1363
101612, 1363
124826, 1363
154161, 1363
175315, 1363
224421, 1363
258016, 1363
62268, 1362
95409, 1362
178295, 1362
14868, 1361
24207, 1361
74906, 1361
145346, 1361
227738, 1361
81295, 1360
11076, 1359
74249, 1359
93981, 1359
166875, 1359
81016, 1358
90253, 1358
272196, 1358
62772, 1357
69361, 1357
199894, 1357
95786, 1356
273355, 1356
294296, 1356
132128, 1355
217688, 1355
240939, 1355
38799, 1354
51707, 1354
52107, 1354
80875, 1354
84049, 1354
87687, 1354
97228, 1354
121768, 1354
139526, 1354
151824, 1354
153047, 1354
157580, 1354
234594, 1354
240516, 1354
286409, 1354
288774, 1354
57280, 1353
81107, 1353
125663, 1353
202065, 1353
204723, 1353
217081, 1353
219591, 1353
246357, 1353
25653, 1352
90133, 1352
264157, 1351
114627, 1350
161208, 1349
166444, 1349
186661, 1349
127380, 1348
239817, 1348
97856, 1347
187775, 1347
38945, 1345
149951, 1345
165152, 1345
224799, 1345
251781, 1345
253203, 1345
148812, 1344
163514, 1344
246521, 1344
115040, 1343
121939, 1343
129394, 1343
233374, 1343
240625, 1343
248823, 1343
71708, 1342
111230, 1342
142339, 1342
144159, 1342
213133, 1342
3340, 1339
32336, 1339
151625, 1339
253395, 1339
69247, 1338
104132, 1338
110201, 1337
125664, 1337
268276, 1337
51685, 1336
122535, 1336
146366, 1336
150574, 1336
160719, 1336
175845, 1336
288214, 1336
272674, 1334
279259, 1334
197815, 1333
252526, 1333
5056, 1332
94798, 1332
107024, 1332
165594, 1332
271665, 1332
51974, 1331
52361, 1331
133592, 1331
211501, 1331
280357, 1331
284267, 1331
202390, 1330
236876, 1330
246208, 1330
123970, 1329
218780, 1329
227500, 1329
284741, 1329
295024, 1329
77795, 1328
93195, 1328
110265, 1328
119023, 1328
155963, 1328
168488, 1328
170383, 1328
255025, 1328
265648, 1328
270262, 1328
282920, 1328
27315, 1327
86614, 1327
92389, 1327
92485, 1327
108673, 1327
118667, 1327
118786, 1327
154374, 1327
158608, 1327
161158, 1327
163630, 1327
185603, 1327
192408, 1327
192550, 1327
198159, 1327
201093, 1327
229316, 1327
257010, 1327
272125, 1327
279420, 1327
29094, 1326
118172, 1326
229768, 1326
247730, 1326
291294, 1326
194031, 1325
27158, 1324
92542, 1324
140101, 1324
149271, 1324
168383, 1324
181672, 1324
257676, 1324
43657, 1323
59256, 1323
154653, 1323
167195, 1323
205763, 1323
244484, 1323
56551, 1322
118842, 1322
170744, 1322
236819, 1322
238798, 1322
277577, 1322
212026, 1321
126325, 1320
145180, 1320
71865, 1319
104452, 1319
164316, 1319
196867, 1319
229839, 1319
267967, 1319
99832, 1318
191931, 1318
19522, 1317
75845, 1317
131816, 1317
271479, 1317
38895, 1316
46263, 1316
211869, 1316
238440, 1316
9688, 1315
10629, 1315
24837, 1315
33244, 1315
46760, 1315
51368, 1315
82310, 1315
83090, 1315
114127, 1315
134172, 1315
167551, 1315
272933, 1315
275160, 1315
41707, 1314
67332, 1314
82992, 1314
83656, 1314
194283, 1314
255226, 1314
31829, 1313
128974, 1312
129723, 1312
275134, 1312
277909, 1312
289809, 1312
109428, 1311
188194, 1311
282253, 1311
295181, 1311
277745, 1310
5479, 1309
96002, 1309
108925, 1309
146790, 1309
172592, 1309
173451, 1309
175861, 1309
193807, 1309
230499, 1309
243978, 1309
251448, 1309
257086, 1309
65564, 1308
207747, 1308
35266, 1307
77872, 1307
217583, 1307
259346, 1307
280829, 1307
281635, 1307
60388, 1306
247506, 1306
249363, 1306
276490, 1306
277022, 1306
277024, 1306
63712, 1305
175663, 1305
293151, 1305
25415, 1304
32930, 1304
57201, 1304
66363, 1304
153242, 1304
220411, 1304
235475, 1304
252179, 1304
261729, 1304
280296, 1304
6974, 1303
35075, 1303
45980, 1303
56691, 1303
67744, 1303
231078, 1303
263733, 1303
264203, 1303
267225, 1303
290489, 1303
293397, 1303
280521, 1302
2909, 1301
31207, 1301
55068, 1301
66530, 1301
140696, 1301
192971, 1301
236057, 1301
244191, 1301
282389, 1301
285599, 1301
103632, 1300
168902, 1300
277529, 1300
5304, 1299
86670, 1299
177106, 1299
177420, 1299
227145, 1299
244315, 1299
64698, 1298
196975, 1298
42889, 1297
79395, 1297
100597, 1297
162633, 1297
264341, 1295
275151, 1295
295566, 1295
54112, 1294
75046, 1294
101899, 1294
117397, 1294
145474, 1294
148422, 1294
277373, 1294
5557, 1293
58821, 1293
63846, 1293
80415, 1293
81126, 1293
98258, 1293
119135, 1293
151802, 1293
157244, 1293
167572, 1293
183154, 1293
190750, 1293
202080, 1293
213236, 1293
220671, 1293
230884, 1293
231344, 1293
247018, 1293
269586, 1293
275066, 1293
289891, 1293
52379, 1291
57108, 1291
77407, 1291
79847, 1291
83951, 1291
88047, 1291
89446, 1291
215334, 1291
225005, 1291
234228, 1291
266995, 1291
105326, 1290
124217, 1290
141523, 1290
151297, 1290
175794, 1290
203181, 1290
70471, 1289
72136, 1289
95781, 1289
120097, 1289
152416, 1289
190425, 1289
217461, 1289
1991, 1288
27745, 1288
32325, 1288
46010, 1288
50468, 1288
68165, 1288
86668, 1288
124845, 1288
142496, 1288
156860, 1288
194028, 1288
236652, 1288
252129, 1288
278867, 1288
21008, 1287
98493, 1287
120669, 1287
125506, 1287
140128, 1287
177376, 1287
224648, 1287
234930, 1287
271450, 1287
125419, 1286
150324, 1286
239194, 1286
287735, 1286
23158, 1285
129670, 1285
7569, 1284
245878, 1284
108908, 1283
190589, 1283
229892, 1283
234664, 1283
250454, 1283
261075, 1283
279855, 1283
131836, 1282
278067, 1282
292177, 1282
43006, 1281
57650, 1281
78169, 1281
119574, 1281
248083, 1281
54745, 1280
67672, 1280
120883, 1280
131345, 1280
147796, 1280
157851, 1280
188875, 1280
226744, 1280
228283, 1280
231707, 1280
244046, 1280
253195, 1280
272586, 1280
274941, 1280
277698, 1280
53917, 1279
112243, 1279
186968, 1279
190828, 1279
230677, 1279
22401, 1278
29286, 1278
127349, 1278
280777, 1278
74279, 1277
108076, 1277
190437, 1276
209357, 1276
230253, 1276
31450, 1275
39235, 1275
48345, 1275
60456, 1275
87941, 1275
96742, 1275
168550, 1275
186589, 1275
192545, 1275
196443, 1275
230324, 1275
49413, 1274
55134, 1274
88462, 1274
91634, 1274
112837, 1274
113077, 1274
170032, 1274
174996, 1274
188980, 1274
213260, 1274
218589, 1274
226770, 1274
292127, 1274
93619, 1273
96430, 1273
142550, 1273
144413, 1273
181154, 1273
189660, 1273
205671, 1273
222290, 1273
223394, 1273
226161, 1273
241268, 1273
242022, 1273
260393, 1273
264542, 1273
270993, 1273
271116, 1273
271930, 1273
282205, 1273
295963, 1273
56756, 1272
75489, 1272
115423, 1271
156705, 1271
187090, 1271
250891, 1271
40571, 1270
56067, 1270
80893, 1270
81581, 1270
132656, 1270
140433, 1270
156495, 1270
271005, 1270
290872, 1270
265755, 1269
276, 1268
24624, 1268
34641, 1268
142949, 1267
184037, 1267
246632, 1267
247491, 1267
271048, 1267
294136, 1267
91568, 1266
150164, 1266
163938, 1266
178715, 1265
190155, 1265
266218, 1265
51448, 1264
57717, 1264
114990, 1264
202834, 1264
271868, 1264
16835, 1263
184267, 1263
219845, 1263
229834, 1263
278984, 1263
200260, 1262
291426, 1262
204274, 1261
25312, 1260
83665, 1260
115278, 1260
146663, 1260
166346, 1260
185585, 1260
189714, 1260
198304, 1260
247735, 1260
259238, 1260
272210, 1260
274328, 1260
274904, 1260
291119, 1260
19672, 1259
157420, 1259
169446, 1259
191524, 1259
119533, 1258
132217, 1258
168246, 1258
211044, 1258
226677, 1258
54539, 1257
112283, 1257
205207, 1257
205700, 1257
245658, 1257
256296, 1257
33126, 1256
52002, 1256
53361, 1256
55324, 1256
62668, 1256
73543, 1256
80081, 1256
84159, 1256
92639, 1256
102892, 1256
120370, 1256
124008, 1256
166859, 1256
173522, 1256
222110, 1256
269542, 1256
279185, 1256
251316, 1255
4192, 1254
25702, 1254
89667, 1254
100335, 1254
109073, 1254
129982, 1254
140940, 1254
188775, 1254
200435, 1254
248858, 1254
37827, 1253
234301, 1253
29841, 1252
216241, 1252
266254, 1252
270903, 1252
57922, 1251
100276, 1251
104777, 1251
119529, 1251
123032, 1251
164808, 1251
169596, 1251
36539, 1250
202695, 1250
75178, 1249
185301, 1249
235910, 1249
264300, 1249
115354, 1248
144632, 1248
225380, 1248
105811, 1247
160803, 1247
204542, 1247
262820, 1247
109406, 1246
172625, 1246
16931, 1245
24128, 1245
39964, 1245
52493, 1245
52980, 1245
84237, 1245
84454, 1245
92963, 1245
96854, 1245
105746, 1245
108358, 1245
113704, 1245
132154, 1245
140915, 1245
146075, 1245
150254, 1245
156183, 1245
167685, 1245
169503, 1245
171207, 1245
172080, 1245
172681, 1245
173274, 1245
175573, 1245
196457, 1245
203973, 1245
219856, 1245
223851, 1245
233132, 1245
245886, 1245
272421, 1245
275392, 1245
279105, 1245
293184, 1245
295997, 1245
63662, 1244
203587, 1244
275641, 1244
28307, 1243
167277, 1243
231361, 1243
24104, 1242
31164, 1242
45332, 1242
56354, 1242
111817, 1242
114466, 1242
129743, 1242
135125, 1242
162683, 1242
197351, 1242
232464, 1242
242465, 1242
249014, 1242
262196, 1242
274614, 1242
94822, 1241
106013, 1241
154808, 1241
197900, 1241
211270, 1241
242130, 1241
27024, 1240
30796, 1240
33183, 1240
162390, 1240
199884, 1240
216371, 1240
222141, 1240
226563, 1240
242517, 1240
136446, 1239
145336, 1239
198409, 1239
248316, 1239
277425, 1239
292238, 1239
51906, 1238
52394, 1238
56625, 1238
63466, 1238
65953, 1238
75040, 1238
83797, 1238
98749, 1238
125314, 1238
137224, 1238
158910, 1238
171090, 1238
190528, 1238
199028, 1238
209268, 1238
255745, 1238
262134, 1238
264504, 1238
27728, 1237
28829, 1237
74335, 1237
80863, 1236
131703, 1236
257235, 1236
27715, 1234
125529, 1234
178819, 1234
200080, 1234
244230, 1234
26729, 1233
72910, 1233
74289, 1233
204594, 1233
208964, 1233
233335, 1233
243976, 1233
283875, 1233
129519, 1232
157811, 1232
189188, 1232
152866, 1231
160607, 1231
70695, 1230
83984, 1230
111085, 1230
186788, 1230
86746, 1229
171596, 1229
264497, 1228
126501, 1227
149551, 1227
151412, 1227
158344, 1227
242864, 1227
268582, 1227
208059, 1226
283564, 1226
3722, 1225
33751, 1225
137714, 1225
173186, 1225
209625, 1225
287075, 1225
31456, 1224
111204, 1224
141706, 1224
154184, 1224
231957, 1224
244431, 1224
269481, 1224
274343, 1224
288548, 1224
100254, 1223
106511, 1223
107930, 1223
162792, 1223
53020, 1222
67189, 1222
183309, 1222
183476, 1222
253013, 1222
255345, 1222
11497, 1221
26737, 1221
59563, 1221
64388, 1221
115980, 1221
12546, 1220
96300, 1220
144230, 1220
170758, 1220
258399, 1220
292572, 1220
84179, 1219
87166, 1219
96946, 1219
104638, 1219
119145, 1219
147111, 1219
167150, 1219
189108, 1219
295034, 1219
46460, 1218
82279, 1218
83742, 1218
174007, 1218
211662, 1218
214020, 1218
218247, 1218
262792, 1218
4758, 1217
80242, 1217
109354, 1217
135219, 1217
5319, 1216
13687, 1216
17107, 1216
19128, 1216
26141, 1216
27590, 1216
27833, 1216
33217, 1216
44725, 1216
62049, 1216
92983, 1216
222759, 1216
238215, 1216
242324, 1216
61190, 1215
72362, 1215
104313, 1215
135765, 1215
33171, 1214
48244, 1214
55960, 1214
78270, 1214
112402, 1214
171954, 1214
218095, 1214
222608, 1214
252139, 1214
265352, 1214
265359, 1214
275475, 1214
292137, 1214
38705, 1213
53472, 1213
106905, 1213
267571, 1213
289537, 1213
140581, 1212
215304, 1212
224351, 1212
237816, 1212
62391, 1211
224571, 1211
23022, 1210
166326, 1210
261042, 1210
4187, 1209
14908, 1209
55684, 1209
161062, 1209
202505, 1209
238464, 1209
122457, 1208
177079, 1208
192744, 1208
286537, 1208
174532, 1207
241088, 1207
253897, 1207
276758, 1207
286149, 1207
4065, 1206
13496, 1206
189753, 1206
217798, 1206
273474, 1206
40065, 1205
60254, 1204
80408, 1204
89813, 1204
90640, 1204
178791, 1204
287562, 1204
48921, 1202
224749, 1202
279875, 1202
38385, 1201
53467, 1201
170473, 1201
191642, 1201
37166, 1200
98430, 1200
121053, 1200
153882, 1200
161043, 1200
218411, 1200
233436, 1200
272671, 1200
193970, 1199
19619, 1198
79244, 1198
104011, 1198
110843, 1198
137386, 1198
143654, 1198
206999, 1198
210711, 1198
223014, 1198
273682, 1198
279514, 1198
188287, 1197
223994, 1197
83811, 1196
127166, 1196
164532, 1196
177835, 1196
181679, 1196
225255, 1196
265966, 1196
293059, 1196
72599, 1195
137501, 1195
149679, 1195
263125, 1195
59424, 1194
172172, 1194
229901, 1194
38438, 1193
101796, 1193
147252, 1193
169075, 1193
210318, 1193
248343, 1193
257205, 1193
259236, 1193
282395, 1193
107973, 1192
223526, 1192
283347, 1192
161068, 1191
164973, 1191
220531, 1191
21821, 1190
29195, 1189
37153, 1189
118668, 1189
124933, 1189
175870, 1189
179194, 1189
182053, 1189
217317, 1189
222701, 1189
230264, 1189
279418, 1189
281129, 1189
287976, 1189
292171, 1189
68148, 1188
88116, 1188
95495, 1188
228965, 1188
296482, 1188
52276, 1187
68088, 1187
70642, 1187
86085, 1187
117527, 1187
192028, 1187
203249, 1187
217161, 1187
243184, 1187
249294, 1187
252187, 1187
15030, 1186
55573, 1186
100630, 1186
170942, 1186
194922, 1186
201947, 1186
205182, 1186
240799, 1186
253132, 1186
277388, 1186
179652, 1185
269156, 1185
19582, 1184
29282, 1184
51380, 1184
94131, 1184
96921, 1184
202867, 1184
205495, 1184
205859, 1184
36577, 1183
38244, 1183
44223, 1183
79953, 1183
106126, 1183
120017, 1183
156780, 1183
158683, 1183
159849, 1183
173176, 1183
179050, 1183
180812, 1183
188179, 1183
202226, 1183
208288, 1183
278357, 1183
21846, 1182
64656, 1182
91245, 1182
92095, 1182
165209, 1182
239996, 1182
785, 1181
61233, 1181
95427, 1181
106001, 1181
153520, 1181
162786, 1181
180986, 1181
219390, 1181
258604, 1181
279827, 1181
61896, 1180
63335, 1180
161979, 1180
204224, 1180
260902, 1180
29801, 1179
166171, 1179
228765, 1179
275434, 1179
43162, 1178
200061, 1178
249216, 1178
262126, 1178
83577, 1177
114709, 1177
128858, 1177
153968, 1177
255565, 1177
270375, 1177
290505, 1177
296151, 1177
147708, 1176
213710, 1176
235155, 1176
242435, 1176
250314, 1176
292122, 1176
22073, 1175
55535, 1175
123375, 1175
130076, 1175
146883, 1175
155725, 1175
161134, 1175
186776, 1175
218606, 1175
225897, 1175
229351, 1175
229790, 1175
234024, 1175
256965, 1175
262189, 1175
35815, 1174
37952, 1174
72238, 1174
116691, 1174
139104, 1174
181533, 1174
203676, 1174
283349, 1174
67650, 1173
73488, 1173
129276, 1173
198955, 1173
212875, 1173
213889, 1173
241513, 1173
288962, 1173
74073, 1172
129185, 1172
172110, 1172
178157, 1172
210249, 1172
228966, 1172
237228, 1172
237491, 1172
248592, 1172
263850, 1172
276988, 1172
278202, 1172
292269, 1172
13614, 1171
217861, 1171
175262, 1170
185736, 1170
275750, 1170
283332, 1170
21358, 1169
46972, 1169
63547, 1169
68167, 1169
126757, 1169
151426, 1169
160922, 1169
192651, 1169
265511, 1169
282147, 1169
41058, 1168
47582, 1168
48375, 1168
54994, 1168
55659, 1168
101692, 1168
105308, 1168
119509, 1168
124153, 1168
157093, 1167
263423, 1167
71540, 1166
100490, 1166
129157, 1166
138526, 1166
143934, 1166
163638, 1166
167901, 1166
216946, 1166
229527, 1166
231979, 1166
245002, 1166
249251, 1166
255153, 1166
255731, 1166
256405, 1166
263896, 1166
264340, 1166
267785, 1166
276834, 1166
277664, 1166
279542, 1166
281458, 1166
282909, 1166
283221, 1166
295924, 1166
1159, 1165
161182, 1165
166006, 1165
201190, 1165
1916, 1164
132688, 1164
150162, 1164
229989, 1164
234783, 1164
260748, 1164
4181, 1163
28162, 1163
49382, 1163
51632, 1163
81154, 1163
125634, 1163
184631, 1163
214483, 1163
155770, 1162
165975, 1162
284704, 1162
79185, 1161
129407, 1161
159359, 1161
208888, 1161
229886, 1161
32949, 1160
162000, 1160
276676, 1160
276768, 1160
126132, 1159
150170, 1159
181781, 1159
253338, 1159
190297, 1158
54370, 1157
72135, 1157
97725, 1157
102746, 1157
103069, 1157
115326, 1157
119243, 1157
130344, 1157
137652, 1157
137862, 1157
166045, 1157
172877, 1157
187739, 1157
200097, 1157
242604, 1157
250690, 1157
262614, 1157
270057, 1157
290385, 1157
294847, 1157
30633, 1155
50009, 1155
269121, 1155
27377, 1154
93326, 1154
126484, 1154
151124, 1154
158884, 1154
289499, 1154
34388, 1153
44819, 1153
267553, 1153
157213, 1152
28339, 1151
63106, 1151
70691, 1151
236366, 1151
266817, 1151
284317, 1151
169521, 1150
259224, 1150
260262, 1150
296012, 1150
83334, 1149
45186, 1148
60004, 1148
153462, 1148
160032, 1148
174899, 1148
182125, 1148
198085, 1148
222747, 1148
263929, 1148
58054, 1147
65776, 1146
81660, 1146
83368, 1146
85419, 1146
103373, 1146
117454, 1146
142864, 1146
199103, 1146
229629, 1146
104380, 1145
147670, 1145
163321, 1145
168087, 1145
189994, 1145
220731, 1145
229272, 1145
252299, 1145
261053, 1145
95731, 1144
129858, 1144
166664, 1144
196430, 1144
289969, 1144
291865, 1144
294955, 1144
86069, 1143
87876, 1143
143099, 1143
151146, 1143
171092, 1143
176387, 1143
199110, 1143
199324, 1143
201509, 1143
208327, 1143
208540, 1143
2919, 1142
128010, 1142
128494, 1142
154238, 1142
157387, 1142
159223, 1142
204038, 1142
235290, 1142
237802, 1142
241264, 1142
249050, 1142
249997, 1142
284865, 1142
284871, 1142
290205, 1142
295782, 1142
84495, 1141
93037, 1141
106464, 1141
119581, 1141
131458, 1141
133739, 1141
173579, 1141
176580, 1141
176775, 1141
258388, 1141
275933, 1141
283214, 1141
285496, 1141
291837, 1141
14087, 1140
26009, 1140
87347, 1140
223751, 1140
42337, 1139
71775, 1139
113416, 1139
158092, 1139
238814, 1139
256714, 1139
119665, 1138
125278, 1138
152054, 1138
170184, 1138
184224, 1138
217766, 1138
231937, 1138
272831, 1138
10331, 1137
49845, 1137
107817, 1137
120320, 1137
127596, 1137
134431, 1137
169243, 1137
201396, 1137
275659, 1137
202254, 1136
231331, 1136
27539, 1135
63024, 1135
73479, 1135
141702, 1135
173537, 1135
181495, 1135
194617, 1135
210540, 1135
247676, 1135
265115, 1135
115304, 1134
151986, 1134
202243, 1134
96659, 1133
167230, 1133
161814, 1132
197771, 1132
18870, 1131
163645, 1131
196008, 1131
5987, 1130
23439, 1130
35857, 1130
72935, 1130
74484, 1130
83375, 1130
88469, 1130
98380, 1130
197305, 1130
206661, 1130
217652, 1130
223484, 1130
254029, 1130
294179, 1130
42306, 1129
93945, 1129
98462, 1129
106963, 1129
195978, 1129
220434, 1129
234600, 1129
239561, 1129
249805, 1129
111618, 1128
163990, 1128
229968, 1128
234245, 1128
262965, 1128
282081, 1128
55521, 1127
76529, 1127
127156, 1127
187214, 1127
15858, 1126
24233, 1126
150945, 1126
243981, 1126
249604, 1126
252833, 1124
276845, 1124
65135, 1123
117389, 1123
141277, 1123
142421, 1123
148370, 1123
218330, 1123
13353, 1122
153437, 1122
231314, 1122
247831, 1122
37017, 1121
105780, 1121
109716, 1121
130994, 1121
188766, 1121
255251, 1121
259021, 1121
88038, 1120
154145, 1120
271982, 1120
35716, 1119
130726, 1119
154500, 1119
198954, 1119
213494, 1119
234716, 1119
244322, 1119
265334, 1119
269543, 1119
276247, 1119
143738, 1118
20423, 1117
48082, 1117
54809, 1117
62409, 1117
95669, 1117
164038, 1117
87113, 1116
165407, 1116
182876, 1116
208372, 1116
241601, 1116
6344, 1115
29993, 1115
40463, 1115
87470, 1115
95582, 1115
233570, 1115
234470, 1115
269945, 1115
88172, 1114
122178, 1114
205455, 1114
252750, 1114
18700, 1113
41967, 1113
160183, 1113
160829, 1113
164871, 1113
188018, 1113
201627, 1113
230260, 1113
1689, 1112
75289, 1112
194095, 1112
230111, 1112
255928, 1112
29466, 1111
153465, 1111
285752, 1111
41358, 1110
87998, 1110
91277, 1110
95048, 1110
105492, 1110
117759, 1110
134106, 1110
135225, 1110
141935, 1110
141972, 1110
159339, 1110
163724, 1110
177480, 1110
179501, 1110
198751, 1110
242411, 1110
248561, 1110
248904, 1110
255126, 1110
259476, 1110
262029, 1110
271007, 1110
275258, 1110
284856, 1110
88947, 1109
101042, 1109
107603, 1109
141558, 1109
152755, 1109
161700, 1109
178797, 1109
195069, 1109
196812, 1109
221616, 1109
235094, 1109
241261, 1109
285280, 1109
140502, 1108
157293, 1108
225370, 1108
231742, 1108
59399, 1107
83186, 1107
113153, 1107
161565, 1107
161810, 1107
180760, 1107
280646, 1107
237266, 1106
242188, 1106
269682, 1106
277186, 1106
284441, 1106
58127, 1105
59458, 1105
90859, 1105
122844, 1105
206908, 1105
218369, 1105
237946, 1105
260096, 1105
281032, 1105
283692, 1105
285984, 1105
289589, 1105
289788, 1105
295827, 1105
48004, 1104
56687, 1104
80163, 1104
142174, 1104
214166, 1104
228090, 1104
51953, 1103
62649, 1103
115384, 1103
221811, 1103
239822, 1103
254094, 1103
265435, 1103
40004, 1102
233759, 1102
39348, 1101
42453, 1101
73222, 1101
133626, 1101
156686, 1101
209203, 1101
235575, 1101
276302, 1101
276649, 1101
66395, 1100
160049, 1100
166408, 1100
6668, 1099
34120, 1099
37375, 1099
71231, 1099
122739, 1099
233231, 1099
235916, 1099
251213, 1099
264254, 1099
80127, 1098
243481, 1098
253112, 1098
16271, 1097
123118, 1097
27094, 1096
42232, 1096
94591, 1096
146026, 1096
154516, 1096
162542, 1096
220509, 1096
285428, 1096
39713, 1095
68359, 1095
235163, 1095
263446, 1095
264839, 1095
122635, 1094
191772, 1094
84943, 1093
99379, 1093
132086, 1093
176954, 1093
179640, 1093
218407, 1093
228070, 1093
243736, 1093
259246, 1093
283882, 1093
53302, 1092
62793, 1092
110548, 1092
172436, 1092
215542, 1092
232992, 1092
248431, 1092
54944, 1091
58280, 1091
65943, 1091
150673, 1091
157231, 1091
169542, 1091
187384, 1091
201084, 1091
224272, 1091
231952, 1091
254961, 1091
13294, 1090
19076, 1090
21869, 1090
39987, 1090
41129, 1090
86918, 1090
110595, 1090
170902, 1090
171766, 1090
189807, 1090
282334, 1090
283629, 1090
286125, 1090
38291, 1089
94406, 1089
117493, 1089
148529, 1089
252856, 1089
255931, 1089
283744, 1089
292558, 1089
28967, 1088
46837, 1088
142831, 1088
144525, 1088
200957, 1088
215456, 1088
244994, 1088
266970, 1088
289005, 1088
85473, 1087
90545, 1087
99057, 1087
141229, 1087
271770, 1087
283547, 1087
7142, 1086
59122, 1086
71961, 1086
73202, 1086
75033, 1086
102693, 1086
127012, 1086
163095, 1086
214888, 1086
255672, 1086
274263, 1086
279549, 1086
279801, 1086
280117, 1086
296400, 1086
29216, 1085
74488, 1085
86803, 1085
87206, 1085
107486, 1085
115188, 1085
116699, 1085
128129, 1085
153732, 1085
191326, 1085
211447, 1085
24160, 1084
37582, 1084
43113, 1084
100693, 1084
104164, 1084
106543, 1084
115552, 1084
123304, 1084
150159, 1084
192686, 1084
215029, 1084
229567, 1084
243962, 1084
247889, 1084
264401, 1084
72255, 1083
159212, 1083
201005, 1083
61575, 1082
78307, 1082
140759, 1082
169088, 1082
172412, 1082
186847, 1082
232321, 1082
233583, 1082
281362, 1082
43456, 1081
72572, 1081
110014, 1081
127405, 1081
128992, 1081
138280, 1081
179011, 1081
272648, 1081
42125, 1080
63460, 1080
79079, 1080
81174, 1080
97343, 1080
99572, 1080
106253, 1080
106981, 1080
117356, 1080
158003, 1080
252160, 1080
256899, 1080
8673, 1079
87806, 1079
143495, 1079
124064, 1078
161837, 1078
233222, 1078
240350, 1078
244720, 1078
247712, 1078
252006, 1078
60018, 1077
79307, 1077
79628, 1077
153860, 1077
199163, 1077
206663, 1077
268126, 1077
277064, 1077
293592, 1077
153326, 1075
163893, 1075
40390, 1074
49952, 1074
88301, 1074
184777, 1074
198410, 1074
247903, 1074
258708, 1074
12623, 1073
16824, 1073
27922, 1073
124764, 1073
132221, 1073
140949, 1073
204981, 1073
272068, 1073
23027, 1072
49194, 1072
65994, 1072
115808, 1072
131613, 1072
144838, 1072
158101, 1072
168318, 1072
169004, 1072
174980, 1072
217612, 1072
229987, 1072
230963, 1072
235737, 1072
241093, 1072
256127, 1072
269787, 1072
283026, 1072
184352, 1071
208570, 1071
210747, 1071
212474, 1071
216178, 1071
252524, 1071
258517, 1071
261433, 1071
261485, 1071
177225, 1070
179843, 1070
183192, 1070
243073, 1070
41154, 1069
54505, 1069
65251, 1069
79218, 1069
104659, 1069
113849, 1069
131678, 1069
142315, 1069
165980, 1069
173900, 1069
226746, 1069
228371, 1069
230934, 1069
16210, 1068
33714, 1068
81294, 1068
136261, 1068
138197, 1068
171529, 1068
204463, 1068
212440, 1068
249879, 1068
273916, 1068
288083, 1068
63333, 1067
65067, 1067
144193, 1067
205323, 1067
217537, 1067
236096, 1067
2615, 1066
50060, 1066
70935, 1066
95581, 1066
162798, 1066
166556, 1066
229505, 1066
270735, 1066
281595, 1065
46410, 1064
47663, 1064
47738, 1064
48698, 1064
48700, 1064
48770, 1064
50379, 1064
50449, 1064
50545, 1064
51449, 1064
51526, 1064
51800, 1064
52763, 1064
53294, 1064
54015, 1064
54700, 1064
56272, 1064
56286, 1064
57183, 1064
58864, 1064
62592, 1064
171055, 1064
200652, 1064
62063, 1062
95585, 1062
99344, 1062
113988, 1062
123109, 1062
215286, 1062
234608, 1062
283725, 1062
203924, 1061
236782, 1061
288518, 1061
20868, 1060
66867, 1060
76223, 1060
143140, 1060
182832, 1060
286004, 1060
73501, 1059
164929, 1059
227853, 1059
228770, 1059
232097, 1059
241778, 1059
249260, 1059
290734, 1059
291937, 1059
30906, 1058
90182, 1058
150134, 1058
159764, 1058
163412, 1058
3533, 1057
80536, 1057
88521, 1057
295150, 1057
48334, 1056
53743, 1056
80137, 1056
133081, 1056
140456, 1056
255460, 1056
266319, 1056
77599, 1055
130452, 1055
140411, 1055
140955, 1055
175628, 1055
271744, 1055
27481, 1054
65006, 1054
137548, 1054
149228, 1054
164831, 1054
165253, 1054
177145, 1054
204104, 1054
212427, 1054
226447, 1054
241305, 1054
28195, 1053
39095, 1053
43974, 1053
65926, 1053
110819, 1053
141022, 1053
144188, 1053
155078, 1053
161084, 1053
84517, 1052
103464, 1052
141878, 1052
166078, 1052
180224, 1052
195059, 1052
237672, 1052
292683, 1052
147475, 1051
170769, 1051
133666, 1050
172438, 1050
242237, 1050
231982, 1048
65882, 1047
101408, 1047
108224, 1047
26346, 1046
66357, 1046
80357, 1046
153181, 1046
218221, 1046
5262, 1045
103152, 1045
119078, 1045
125230, 1045
133291, 1045
164492, 1045
246560, 1045
252744, 1045
268049, 1045
280566, 1045
283176, 1045
24519, 1044
32827, 1044
37869, 1044
51286, 1044
173295, 1044
178587, 1044
45914, 1043
141273, 1043
261395, 1043
198820, 1042
267750, 1042
279868, 1042
286758, 1042
95843, 1041
147138, 1041
216369, 1041
243467, 1041
17190, 1040
31305, 1040
160946, 1040
153781, 1039
157194, 1038
173111, 1038
32991, 1037
164298, 1037
217596, 1037
262853, 1037
292400, 1037
44618, 1036
171032, 1036
271135, 1036
275552, 1036
10075, 1035
28942, 1035
33340, 1035
60513, 1035
90137, 1035
229376, 1035
24365, 1034
40867, 1034
55142, 1034
57918, 1034
68615, 1034
77268, 1034
82380, 1034
98663, 1034
191440, 1034
244347, 1034
266895, 1034
35197, 1033
44779, 1033
128414, 1033
273298, 1033
283806, 1033
90247, 1032
114194, 1032
216001, 1032
275419, 1032
14875, 1031
36052, 1031
48041, 1031
69287, 1031
72590, 1031
135813, 1031
226633, 1031
275645, 1031
59421, 1030
86755, 1030
138274, 1030
157441, 1030
212702, 1030
217210, 1030
234222, 1030
276970, 1030
284472, 1030
19520, 1029
85884, 1029
87561, 1029
100620, 1029
213393, 1029
100747, 1028
128661, 1028
140829, 1028
170274, 1028
210241, 1028
219055, 1028
236629, 1027
4902, 1026
43675, 1026
257600, 1026
258634, 1026
265414, 1026
28303, 1025
30564, 1025
34784, 1025
60704, 1025
88161, 1025
134484, 1025
154607, 1025
267665, 1025
272008, 1025
23464, 1024
64870, 1024
165315, 1024
170221, 1024
197837, 1024
207276, 1024
229815, 1024
276861, 1024
57643, 1023
70760, 1023
99447, 1023
130685, 1023
164073, 1023
178470, 1023
241652, 1023
61667, 1022
90579, 1022
102759, 1022
115269, 1022
222349, 1022
250874, 1022
27929, 1021
41829, 1021
112883, 1021
24663, 1020
107995, 1020
132625, 1020
130622, 1019
175461, 1019
203869, 1019
7149, 1018
147098, 1018
160137, 1018
295226, 1018
34456, 1017
194597, 1017
135473, 1016
187678, 1016
241055, 1016
17262, 1015
64994, 1015
70607, 1015
76598, 1015
78198, 1015
103100, 1015
128422, 1015
157335, 1015
223598, 1015
230461, 1015
263122, 1015
293236, 1015
29810, 1014
44614, 1014
87651, 1014
110826, 1014
223712, 1014
98072, 1013
114540, 1013
189045, 1013
211756, 1013
223708, 1013
264464, 1013
265464, 1013
70679, 1012
130077, 1012
216071, 1012
231685, 1012
247890, 1012
290177, 1012
23548, 1011
94682, 1011
120068, 1011
170026, 1011
203920, 1011
23187, 1010
63202, 1010
153383, 1010
177820, 1010
197279, 1010
200741, 1010
215037, 1010
288737, 1010
83266, 1009
113034, 1009
146356, 1009
245354, 1009
262518, 1009
10522, 1008
46521, 1008
99899, 1008
102062, 1007
104756, 1007
116480, 1007
186566, 1007
198583, 1007
204635, 1007
222209, 1007
290629, 1007
35996, 1006
65160, 1006
83353, 1006
126987, 1006
162151, 1006
166771, 1006
200384, 1006
206711, 1006
19474, 1005
48535, 1005
241804, 1005
242908, 1005
265653, 1005
295297, 1005
23525, 1004
81169, 1004
97918, 1004
99051, 1004
116689, 1004
116849, 1004
117283, 1004
124868, 1004
195107, 1004
195485, 1004
205040, 1004
220464, 1004
252766, 1004
271034, 1004
291664, 1004
48090, 1003
63230, 1003
80914, 1003
126946, 1003
200668, 1003
8156, 1002
31943, 1002
43059, 1002
43075, 1002
100905, 1002
102959, 1002
153003, 1002
224587, 1002
229627, 1002
232845, 1002
58438, 1001
94239, 1001
146381, 1001
150076, 1001
152071, 1001
255961, 1001
277343, 1001
25663, 1000
31499, 1000
47264, 1000
49180, 1000
49250, 1000
50331, 1000
51318, 1000
51757, 1000
52460, 1000
54651, 1000
54666, 1000
54898, 1000
55454, 1000
56127, 1000
56352, 1000
56782, 1000
57475, 1000
58499, 1000
61213, 1000
62993, 1000
65995, 1000
68039, 1000
127466, 1000
245077, 1000
