1350, 73489
2618, 73489
2890, 73489
2991, 73489
3090, 73489
3106, 73489
6581, 73489
15936, 73489
25380, 73489
66230, 73489
66729, 73489
1855, 72222
1955, 72222
2078, 72222
2512, 72222
2925, 72222
2982, 72222
185465, 72222
226638, 71571
37774, 69821
2598, 64548
30433, 62059
2901, 54110
2914, 49942
136255, 46908
3111, 43218
4893, 39517
8598, 39517
15103, 39517
18765, 39517
23971, 39517
39387, 39517
86680, 39517
17689, 37299
2436, 34677
44194, 33034
19525, 32349
27773, 28533
154247, 27396
158113, 27396
161572, 27396
36250, 27213
67884, 27213
29166, 25952
108441, 25952
142127, 25952
137857, 24494
29684, 24403
20253, 24267
2358, 23721
133292, 23675
10659, 22228
13146, 22158
17179, 22158
18692, 22158
267, 22133
13393, 22133
166882, 22029
170770, 22029
20657, 21867
35, 21734
3381, 21734
27631, 21734
31055, 21734
8622, 21536
8870, 21536
10023, 21536
14248, 21536
18184, 21536
7271, 21369
58166, 21317
5801, 21315
7321, 21315
7007, 21300
9882, 21300
23177, 21300
9367, 21207
1181, 21056
12573, 21056
104029, 21056
8482, 20963
12058, 20963
15190, 20963
16207, 20963
17346, 20963
19902, 20963
21094, 20963
25748, 20963
179602, 20963
11957, 20817
13028, 20817
13506, 20817
13846, 20817
14593, 20817
15935, 20817
16457, 20817
17134, 20817
17463, 20817
17595, 20817
17906, 20817
18848, 20817
73613, 20817
105877, 20817
161505, 20817
173218, 20817
240449, 20817
250543, 20817
290433, 20817
291263, 20817
296385, 20817
11653, 20812
13959, 20812
14638, 20812
116476, 20812
282841, 20812
16570, 20691
16844, 20691
17048, 20691
18348, 20691
18505, 20691
18715, 20691
19102, 20691
19989, 20691
20182, 20691
95896, 20691
29982, 20640
31190, 20640
36225, 20640
39478, 20640
40809, 20640
45911, 20640
55398, 20581
178675, 20570
198119, 20570
227019, 20570
235970, 20570
36138, 20519
72290, 20519
13230, 20517
15233, 20517
101829, 20517
169367, 20517
205166, 20517
217646, 20517
261405, 20517
26194, 20487
26831, 20487
27379, 20487
27980, 20487
28440, 20487
29283, 20487
41838, 20483
2, 20435
163, 20435
25066, 20414
25853, 20414
27651, 20414
28040, 20414
29742, 20414
43440, 20414
72703, 20414
76196, 20396
12627, 20311
167391, 20267
21785, 20242
21908, 20242
22644, 20242
22671, 20242
22818, 20242
23411, 20242
24091, 20242
28610, 20242
68763, 20190
123467, 20190
38125, 20185
41670, 20185
44798, 20166
140790, 20166
170427, 20166
20172, 20097
205, 20093
562, 20093
1823, 20093
2282, 20093
3091, 20093
3903, 20093
13858, 20093
65058, 20093
264825, 19954
9151, 19853
7686, 19821
8395, 19821
29399, 19784
49644, 19784
50453, 19784
884, 19723
3195, 19723
5171, 19723
73683, 19685
164579, 19685
6664, 19622
8397, 19622
31513, 19551
36471, 19442
12774, 19406
205384, 19364
90179, 19328
93701, 19278
28227, 19174
262595, 19103
19514, 19073
147826, 18724
21509, 18707
25095, 18707
25154, 18707
68029, 18659
223802, 18636
1995, 18300
28547, 18276
5418, 18220
22282, 18220
25918, 18207
150780, 18195
176233, 18195
44897, 18076
20096, 17784
85589, 17709
85674, 17709
86314, 17709
86977, 17709
87600, 17709
91693, 17709
91737, 17709
92984, 17709
103279, 17709
105950, 17709
147376, 17709
180510, 17709
51848, 17653
10123, 17620
42941, 17540
145677, 17338
108711, 17170
23211, 17037
201772, 17024
212343, 17024
224567, 17024
81868, 16955
92775, 16955
148783, 16955
187503, 16955
12214, 16881
14027, 16881
15609, 16881
62765, 16829
68160, 16829
122112, 16737
150570, 16737
164472, 16737
3468, 15863
89766, 15491
22108, 15438
101558, 15070
117934, 15070
129612, 15070
135203, 15070
141394, 15070
141958, 15070
143700, 15070
145424, 15070
151139, 15070
294407, 15070
1201, 15014
121978, 14921
135622, 14921
136945, 14921
144054, 14921
162980, 14921
166810, 14921
180204, 14921
208180, 14921
231494, 14921
116096, 14877
122769, 14877
147092, 14700
206535, 14700
233919, 14700
19394, 14661
127729, 14659
135063, 14659
141842, 14659
147720, 14659
69268, 14623
52581, 14615
59067, 14615
59627, 14615
61421, 14615
66914, 14615
196451, 14426
5474, 14412
292355, 14371
1099, 14363
115563, 14282
135854, 14282
65893, 14069
5556, 13999
21279, 13996
58869, 13988
59087, 13988
64714, 13988
107924, 13971
110578, 13971
116536, 13971
120823, 13971
121407, 13971
130741, 13971
135035, 13971
150562, 13971
159741, 13971
145594, 13743
55713, 13389
55985, 13389
64475, 13389
65423, 13389
106122, 13144
149148, 13144
5806, 12890
7116, 12818
136020, 12776
136805, 12776
142130, 12776
156421, 12776
161342, 12776
48149, 12746
113, 12688
123169, 12573
159625, 12573
70610, 12522
72768, 12522
74145, 12522
130002, 12464
140084, 12464
148384, 12464
173055, 12464
131315, 12427
133267, 12338
168937, 12338
177870, 12338
183130, 12338
187144, 12338
198333, 12338
198513, 12338
201842, 12338
214321, 12338
221504, 12338
221902, 12338
235356, 12338
241376, 12338
241972, 12338
245210, 12338
246463, 12338
248656, 12338
251672, 12338
252844, 12338
253840, 12338
264602, 12338
264736, 12338
265525, 12338
282476, 12338
283303, 12338
283636, 12338
286524, 12338
286596, 12338
292078, 12338
293204, 12338
293436, 12338
296314, 12338
143190, 12173
293089, 12173
94220, 12098
120891, 12098
124371, 12098
131099, 12098
131245, 12098
131712, 12098
132031, 12098
135788, 12098
140264, 12098
141362, 12098
152186, 12098
164777, 12098
166763, 12098
167651, 12098
167773, 12098
172418, 12098
203593, 12098
206487, 12098
208706, 12098
217261, 12098
232230, 12098
238006, 12098
243541, 12098
256418, 12098
286001, 12098
289195, 12098
20732, 12004
99793, 11976
110797, 11976
110968, 11976
112900, 11976
185417, 11976
101459, 11965
105319, 11965
129729, 11965
142928, 11965
106290, 11945
126016, 11945
132609, 11945
136165, 11945
137837, 11945
138117, 11945
139379, 11945
140227, 11945
142148, 11945
144899, 11945
150465, 11945
150820, 11945
151082, 11945
153561, 11945
154611, 11945
158764, 11945
160689, 11945
161223, 11945
162240, 11945
168477, 11945
169072, 11945
170330, 11945
171370, 11945
180077, 11945
186255, 11945
188917, 11945
198250, 11945
202275, 11945
205281, 11945
220815, 11945
117653, 11885
124240, 11885
132421, 11885
140853, 11885
155875, 11885
157968, 11885
159324, 11885
217314, 11820
128937, 11078
135466, 11078
154330, 11078
159442, 11078
180474, 11078
125550, 10963
138673, 10963
167294, 10963
137127, 10888
221275, 10871
40298, 10846
164710, 10736
211026, 10658
259181, 10658
232658, 10423
284001, 10414
168468, 10404
33215, 10378
90275, 10201
116690, 10201
130289, 10201
172535, 10201
110869, 10176
235838, 10176
14013, 10141
125642, 10141
91921, 10133
117737, 10133
121195, 10133
125404, 10133
164569, 10133
176495, 10133
191346, 10133
197876, 10133
123396, 10110
124793, 10110
128795, 10110
132102, 10110
132665, 10110
137325, 10110
147415, 10110
149295, 10110
152665, 10110
153138, 10110
166938, 10110
199013, 10110
203377, 10110
242859, 10110
137782, 10005
7878, 10002
11199, 9990
8943, 9964
13509, 9964
68833, 9964
147543, 9964
177092, 9964
4209, 9576
19071, 9576
25744, 9570
10030, 9518
10241, 9518
12137, 9518
22289, 9518
64829, 9518
71559, 9518
104241, 9518
113466, 9518
126661, 9518
258749, 9518
221705, 9508
168042, 9492
247425, 9492
30586, 9414
10895, 9373
16016, 9373
12694, 9351
17342, 9351
36642, 9351
204280, 9351
243387, 9351
255737, 9351
2457, 9336
5453, 9336
13923, 9336
28300, 9336
29927, 9336
61007, 9336
72081, 9336
84372, 9336
111074, 9336
136829, 9336
196683, 9336
233678, 9336
287139, 9336
16687, 9297
29974, 9297
32335, 9297
37898, 9297
49211, 9297
113051, 9297
269002, 9297
7387, 9272
9747, 9272
19676, 9272
58592, 9272
79414, 9272
84205, 9272
152405, 9272
175991, 9272
79745, 9148
20617, 9059
24592, 9059
26768, 9059
37135, 9059
40932, 9059
45351, 9059
50451, 9059
20960, 9033
156583, 9033
76930, 8888
118984, 8881
215376, 8824
235914, 8777
25719, 8744
45376, 8682
30625, 8641
34567, 8641
37169, 8641
55136, 8641
3866, 8596
30085, 8596
54376, 8596
183488, 8596
2593, 8568
24171, 8568
44283, 8568
58702, 8568
72288, 8568
238223, 8568
4367, 8481
7215, 8481
41020, 8481
69930, 8481
83569, 8481
188500, 8481
1132, 8442
3890, 8437
154110, 8437
12429, 8417
13446, 8417
25772, 8417
210598, 8417
2357, 8375
17326, 8375
32585, 8375
39907, 8375
72099, 8375
119770, 8375
148728, 8375
290156, 8375
70886, 8368
80665, 8368
20378, 8333
15866, 8316
1417, 8197
1446, 8197
1481, 8197
1755, 8197
3913, 8197
4785, 8197
7875, 8197
8288, 8197
11333, 8197
17469, 8197
18059, 8197
18650, 8197
20108, 8197
20875, 8197
22338, 8197
25957, 8197
37392, 8197
68620, 8197
72911, 8197
83059, 8197
84944, 8197
90185, 8197
93086, 8197
117541, 8197
123886, 8197
138772, 8197
154887, 8197
159085, 8197
162167, 8197
253247, 8197
63224, 8193
142485, 8193
14738, 8168
17535, 8168
18566, 8168
19458, 8168
20131, 8168
26599, 8168
68448, 8168
86522, 8168
93295, 8168
122691, 8168
169176, 8168
178658, 8168
284053, 8168
45896, 8145
48105, 8145
88681, 8145
201665, 8145
276170, 8145
6497, 8114
39388, 8036
55877, 8036
62952, 8036
72320, 8036
83247, 8036
256532, 7970
5611, 7954
124922, 7911
224446, 7906
230125, 7906
246245, 7906
277688, 7906
211852, 7905
247989, 7905
4537, 7869
169277, 7855
47342, 7825
170150, 7804
238120, 7804
190802, 7796
248358, 7707
266965, 7617
192307, 7540
32521, 7524
40401, 7524
40671, 7524
106278, 7524
144612, 7524
211135, 7524
256736, 7524
279517, 7464
52103, 7457
16851, 7448
76974, 7448
25644, 7388
26797, 7388
30068, 7388
39076, 7388
41551, 7388
66040, 7388
69232, 7388
82760, 7388
124273, 7388
128380, 7388
165916, 7388
166749, 7388
178127, 7388
185085, 7388
193531, 7388
200585, 7388
204263, 7388
209824, 7388
210125, 7388
219427, 7388
226182, 7388
251819, 7388
294482, 7357
46572, 7353
48947, 7337
54970, 7337
64153, 7337
44752, 7300
89931, 7300
97015, 7300
124595, 7300
127475, 7300
135683, 7300
137985, 7300
172687, 7300
173483, 7300
261064, 7300
262682, 7300
282310, 7300
36851, 7272
75384, 7272
12730, 7242
20407, 7242
118832, 7242
168526, 7242
245710, 7242
89377, 7228
40282, 7215
13500, 7213
17583, 7213
19130, 7213
26348, 7213
31533, 7213
38470, 7213
41897, 7213
43863, 7213
55466, 7213
61682, 7213
64521, 7213
68478, 7213
76056, 7213
82021, 7213
85078, 7213
91093, 7213
95110, 7213
107467, 7213
118868, 7213
128059, 7213
130428, 7213
137253, 7213
148661, 7213
155518, 7213
166977, 7213
176629, 7213
183833, 7213
184225, 7213
184228, 7213
184570, 7213
215185, 7213
220801, 7213
244620, 7213
255717, 7213
258274, 7213
276413, 7213
292003, 7213
19036, 7162
29025, 7162
31032, 7162
42690, 7162
56132, 7162
65573, 7162
85406, 7162
85653, 7162
86923, 7162
98225, 7162
120818, 7162
122067, 7162
134377, 7162
139156, 7162
141489, 7162
188849, 7162
218907, 7162
220223, 7162
230299, 7162
246654, 7162
288226, 7162
149387, 7146
151492, 7146
228391, 7146
261739, 7146
20649, 7003
29984, 7003
104144, 7003
28083, 6995
275073, 6950
201735, 6920
294891, 6868
125644, 6864
214221, 6842
35267, 6822
117516, 6822
58132, 6811
61195, 6811
137557, 6811
138113, 6811
48197, 6798
234775, 6769
46871, 6763
219194, 6763
255082, 6763
59814, 6720
167555, 6720
177452, 6720
197708, 6720
139490, 6607
235246, 6607
251, 6604
20275, 6604
23627, 6604
155348, 6604
167574, 6604
54113, 6591
58090, 6591
58255, 6591
64867, 6591
66788, 6591
67709, 6591
79228, 6591
92187, 6591
94659, 6591
96958, 6591
97022, 6591
106591, 6591
141116, 6579
294, 6542
15458, 6542
49407, 6542
59461, 6542
88168, 6542
184609, 6542
112165, 6469
81525, 6460
64577, 6421
106735, 6421
242515, 6420
255036, 6420
290945, 6396
130977, 6281
156987, 6281
278316, 6272
83769, 6219
213410, 6198
294795, 6166
51265, 6063
250764, 6063
216213, 5956
263254, 5944
74535, 5909
4058, 5902
24356, 5902
123501, 5902
265749, 5902
178117, 5894
179256, 5894
259363, 5894
13217, 5891
152142, 5885
193410, 5885
138289, 5876
80888, 5752
110882, 5734
221613, 5697
4018, 5648
4576, 5648
5040, 5648
5271, 5648
7098, 5648
19950, 5648
20123, 5648
20156, 5648
21674, 5648
24965, 5648
31909, 5648
119304, 5648
125060, 5648
211859, 5648
278868, 5648
283165, 5648
119773, 5643
282402, 5643
192091, 5625
55885, 5623
97026, 5617
141797, 5614
206444, 5597
252974, 5597
268333, 5597
3, 5581
136577, 5579
54233, 5553
196423, 5553
231435, 5553
45989, 5540
281974, 5540
132890, 5524
154244, 5524
178571, 5524
266974, 5511
180305, 5464
130681, 5440
20986, 5389
93395, 5389
181680, 5387
158190, 5384
249856, 5380
103482, 5367
191948, 5358
266258, 5358
278701, 5358
58202, 5346
166604, 5324
175182, 5324
246450, 5324
277322, 5324
159611, 5296
202820, 5296
210007, 5296
202811, 5255
227839, 5238
187894, 5175
272186, 5175
52, 5162
16262, 5161
16277, 5161
25476, 5161
27760, 5161
28522, 5161
37290, 5161
38344, 5161
44563, 5161
47992, 5161
51887, 5161
60999, 5161
62534, 5161
69873, 5161
80285, 5161
91043, 5161
134787, 5161
139160, 5161
193409, 5161
200601, 5161
218619, 5161
243772, 5161
245731, 5161
268040, 5161
286032, 5161
290111, 5161
164351, 5152
178679, 5152
230015, 5152
70016, 5149
268815, 5149
126318, 5147
146684, 5147
148470, 5147
160578, 5147
161830, 5147
165397, 5147
201330, 5147
202671, 5147
233346, 5147
245283, 5147
245903, 5147
263500, 5147
42620, 5144
13183, 5109
18518, 5109
23081, 5109
31851, 5109
32908, 5109
40383, 5109
42890, 5109
44306, 5109
48825, 5109
53246, 5109
59376, 5109
60169, 5109
66899, 5109
67457, 5109
69490, 5109
72664, 5109
77970, 5109
81872, 5109
87603, 5109
90236, 5109
91330, 5109
92944, 5109
94594, 5109
94750, 5109
114735, 5109
116164, 5109
116786, 5109
117265, 5109
127962, 5109
138597, 5109
139448, 5109
143867, 5109
151705, 5109
154125, 5109
157829, 5109
160194, 5109
161941, 5109
199090, 5109
208592, 5109
213924, 5109
250820, 5109
255292, 5109
263667, 5109
34073, 5096
215423, 5043
163264, 5042
182069, 5042
190975, 5042
7132, 5033
11280, 5033
18218, 5033
25044, 5033
103774, 5033
130067, 5033
147350, 5033
176619, 5033
255599, 5033
175086, 5032
177752, 5032
198649, 5032
209265, 5032
217887, 5032
250860, 5032
273361, 5032
63340, 4992
30879, 4991
235121, 4938
137259, 4936
161416, 4936
51457, 4898
125855, 4888
219091, 4888
266145, 4888
56267, 4855
218515, 4832
239884, 4832
248962, 4832
253524, 4832
131616, 4801
194408, 4801
231588, 4684
10324, 4668
111430, 4657
27278, 4651
40525, 4651
84984, 4651
92393, 4651
96270, 4651
120724, 4651
35518, 4579
83003, 4577
211376, 4577
214231, 4577
246952, 4577
271046, 4577
27766, 4574
240033, 4573
73374, 4567
120226, 4567
141965, 4558
42980, 4549
122427, 4549
219767, 4549
223563, 4549
28955, 4539
31373, 4539
11289, 4537
30671, 4513
115057, 4513
273560, 4482
28328, 4462
36676, 4462
36840, 4462
43708, 4462
66169, 4462
96930, 4462
111380, 4462
154113, 4462
164498, 4462
204164, 4462
204210, 4462
210145, 4462
213532, 4462
247802, 4462
279525, 4462
279729, 4462
75234, 4425
84263, 4425
84873, 4425
126084, 4425
130854, 4425
136012, 4425
153812, 4425
292962, 4425
81363, 4413
101550, 4377
129759, 4377
134289, 4377
134767, 4377
168868, 4377
169733, 4377
174807, 4377
229785, 4377
256964, 4377
287879, 4377
216280, 4366
14643, 4304
15063, 4304
16327, 4304
19009, 4304
50104, 4304
56117, 4304
100943, 4304
141742, 4304
201555, 4304
211696, 4304
241186, 4304
251075, 4304
264179, 4304
18033, 4266
24224, 4244
30685, 4244
34559, 4244
56489, 4244
65306, 4244
71072, 4244
77901, 4244
81451, 4244
111282, 4244
140316, 4244
144769, 4244
150106, 4244
203543, 4244
205219, 4244
254280, 4244
293246, 4244
174216, 4232
627, 4231
262170, 4188
375, 4180
60933, 4180
69592, 4180
71825, 4180
78782, 4180
121760, 4180
148519, 4180
148970, 4180
155088, 4180
158797, 4180
173312, 4180
237994, 4180
255533, 4180
265220, 4180
281081, 4180
16138, 4161
27798, 4161
60093, 4161
82528, 4161
150997, 4161
194937, 4161
293396, 4161
94764, 4156
279990, 4155
36342, 4094
44877, 4085
78697, 4054
236686, 4024
2038, 3979
52339, 3965
118723, 3965
129439, 3965
266699, 3965
268299, 3965
74885, 3931
115898, 3931
89210, 3921
138782, 3921
153644, 3921
36975, 3919
63689, 3919
69042, 3918
78222, 3918
85707, 3918
115466, 3918
115891, 3918
138765, 3881
159838, 3843
46316, 3714
91370, 3714
138510, 3693
39492, 3686
45058, 3686
73975, 3686
101390, 3686
106512, 3686
107749, 3686
122816, 3686
144221, 3686
146208, 3686
158150, 3686
166277, 3686
197801, 3686
209797, 3686
216424, 3686
289826, 3686
63337, 3661
174831, 3593
188580, 3478
256706, 3466
120887, 3463
130273, 3463
140157, 3463
140621, 3463
141500, 3463
183981, 3463
189438, 3463
208440, 3463
237403, 3463
271283, 3463
211705, 3452
262718, 3452
1013, 3428
150814, 3426
154786, 3426
165555, 3426
247557, 3426
247627, 3426
29621, 3424
9231, 3381
119970, 3377
147361, 3377
158225, 3377
182385, 3377
197217, 3377
204441, 3377
236839, 3377
244206, 3377
282158, 3377
12259, 3330
127179, 3307
142278, 3307
109961, 3302
146702, 3302
110096, 3301
122291, 3298
130259, 3298
135959, 3298
138257, 3298
143085, 3298
147387, 3298
152698, 3298
168599, 3298
169337, 3298
184697, 3298
188197, 3298
240782, 3298
260015, 3298
276422, 3298
271, 3296
49506, 3284
46852, 3282
73814, 3223
105098, 3222
110995, 3222
134376, 3222
140371, 3222
143177, 3222
173318, 3222
253381, 3222
263417, 3222
271562, 3222
93343, 3194
234712, 3167
191815, 3165
217194, 3165
220893, 3165
227372, 3165
159934, 3149
224578, 3137
37289, 3133
55429, 3128
87940, 3127
130169, 3127
138776, 3127
140850, 3127
170005, 3127
180872, 3127
189566, 3127
199138, 3127
203168, 3127
211922, 3127
216962, 3127
219550, 3127
223885, 3127
238886, 3127
247141, 3127
259100, 3127
263260, 3127
265025, 3127
279931, 3127
290510, 3127
89388, 3112
99659, 3112
101262, 3112
102305, 3112
103312, 3112
107604, 3112
109913, 3112
114250, 3112
119045, 3112
124857, 3112
164732, 3112
170226, 3112
219335, 3112
75410, 3111
7410, 3093
288378, 3084
49626, 3064
95298, 3064
98590, 3021
100331, 3021
22686, 2994
255765, 2994
283784, 2994
294534, 2994
237814, 2960
103320, 2940
141233, 2940
91214, 2906
3419, 2875
98371, 2875
153623, 2874
220379, 2874
220707, 2874
37778, 2867
58288, 2866
102114, 2866
194925, 2866
225, 2861
198507, 2861
36771, 2858
41692, 2858
53527, 2858
108177, 2858
101761, 2838
144656, 2838
78, 2835
44791, 2816
51244, 2816
52759, 2816
64433, 2816
74453, 2816
74762, 2816
75481, 2816
89411, 2816
90343, 2816
104370, 2816
114208, 2816
119499, 2816
124287, 2816
79369, 2803
233994, 2803
255925, 2803
283381, 2803
15321, 2800
32527, 2800
282520, 2793
284332, 2793
126740, 2791
157259, 2791
87682, 2787
221276, 2787
284773, 2787
50365, 2773
74908, 2773
151795, 2773
187456, 2773
25201, 2763
58457, 2763
164681, 2763
165320, 2762
280888, 2762
282733, 2762
41789, 2761
117240, 2756
117485, 2756
119209, 2756
132702, 2756
136672, 2756
137291, 2756
143425, 2756
163209, 2756
165123, 2756
166110, 2756
166981, 2756
167047, 2756
168296, 2756
173633, 2756
173806, 2756
175073, 2756
179796, 2756
182753, 2756
189926, 2756
191969, 2756
192661, 2756
192806, 2756
193469, 2756
193874, 2756
197440, 2756
206832, 2756
217897, 2756
222024, 2756
245147, 2756
245570, 2756
182301, 2754
227129, 2754
71125, 2751
85739, 2746
170448, 2746
18215, 2744
98848, 2744
8386, 2738
30723, 2734
87224, 2734
212868, 2734
161468, 2729
75244, 2724
86900, 2723
127441, 2723
135610, 2723
23608, 2722
172871, 2722
81454, 2719
51747, 2718
23731, 2714
136462, 2714
196415, 2714
65314, 2700
246910, 2700
278652, 2700
125910, 2696
54657, 2690
70270, 2690
76282, 2690
166782, 2690
67886, 2685
147485, 2683
111173, 2681
111462, 2681
130577, 2681
163937, 2681
212856, 2681
223195, 2681
251859, 2681
283800, 2681
236295, 2680
238097, 2680
280321, 2680
291267, 2680
89039, 2679
118498, 2679
129065, 2679
161092, 2679
265717, 2679
51569, 2675
62932, 2675
129372, 2675
184250, 2675
119187, 2670
287856, 2668
37274, 2660
47153, 2660
51571, 2660
63461, 2660
68482, 2660
73910, 2660
83016, 2660
89157, 2660
89581, 2660
97055, 2660
97323, 2660
110504, 2660
128284, 2660
132491, 2660
180487, 2660
181476, 2660
208261, 2660
225772, 2660
281692, 2660
34983, 2659
168919, 2659
179396, 2659
190642, 2653
27927, 2646
88279, 2645
40687, 2643
42325, 2643
45676, 2643
56230, 2643
58392, 2643
58843, 2643
69586, 2643
86594, 2643
5967, 2639
87515, 2636
63694, 2635
2918, 2634
47624, 2634
64886, 2634
131174, 2634
126474, 2633
54120, 2628
205915, 2628
160839, 2627
211707, 2624
108490, 2623
251936, 2623
282048, 2623
22791, 2620
22240, 2619
72815, 2619
59045, 2618
69838, 2618
180843, 2618
199713, 2618
220876, 2618
47604, 2615
3173, 2608
2957, 2605
21978, 2605
26261, 2605
200502, 2605
144946, 2603
286922, 2603
262287, 2602
20353, 2597
161884, 2597
98837, 2596
151766, 2596
280148, 2596
27048, 2595
28484, 2595
135400, 2595
249594, 2595
61002, 2594
78647, 2594
106713, 2594
141478, 2594
213127, 2594
217303, 2594
233870, 2594
244840, 2594
252437, 2594
23797, 2592
107389, 2592
292382, 2592
1711, 2587
2187, 2587
2556, 2587
3735, 2587
5202, 2587
5214, 2587
5661, 2587
64837, 2587
247637, 2587
82316, 2585
97162, 2585
166116, 2585
175229, 2585
277367, 2585
83315, 2583
250358, 2583
18290, 2582
60959, 2582
281282, 2582
46899, 2580
22038, 2578
94495, 2578
123857, 2578
143388, 2578
559, 2577
39655, 2576
98570, 2576
9625, 2573
9965, 2573
18054, 2573
18972, 2573
19288, 2573
21466, 2573
22551, 2573
24318, 2573
37969, 2573
10645, 2571
35684, 2571
37177, 2571
138120, 2571
69303, 2568
128296, 2563
78145, 2558
239972, 2558
291780, 2558
68074, 2555
124725, 2555
136488, 2553
247423, 2553
47039, 2552
49244, 2552
261675, 2552
175792, 2548
132484, 2542
266449, 2542
99636, 2540
237904, 2540
34451, 2535
100640, 2535
288660, 2535
74333, 2532
84783, 2532
106686, 2532
171711, 2532
182358, 2532
247049, 2532
197329, 2530
13671, 2529
88042, 2529
165759, 2529
126909, 2527
35054, 2521
70055, 2521
102339, 2521
130901, 2521
145843, 2521
260371, 2521
106466, 2520
123590, 2520
20278, 2518
14774, 2516
247108, 2516
177583, 2514
284557, 2514
81493, 2512
162515, 2512
185947, 2512
136316, 2508
137361, 2508
145271, 2508
150444, 2507
18912, 2506
152971, 2506
80444, 2505
108171, 2505
110756, 2505
6803, 2504
112624, 2504
48477, 2503
62128, 2502
117674, 2502
47414, 2499
113728, 2499
171382, 2499
13377, 2495
84844, 2495
265046, 2495
10290, 2494
179358, 2494
57028, 2491
71752, 2488
106739, 2488
113974, 2488
178936, 2488
87165, 2483
96969, 2483
154994, 2483
67340, 2482
189530, 2481
42907, 2478
129908, 2478
1698, 2474
149868, 2474
49072, 2470
86496, 2470
261773, 2470
276156, 2470
96324, 2467
32920, 2464
250022, 2464
31486, 2462
46255, 2462
68866, 2462
74683, 2462
140325, 2462
127308, 2460
11834, 2458
30435, 2458
22594, 2455
40890, 2453
6081, 2445
100049, 2445
175089, 2445
265068, 2445
266964, 2445
110129, 2444
162366, 2444
268334, 2444
54795, 2442
265819, 2442
76759, 2439
5079, 2433
87911, 2433
63859, 2431
278348, 2431
104051, 2429
123841, 2429
27687, 2427
246305, 2427
262764, 2427
1299, 2425
204935, 2425
238076, 2425
148742, 2421
263760, 2421
283905, 2421
49035, 2418
62326, 2417
72272, 2417
78692, 2417
84515, 2417
78527, 2415
187261, 2415
200902, 2415
21545, 2412
36960, 2412
205733, 2412
46563, 2410
112640, 2409
169788, 2408
256492, 2408
185351, 2402
57338, 2389
78031, 2389
152522, 2389
184661, 2389
160746, 2388
36659, 2381
38059, 2381
41650, 2381
57367, 2381
176814, 2381
71058, 2374
189676, 2374
75319, 2372
224822, 2372
24731, 2368
143441, 2368
256791, 2368
225549, 2365
110763, 2361
56862, 2359
231333, 2359
179682, 2358
185116, 2356
90934, 2355
67822, 2354
172538, 2354
241127, 2354
217051, 2353
47080, 2351
123828, 2351
127663, 2351
128626, 2351
104635, 2350
146198, 2350
150933, 2350
193747, 2350
93394, 2349
97288, 2349
163304, 2349
168454, 2349
239298, 2349
32308, 2348
117683, 2342
286223, 2342
10104, 2340
169842, 2338
42009, 2336
127024, 2336
55640, 2335
107740, 2335
24418, 2334
99632, 2334
101096, 2334
162024, 2333
990, 2331
63043, 2331
71694, 2331
163415, 2331
193396, 2331
269988, 2331
16528, 2329
42839, 2329
104813, 2329
188304, 2329
213282, 2327
145903, 2324
147969, 2324
148546, 2324
157609, 2324
167449, 2324
171573, 2324
217705, 2324
227318, 2324
229907, 2324
232994, 2324
242128, 2324
263361, 2324
264968, 2324
284187, 2324
284605, 2324
95788, 2323
150387, 2323
160437, 2323
269781, 2323
296445, 2323
7491, 2322
13017, 2322
17545, 2322
28624, 2322
36271, 2322
48839, 2322
71466, 2322
72847, 2322
85153, 2322
92076, 2322
97917, 2322
100711, 2322
125057, 2322
127851, 2322
140632, 2322
143206, 2322
156943, 2322
181518, 2322
209474, 2322
241446, 2322
258229, 2322
261499, 2322
273263, 2322
287710, 2322
200519, 2321
81511, 2320
191024, 2320
135618, 2319
143155, 2319
154305, 2319
170476, 2319
4040, 2314
87273, 2314
62341, 2313
285678, 2313
173484, 2312
229955, 2312
6250, 2309
22896, 2308
68015, 2308
268561, 2308
276120, 2308
16433, 2306
248820, 2306
72635, 2303
152927, 2303
198183, 2303
104307, 2302
105825, 2302
151322, 2302
67394, 2300
69537, 2300
93035, 2300
126942, 2300
181271, 2300
246614, 2300
247716, 2300
255992, 2300
256670, 2300
272003, 2300
285745, 2300
137969, 2298
120049, 2294
125163, 2294
163277, 2294
201404, 2294
202147, 2294
216201, 2294
225669, 2294
238834, 2294
20519, 2293
20688, 2293
163300, 2293
31022, 2292
132804, 2292
225748, 2292
195374, 2287
210613, 2287
223351, 2287
255234, 2287
256700, 2287
272538, 2287
275584, 2287
277798, 2287
279430, 2287
282262, 2287
215579, 2285
97430, 2283
105926, 2282
197334, 2281
162432, 2278
57600, 2277
61784, 2277
85344, 2277
88833, 2277
115648, 2277
215188, 2277
220734, 2277
16227, 2274
134830, 2273
178577, 2273
284513, 2273
4870, 2272
75589, 2271
79688, 2269
33412, 2268
42332, 2268
71976, 2268
102244, 2268
117429, 2268
122509, 2268
123070, 2268
145377, 2268
149381, 2266
166233, 2266
182746, 2266
192698, 2266
199641, 2266
219031, 2266
220375, 2266
56378, 2265
127337, 2265
28514, 2264
106193, 2264
185067, 2264
230134, 2264
10686, 2263
11501, 2263
16547, 2263
34251, 2263
37213, 2263
39440, 2263
64189, 2263
65283, 2263
82423, 2263
86301, 2263
88241, 2263
93656, 2263
94372, 2263
100939, 2263
121373, 2263
126355, 2263
127346, 2263
139685, 2263
144400, 2263
148024, 2263
154923, 2263
156349, 2263
160148, 2263
177007, 2263
180838, 2263
185233, 2263
196846, 2263
197637, 2263
215079, 2263
223408, 2263
234733, 2263
239537, 2263
244438, 2263
260165, 2263
266357, 2263
269282, 2263
290287, 2263
290516, 2263
128684, 2262
139696, 2262
156282, 2259
17711, 2255
150249, 2255
14866, 2254
46442, 2253
146068, 2253
65710, 2251
166574, 2251
264072, 2251
292632, 2251
99601, 2247
204758, 2247
250486, 2247
12101, 2246
27571, 2246
62672, 2246
70303, 2246
102106, 2246
145819, 2246
182333, 2246
182965, 2246
194131, 2246
198713, 2246
208138, 2246
23096, 2245
77767, 2245
270985, 2245
62830, 2244
98306, 2244
102974, 2244
136982, 2244
137688, 2244
211624, 2244
213759, 2244
41390, 2243
141639, 2243
5952, 2242
242813, 2241
175113, 2240
227578, 2240
292863, 2237
129297, 2235
136949, 2235
140665, 2235
140735, 2235
144086, 2235
152809, 2235
176250, 2235
178837, 2235
190629, 2235
201138, 2235
3991, 2228
40811, 2228
103703, 2227
145521, 2227
162547, 2227
3347, 2225
25125, 2225
96064, 2225
166371, 2225
267999, 2225
273335, 2225
277062, 2225
14011, 2222
112830, 2221
240609, 2221
42729, 2219
77545, 2219
277349, 2215
88480, 2214
156406, 2214
186783, 2214
274326, 2214
276918, 2214
47429, 2213
124875, 2212
55109, 2208
99433, 2208
161131, 2208
163460, 2208
228149, 2208
34243, 2206
75315, 2206
243966, 2206
271460, 2206
1467, 2204
9515, 2204
142934, 2204
292857, 2204
32201, 2202
78193, 2200
113301, 2200
114869, 2200
182997, 2200
6602, 2196
15038, 2196
179028, 2196
22112, 2194
29888, 2194
15673, 2193
130593, 2190
171949, 2190
122497, 2189
193369, 2189
194243, 2189
38135, 2188
79224, 2188
115253, 2188
160056, 2188
227328, 2188
71242, 2186
133071, 2186
170654, 2185
100869, 2184
126443, 2184
68769, 2183
77928, 2183
82971, 2183
89481, 2183
90837, 2183
150306, 2183
191566, 2183
199233, 2183
218372, 2183
295572, 2182
99264, 2180
259888, 2180
156498, 2179
165321, 2179
144162, 2177
65872, 2175
65929, 2174
35336, 2171
77553, 2171
84142, 2171
34008, 2170
73420, 2170
84126, 2169
239943, 2167
31387, 2166
82028, 2166
88136, 2166
112982, 2166
255269, 2166
52442, 2164
93290, 2164
148800, 2164
5780, 2160
12729, 2160
80719, 2160
97209, 2159
112011, 2159
198430, 2159
202648, 2159
217453, 2159
98882, 2157
248227, 2157
40135, 2156
83508, 2156
40106, 2154
136843, 2154
160937, 2154
171004, 2154
238447, 2154
238740, 2154
27138, 2153
46907, 2152
119594, 2152
122872, 2152
172898, 2152
217898, 2149
218962, 2149
110686, 2148
116513, 2148
129458, 2148
219199, 2148
134066, 2147
191676, 2147
265044, 2147
141660, 2146
281794, 2146
147846, 2145
248763, 2145
150290, 2143
17135, 2142
137841, 2142
158464, 2142
208476, 2142
126385, 2141
236739, 2141
61003, 2139
238851, 2139
270178, 2139
4189, 2135
19719, 2135
29020, 2135
71617, 2135
93437, 2135
152018, 2135
175522, 2135
199562, 2135
257438, 2135
277171, 2135
39945, 2131
104198, 2131
293450, 2130
3050, 2128
40865, 2128
66139, 2128
67655, 2128
219226, 2128
223066, 2128
57616, 2127
38173, 2126
160067, 2126
174024, 2126
191364, 2126
207471, 2126
287047, 2126
32387, 2125
40020, 2125
75853, 2125
75913, 2125
78185, 2125
88715, 2125
159791, 2125
172824, 2125
230545, 2125
251526, 2125
145983, 2124
163142, 2124
170183, 2124
16483, 2121
23536, 2121
30999, 2120
171522, 2120
173017, 2120
181921, 2120
184148, 2120
188947, 2120
189409, 2120
189839, 2120
192869, 2120
198448, 2120
200146, 2120
202171, 2120
204530, 2120
211500, 2120
213312, 2120
231508, 2120
236604, 2120
243407, 2120
244288, 2120
254434, 2120
254884, 2120
281341, 2120
285898, 2120
7379, 2119
56926, 2119
110983, 2119
152960, 2119
274690, 2119
38622, 2118
86979, 2118
166390, 2118
178886, 2118
205222, 2118
45436, 2116
73362, 2116
78003, 2114
288763, 2113
145471, 2111
59567, 2110
91683, 2110
154138, 2108
41250, 2107
54025, 2107
38941, 2102
40441, 2102
65462, 2102
56203, 2100
76833, 2100
77496, 2100
82115, 2100
83556, 2100
86423, 2100
107004, 2100
111832, 2100
116473, 2100
119999, 2100
132884, 2100
147867, 2100
148809, 2100
153446, 2100
223759, 2100
224618, 2100
274871, 2100
285841, 2100
152269, 2099
68754, 2097
258200, 2097
53620, 2094
137583, 2094
234780, 2094
15097, 2093
15792, 2093
152736, 2093
199898, 2093
207883, 2093
6212, 2090
30452, 2090
148006, 2090
204024, 2090
163380, 2088
186414, 2088
250256, 2088
19092, 2087
21949, 2087
215077, 2087
7350, 2085
14620, 2085
28953, 2085
34935, 2085
54524, 2085
59363, 2085
75636, 2085
131247, 2085
134882, 2085
156836, 2085
168231, 2085
189277, 2085
5120, 2083
9185, 2083
50429, 2083
64744, 2083
69172, 2083
120196, 2083
121785, 2083
258093, 2083
294385, 2083
13014, 2082
31220, 2082
41294, 2082
45488, 2082
64941, 2082
87285, 2082
124553, 2082
134991, 2082
172591, 2082
276753, 2082
274159, 2081
10693, 2078
10263, 2076
225990, 2076
291405, 2076
122883, 2074
266199, 2074
287830, 2074
39684, 2073
77206, 2073
181535, 2073
292245, 2073
17332, 2072
31307, 2069
176545, 2069
20554, 2068
82934, 2068
41327, 2067
72471, 2067
4055, 2065
47801, 2065
66990, 2065
20665, 2064
82071, 2064
82160, 2064
98140, 2064
103901, 2064
112482, 2064
126835, 2064
130489, 2064
146459, 2064
162468, 2064
166031, 2064
176265, 2064
192095, 2064
220651, 2064
230752, 2064
252649, 2064
271745, 2064
280614, 2064
281278, 2064
294666, 2064
19133, 2063
37748, 2063
108297, 2063
141387, 2063
39358, 2062
60371, 2062
160158, 2062
288669, 2062
291004, 2062
19152, 2061
73831, 2061
118464, 2061
233385, 2061
262621, 2061
48823, 2060
138027, 2060
29189, 2058
31150, 2058
157919, 2058
180144, 2058
207000, 2058
15252, 2057
83341, 2057
234900, 2057
279461, 2056
92920, 2054
185292, 2054
21200, 2053
55656, 2053
72434, 2053
158871, 2053
180867, 2053
184404, 2053
208617, 2053
249976, 2053
251216, 2053
272291, 2053
279120, 2053
65836, 2052
213550, 2052
220380, 2051
2509, 2050
6277, 2050
13307, 2050
26910, 2050
33388, 2050
34152, 2050
54628, 2050
54833, 2050
105722, 2050
108735, 2050
121171, 2050
266606, 2050
290466, 2050
31560, 2047
48959, 2047
54744, 2047
58556, 2047
60509, 2047
87078, 2047
93156, 2047
99247, 2047
110110, 2047
111399, 2047
113213, 2047
128048, 2047
136888, 2047
148777, 2047
149506, 2047
153567, 2047
163145, 2047
176706, 2047
195266, 2047
290918, 2047
295277, 2047
51598, 2046
27037, 2045
45595, 2044
94100, 2044
169649, 2044
39243, 2041
58966, 2039
81020, 2039
61334, 2038
115305, 2038
184868, 2038
188706, 2038
3492, 2037
3772, 2037
65808, 2035
151475, 2035
64971, 2032
85847, 2032
89591, 2032
98577, 2032
123605, 2032
136357, 2032
173907, 2032
177797, 2032
213432, 2032
222990, 2032
256951, 2032
267943, 2032
277689, 2032
289626, 2032
175468, 2031
193377, 2031
16510, 2029
20468, 2029
47296, 2029
62710, 2029
100201, 2029
111306, 2029
194626, 2029
214482, 2029
280464, 2029
144746, 2026
77759, 2022
78785, 2022
119503, 2022
200541, 2022
247276, 2022
268627, 2022
32448, 2020
35453, 2020
141148, 2020
147339, 2020
152279, 2020
223556, 2020
234776, 2020
250544, 2020
214146, 2019
10129, 2018
25828, 2018
111637, 2018
173471, 2018
185287, 2017
10812, 2012
29321, 2012
62605, 2012
65561, 2012
65875, 2012
84633, 2012
91763, 2012
102574, 2012
103930, 2012
151488, 2012
155686, 2012
162967, 2012
167005, 2012
168894, 2012
173880, 2012
189269, 2012
195467, 2012
199126, 2012
238214, 2012
242518, 2012
247331, 2012
263132, 2012
268706, 2012
270921, 2012
271834, 2012
281594, 2012
289781, 2012
139889, 2009
257052, 2009
263580, 2009
27508, 2004
73639, 2004
132084, 2004
205248, 2004
270159, 2004
7066, 2001
58167, 2001
66997, 2001
68139, 2001
161823, 2001
190233, 2001
203600, 2001
209221, 2001
251548, 2001
21393, 2000
26977, 2000
65478, 2000
79606, 2000
90709, 2000
171925, 2000
201358, 2000
216590, 2000
44544, 1999
54179, 1999
66178, 1999
96870, 1999
151669, 1999
266494, 1999
50919, 1995
129218, 1995
271150, 1995
123998, 1993
273067, 1992
42908, 1988
186604, 1988
286213, 1986
249906, 1984
50014, 1981
63711, 1981
65586, 1981
101461, 1981
208584, 1981
210054, 1981
35780, 1979
65967, 1979
111245, 1979
205585, 1979
57137, 1978
73185, 1978
81166, 1978
91169, 1978
128944, 1978
212318, 1978
236585, 1978
160801, 1977
34309, 1976
32849, 1975
231949, 1975
20653, 1973
25662, 1973
133763, 1973
216868, 1973
55470, 1972
187637, 1972
11363, 1971
72511, 1971
131263, 1971
136494, 1971
20289, 1969
163162, 1969
195437, 1968
100063, 1967
137134, 1967
205929, 1967
216916, 1967
217055, 1967
260153, 1967
261454, 1967
12928, 1966
191651, 1966
86211, 1962
104073, 1962
30645, 1961
193994, 1961
205567, 1961
246020, 1961
269798, 1961
5635, 1960
15643, 1960
91164, 1960
147820, 1960
240671, 1960
46089, 1959
75100, 1958
246430, 1958
44486, 1957
196687, 1957
292793, 1954
12416, 1951
28886, 1951
30383, 1951
34351, 1951
36949, 1951
122302, 1951
146437, 1951
147748, 1951
170785, 1951
171591, 1951
213068, 1951
220110, 1951
277628, 1951
13121, 1949
42066, 1949
137378, 1947
268073, 1947
24760, 1946
34078, 1946
35533, 1946
55987, 1946
112018, 1946
134684, 1946
135373, 1946
159276, 1946
161843, 1945
252910, 1944
73836, 1941
25687, 1940
61345, 1939
123436, 1939
243247, 1939
127592, 1936
131604, 1936
184668, 1936
185481, 1936
231690, 1936
210859, 1935
12931, 1931
208870, 1931
293927, 1931
138945, 1929
11434, 1927
36681, 1926
225905, 1926
67995, 1923
114899, 1923
125267, 1923
175428, 1923
223773, 1923
27161, 1920
66763, 1920
74253, 1920
186595, 1917
61855, 1916
156711, 1916
96415, 1915
75213, 1914
90152, 1914
120078, 1914
80147, 1913
60287, 1905
63050, 1905
87503, 1905
107574, 1905
115602, 1905
154344, 1905
163921, 1905
173921, 1905
210652, 1905
281030, 1905
53305, 1903
66031, 1903
259283, 1903
33173, 1902
70822, 1902
81888, 1902
90725, 1902
10847, 1899
12046, 1899
67630, 1899
81639, 1899
121661, 1899
225538, 1899
146242, 1896
127959, 1895
170610, 1895
39840, 1894
63303, 1894
27643, 1893
129700, 1886
137099, 1886
184744, 1884
213124, 1884
37870, 1882
64141, 1882
82611, 1882
116645, 1882
211921, 1882
223270, 1882
244689, 1882
254883, 1882
280577, 1882
295266, 1882
32008, 1881
32853, 1881
39588, 1881
43713, 1881
262308, 1881
282185, 1881
37555, 1880
11831, 1879
99347, 1879
154306, 1879
176857, 1879
222654, 1879
200534, 1878
212054, 1878
18857, 1875
185689, 1875
10439, 1873
74184, 1873
4180, 1872
179589, 1872
33685, 1871
24510, 1870
201579, 1869
204168, 1869
267678, 1869
53996, 1868
74919, 1868
101663, 1868
114844, 1868
154505, 1868
208118, 1868
238419, 1868
132845, 1866
96360, 1863
100441, 1863
116299, 1862
185772, 1862
6201, 1861
51628, 1861
262276, 1860
59038, 1857
225516, 1857
20129, 1856
56978, 1856
143238, 1856
14926, 1855
23519, 1854
193188, 1854
13630, 1849
158770, 1848
239276, 1848
43599, 1847
62396, 1847
92917, 1847
212985, 1847
50194, 1846
121194, 1846
158929, 1846
238636, 1846
275015, 1846
213364, 1845
5456, 1844
180608, 1844
218409, 1844
81344, 1843
217950, 1843
78288, 1842
111253, 1841
21530, 1837
26322, 1837
95385, 1837
118144, 1837
124241, 1837
143055, 1837
146778, 1837
95148, 1836
5496, 1835
22836, 1835
31816, 1835
68008, 1835
99148, 1835
134085, 1835
172927, 1835
180604, 1835
182748, 1835
205703, 1835
267438, 1835
267712, 1835
76, 1834
277823, 1831
67003, 1828
17537, 1827
133826, 1827
277617, 1827
264398, 1826
93988, 1823
102334, 1823
81964, 1820
216076, 1820
109098, 1816
176486, 1815
204610, 1815
13686, 1814
18992, 1814
135662, 1814
37534, 1813
68683, 1813
91175, 1813
129441, 1813
166922, 1813
216315, 1811
245670, 1810
64748, 1807
16257, 1806
31002, 1806
79350, 1806
19733, 1804
19060, 1799
39088, 1799
157082, 1799
99428, 1798
240569, 1798
251871, 1797
21154, 1795
248526, 1792
59467, 1789
41532, 1788
277928, 1788
289003, 1788
13423, 1787
14246, 1787
31088, 1787
135581, 1787
31614, 1785
186548, 1785
220541, 1785
250036, 1785
251372, 1785
261131, 1785
18228, 1784
61411, 1784
66494, 1784
79239, 1784
41787, 1783
123315, 1783
1702, 1780
47518, 1780
204264, 1780
35535, 1779
113757, 1779
140639, 1779
91083, 1777
96196, 1777
196513, 1777
77962, 1776
80042, 1776
26929, 1775
14955, 1774
19545, 1774
23722, 1774
231180, 1774
93915, 1773
177623, 1773
29519, 1771
738, 1770
63239, 1770
123453, 1770
160169, 1770
28991, 1767
26654, 1766
156219, 1766
29131, 1765
283322, 1764
839, 1763
35584, 1763
37912, 1763
66135, 1763
111524, 1763
287812, 1763
42752, 1761
47377, 1761
25767, 1760
32116, 1760
32539, 1760
32647, 1760
37297, 1760
37988, 1760
59723, 1760
63643, 1760
65207, 1760
77377, 1760
80822, 1760
87080, 1760
87799, 1759
7267, 1758
20166, 1758
148774, 1758
37899, 1755
51253, 1755
65855, 1755
154819, 1755
30679, 1754
40591, 1754
98044, 1754
172197, 1754
195229, 1753
21303, 1750
31144, 1750
47655, 1750
48819, 1750
51607, 1750
198689, 1750
238456, 1750
107548, 1749
52645, 1748
63512, 1744
174445, 1744
204126, 1744
249657, 1744
51257, 1740
70455, 1740
175217, 1740
28805, 1739
278093, 1739
80069, 1736
202826, 1736
204372, 1736
217299, 1736
245086, 1736
3485, 1735
3764, 1735
9126, 1735
204625, 1735
223230, 1735
278319, 1735
31348, 1734
15652, 1733
69383, 1731
159997, 1731
21050, 1730
76674, 1730
77102, 1730
184669, 1730
154847, 1729
245303, 1729
30315, 1728
100442, 1728
119053, 1728
230019, 1728
261337, 1728
19478, 1726
78256, 1725
121847, 1725
294095, 1721
247792, 1720
193755, 1718
195580, 1717
38188, 1712
41126, 1712
69382, 1712
81826, 1712
100006, 1712
115634, 1712
136257, 1712
155800, 1712
245953, 1709
268690, 1707
51419, 1706
21931, 1703
57586, 1703
248623, 1703
33789, 1701
53140, 1701
82602, 1701
145222, 1701
202906, 1701
230359, 1701
26455, 1699
119, 1695
23937, 1695
71046, 1695
117061, 1695
141504, 1694
164752, 1694
275414, 1694
293599, 1694
49712, 1693
101609, 1693
146944, 1693
50268, 1692
160001, 1692
226886, 1692
102285, 1691
107513, 1691
143128, 1691
187079, 1691
204822, 1691
256109, 1691
261146, 1691
265798, 1691
275950, 1691
277397, 1691
280474, 1691
164687, 1690
64972, 1689
270086, 1689
69111, 1688
8603, 1687
131508, 1687
226430, 1687
275391, 1687
167220, 1686
204685, 1686
214931, 1685
5663, 1682
165544, 1680
278576, 1680
32001, 1679
109385, 1679
179430, 1679
198818, 1679
218730, 1679
46801, 1678
91212, 1678
98244, 1678
11940, 1677
17390, 1677
33, 1676
164237, 1675
27953, 1673
44176, 1672
21388, 1668
56673, 1668
65185, 1668
102583, 1668
136201, 1668
160752, 1668
161187, 1668
165633, 1668
187989, 1668
201762, 1668
214926, 1668
216252, 1668
217414, 1668
223371, 1668
226609, 1668
230862, 1668
234832, 1668
240300, 1668
243163, 1668
253496, 1668
267593, 1668
275203, 1668
287870, 1668
294445, 1668
294672, 1668
296615, 1668
23054, 1667
56017, 1665
62015, 1664
84095, 1664
95428, 1664
118319, 1664
143492, 1664
263073, 1663
108261, 1662
80787, 1661
127210, 1661
3721, 1659
69692, 1659
76059, 1659
150470, 1659
420, 1654
197336, 1654
229113, 1654
3628, 1653
5476, 1653
21392, 1653
33624, 1653
237470, 1653
244108, 1653
111396, 1652
167676, 1650
231923, 1650
108086, 1649
28041, 1648
148080, 1648
158342, 1648
275620, 1648
64712, 1647
162075, 1647
13504, 1646
14510, 1646
52336, 1646
16573, 1645
64074, 1645
4722, 1644
9372, 1644
73480, 1644
80457, 1642
114598, 1642
118216, 1642
87542, 1641
108722, 1641
203395, 1641
210043, 1641
240509, 1641
250248, 1641
262138, 1641
271488, 1641
273268, 1641
292300, 1641
20110, 1640
85373, 1640
144779, 1640
175404, 1639
17081, 1638
19948, 1638
22963, 1638
38341, 1638
45390, 1638
46312, 1638
49467, 1638
50396, 1638
51029, 1638
60392, 1638
60505, 1638
84164, 1638
88438, 1638
92890, 1638
95578, 1638
101318, 1638
118912, 1638
152262, 1638
153317, 1638
153472, 1638
163282, 1638
172593, 1638
174631, 1638
189548, 1638
190397, 1638
205941, 1638
210112, 1638
221244, 1638
246613, 1638
2929, 1637
138706, 1637
6164, 1636
41071, 1636
51349, 1634
53437, 1634
136275, 1634
78218, 1630
99409, 1629
28370, 1628
158117, 1628
1305, 1627
40486, 1627
126628, 1627
134434, 1627
135526, 1627
140296, 1627
143014, 1627
149944, 1627
152539, 1627
154275, 1627
155375, 1627
165766, 1627
170405, 1627
198815, 1627
240027, 1627
240834, 1627
241781, 1627
256073, 1627
261949, 1627
268190, 1627
273957, 1627
159264, 1624
11984, 1623
21035, 1621
118690, 1621
1734, 1619
32652, 1619
154879, 1619
9571, 1618
15941, 1618
143615, 1618
193556, 1618
10857, 1617
16889, 1617
7963, 1615
242682, 1615
56518, 1614
82277, 1614
99019, 1614
100878, 1614
114966, 1614
135123, 1614
156737, 1614
173832, 1614
249136, 1614
68775, 1613
94161, 1613
150160, 1613
201869, 1613
223316, 1613
226629, 1613
226710, 1613
1011, 1612
257513, 1612
148263, 1611
161649, 1611
157003, 1609
288600, 1609
31733, 1608
77218, 1608
88188, 1608
141087, 1608
124672, 1606
144623, 1606
170131, 1606
188174, 1606
262841, 1606
266952, 1605
156078, 1604
271316, 1603
55603, 1601
109630, 1601
115722, 1601
253698, 1601
83874, 1600
89270, 1600
275474, 1600
285273, 1600
38265, 1599
108981, 1598
189786, 1598
88351, 1597
78110, 1595
283870, 1595
15266, 1594
17800, 1594
259250, 1594
35195, 1593
223913, 1591
267381, 1589
5299, 1588
40193, 1588
14511, 1587
252181, 1587
39995, 1585
143782, 1585
34667, 1583
45229, 1583
69562, 1583
158714, 1583
185001, 1583
256409, 1583
63890, 1582
278161, 1580
135177, 1579
33250, 1578
82413, 1578
241610, 1578
36104, 1576
90260, 1576
267155, 1575
80595, 1573
97092, 1571
222989, 1571
47242, 1570
176711, 1570
197097, 1569
232553, 1569
4888, 1568
132475, 1568
180620, 1568
256245, 1568
177829, 1564
227851, 1564
88680, 1563
165339, 1563
156096, 1562
217196, 1562
102078, 1561
215101, 1560
22555, 1559
23998, 1559
36453, 1559
38134, 1559
38159, 1559
55404, 1559
62298, 1559
84403, 1559
92906, 1559
94652, 1559
100654, 1559
101911, 1559
103696, 1559
134442, 1559
154860, 1559
162531, 1559
163279, 1559
171129, 1559
185312, 1559
281503, 1559
54877, 1557
106291, 1557
187090, 1555
250891, 1555
20380, 1554
107656, 1550
161326, 1550
220063, 1550
226005, 1549
9314, 1548
48076, 1548
89115, 1548
67803, 1547
157298, 1547
254391, 1547
50260, 1542
65684, 1542
132009, 1542
83134, 1541
138799, 1541
288224, 1541
43941, 1540
65034, 1540
6241, 1539
41714, 1539
262086, 1539
56877, 1538
197811, 1538
293026, 1538
33929, 1537
13284, 1535
199684, 1535
14353, 1534
249151, 1533
273996, 1532
19927, 1531
26589, 1531
173886, 1531
192840, 1531
209803, 1531
16987, 1530
60471, 1530
105934, 1530
205109, 1530
212938, 1530
8283, 1529
65003, 1529
233486, 1529
251376, 1529
61133, 1526
274889, 1526
22446, 1525
208168, 1525
125923, 1523
12073, 1521
273145, 1521
145581, 1520
38946, 1519
49148, 1519
55966, 1519
57145, 1519
68566, 1519
69161, 1519
74442, 1519
81834, 1519
85954, 1519
91107, 1519
92246, 1519
93466, 1519
99250, 1519
111146, 1519
112160, 1519
112332, 1519
114072, 1519
123911, 1519
124125, 1519
132704, 1519
134738, 1519
141401, 1519
151456, 1519
155276, 1519
159968, 1519
170813, 1519
171386, 1519
177707, 1519
179444, 1519
184782, 1519
188470, 1519
190856, 1519
191589, 1519
200965, 1519
204843, 1519
206594, 1519
207254, 1519
224232, 1519
235035, 1519
243776, 1519
250843, 1519
251968, 1519
252654, 1519
253362, 1519
255438, 1519
263328, 1519
263774, 1519
265050, 1519
265603, 1519
266415, 1519
291663, 1519
292717, 1519
204039, 1514
285251, 1514
38090, 1513
56240, 1512
9916, 1511
52852, 1511
78338, 1511
84753, 1511
85710, 1511
134383, 1511
186846, 1511
229585, 1511
7427, 1510
18409, 1510
107691, 1510
79696, 1509
197630, 1509
117724, 1508
137892, 1508
199609, 1508
281649, 1508
2661, 1507
97292, 1507
239625, 1507
121011, 1506
140656, 1505
252747, 1505
101760, 1503
169937, 1503
190238, 1503
280554, 1501
83818, 1499
89140, 1499
71712, 1498
473, 1495
61694, 1495
73925, 1495
74809, 1494
163229, 1494
262802, 1494
88605, 1492
250840, 1492
258367, 1492
264974, 1492
270283, 1492
277400, 1492
278166, 1492
284652, 1492
288954, 1492
38391, 1491
15869, 1489
57008, 1485
121172, 1485
33520, 1484
41647, 1484
47211, 1484
51307, 1484
57445, 1484
59955, 1484
129085, 1484
135993, 1484
180842, 1484
403, 1481
4443, 1481
5747, 1481
48175, 1480
138654, 1480
487, 1479
1044, 1479
43899, 1479
62898, 1478
80335, 1478
185305, 1478
42354, 1477
193475, 1477
216704, 1477
2573, 1476
24152, 1473
32662, 1473
33379, 1473
33614, 1473
36496, 1473
36694, 1473
39500, 1473
40433, 1473
42566, 1473
43039, 1473
52499, 1473
55424, 1473
62084, 1473
69910, 1473
70310, 1473
77163, 1473
82217, 1473
120634, 1473
159213, 1473
217668, 1473
257268, 1473
266004, 1473
292520, 1473
293524, 1473
102015, 1472
109581, 1472
91674, 1471
294143, 1471
19031, 1470
122232, 1470
65316, 1469
74427, 1469
88938, 1469
174052, 1469
233889, 1469
265281, 1469
5098, 1467
7881, 1467
19481, 1467
32484, 1467
34333, 1467
37598, 1467
39327, 1467
39620, 1467
49296, 1467
58304, 1467
59290, 1467
65431, 1467
72891, 1467
74080, 1466
76242, 1466
93765, 1466
295439, 1466
86197, 1465
186463, 1465
75859, 1464
96130, 1464
11452, 1463
20616, 1463
58850, 1463
87288, 1463
61118, 1462
30326, 1461
39881, 1461
68689, 1461
85072, 1461
133786, 1461
166546, 1461
221137, 1461
226121, 1461
265446, 1461
49561, 1460
70794, 1460
288197, 1460
37110, 1458
50881, 1458
70710, 1458
84931, 1458
290231, 1458
716, 1457
12196, 1457
50100, 1457
103504, 1457
149884, 1457
163285, 1457
180295, 1457
180954, 1457
185203, 1457
216395, 1457
235547, 1457
239159, 1457
239356, 1457
245469, 1457
248260, 1457
288893, 1457
51223, 1456
282972, 1456
214522, 1454
279347, 1454
282369, 1454
43818, 1451
55270, 1451
68941, 1451
83773, 1451
209738, 1451
39037, 1450
42063, 1450
48343, 1450
64810, 1450
67355, 1450
68628, 1450
77059, 1450
82718, 1450
98522, 1450
127705, 1450
276535, 1450
25390, 1449
67677, 1449
122794, 1449
165497, 1449
47795, 1447
159106, 1447
204549, 1447
3741, 1446
31948, 1446
49374, 1446
65030, 1446
73227, 1446
229173, 1446
244753, 1446
4508, 1445
225795, 1445
10529, 1444
189873, 1444
2045, 1443
11478, 1443
18257, 1443
24591, 1443
35849, 1443
38653, 1443
38876, 1443
76520, 1443
82634, 1443
95344, 1443
101849, 1443
146484, 1443
166686, 1443
175879, 1443
183083, 1443
191219, 1443
218113, 1443
232409, 1443
250161, 1443
263923, 1443
166609, 1441
59343, 1440
117357, 1440
242497, 1440
283699, 1439
12638, 1438
13586, 1438
22258, 1438
22290, 1438
24907, 1438
49475, 1438
55720, 1438
62591, 1438
86582, 1438
88015, 1438
150958, 1438
235775, 1438
260031, 1438
275177, 1437
19843, 1435
119185, 1435
34629, 1434
92726, 1432
189444, 1432
280925, 1432
116742, 1431
150150, 1431
162010, 1431
210019, 1431
200026, 1430
156589, 1429
281392, 1429
17553, 1427
12277, 1426
17464, 1425
73980, 1425
209902, 1425
211767, 1425
268327, 1425
291374, 1425
64863, 1424
1332, 1423
2196, 1423
22341, 1423
23923, 1423
27449, 1423
128483, 1423
148830, 1423
197570, 1423
203621, 1423
233999, 1423
282031, 1423
285709, 1423
11624, 1422
89407, 1422
102359, 1422
106973, 1422
108879, 1422
129378, 1422
170214, 1422
207811, 1422
230482, 1422
236239, 1422
286576, 1422
287364, 1422
17420, 1421
61426, 1421
7364, 1420
16882, 1420
36596, 1420
37322, 1420
59052, 1420
59534, 1420
100849, 1420
118536, 1420
154261, 1420
180558, 1420
206135, 1420
238461, 1420
241379, 1420
264166, 1420
292517, 1420
295410, 1420
56185, 1419
146200, 1419
190736, 1419
25174, 1418
189998, 1418
276723, 1418
84652, 1417
27576, 1416
162343, 1416
13987, 1415
34787, 1414
61807, 1414
128377, 1414
181306, 1414
243854, 1414
2504, 1412
55304, 1412
88602, 1412
97137, 1412
115404, 1412
121986, 1412
181866, 1412
219695, 1412
241758, 1412
257453, 1412
37339, 1411
287650, 1411
181389, 1410
6061, 1409
7340, 1409
46274, 1409
210389, 1409
184567, 1408
14146, 1407
115546, 1407
166528, 1407
143527, 1406
10909, 1404
14159, 1404
150644, 1404
87290, 1402
108198, 1402
119331, 1402
128733, 1402
144409, 1402
151808, 1402
287888, 1402
19698, 1401
104960, 1401
175376, 1401
227849, 1401
26392, 1400
98360, 1400
136537, 1400
150709, 1400
211582, 1400
214385, 1400
234015, 1400
26094, 1399
285046, 1398
80409, 1397
168056, 1397
153938, 1396
161244, 1396
141386, 1395
23125, 1394
135320, 1394
178392, 1394
41435, 1393
184453, 1393
58284, 1392
98763, 1392
130356, 1392
217964, 1392
1059, 1391
2941, 1391
292891, 1391
8189, 1390
10861, 1390
17345, 1390
65791, 1390
68395, 1390
179527, 1390
220886, 1390
242265, 1390
93495, 1389
264191, 1389
2558, 1388
54497, 1388
107918, 1388
142092, 1388
144898, 1388
148933, 1388
221928, 1388
73193, 1387
270097, 1387
854, 1386
11425, 1386
13914, 1386
48964, 1386
51301, 1386
77804, 1386
87631, 1386
91909, 1386
101413, 1386
107693, 1386
113479, 1386
116479, 1386
168610, 1386
189138, 1386
195812, 1386
235864, 1386
236312, 1386
254522, 1386
259586, 1386
289786, 1386
42515, 1384
101409, 1384
113680, 1384
114960, 1384
170129, 1384
8744, 1382
38257, 1382
107683, 1382
116195, 1382
8049, 1381
9070, 1381
268187, 1381
26926, 1380
70953, 1380
249, 1378
12535, 1378
78395, 1378
88006, 1378
105534, 1378
108549, 1378
130930, 1378
140711, 1378
152096, 1378
162352, 1378
163606, 1378
205814, 1378
217736, 1378
234748, 1378
251886, 1378
284095, 1378
6931, 1377
99878, 1377
157120, 1377
204774, 1377
280538, 1377
132599, 1376
134663, 1376
147197, 1376
13469, 1375
10521, 1374
25890, 1374
29791, 1374
79204, 1374
128417, 1374
210680, 1374
245697, 1374
248421, 1374
266966, 1374
276777, 1374
287063, 1374
18682, 1373
96185, 1373
192160, 1373
255922, 1373
2776, 1372
80400, 1372
85937, 1372
87402, 1372
117449, 1372
125446, 1372
130627, 1372
146057, 1372
167626, 1372
170326, 1372
170971, 1372
217323, 1372
242091, 1372
247328, 1372
254077, 1372
268157, 1372
107971, 1371
163687, 1371
186263, 1371
283141, 1371
119617, 1370
202242, 1370
219126, 1370
4962, 1369
12631, 1369
15029, 1369
35665, 1368
37937, 1368
73375, 1368
122705, 1368
140380, 1368
189894, 1368
4503, 1367
18498, 1367
22213, 1367
26954, 1367
31266, 1367
32628, 1367
49781, 1367
95962, 1367
123078, 1367
177903, 1367
248950, 1367
78249, 1366
286053, 1366
15848, 1365
40203, 1365
216351, 1365
278674, 1365
5743, 1364
36367, 1363
41975, 1363
72527, 1363
77716, 1363
81082, 1363
85186, 1363
90266, 1363
101978, 1363
120691, 1363
149063, 1363
190707, 1363
6259, 1362
53366, 1362
78228, 1362
35298, 1361
52215, 1360
122428, 1360
149636, 1360
183912, 1360
192358, 1360
195798, 1360
3062, 1359
15414, 1359
15490, 1359
16014, 1359
21455, 1359
170777, 1359
8707, 1358
59763, 1358
67931, 1358
88194, 1358
89784, 1358
124940, 1358
208942, 1358
223572, 1358
1174, 1356
3472, 1356
16909, 1356
34107, 1356
53029, 1356
72061, 1356
91355, 1356
194087, 1356
150813, 1355
185504, 1355
71811, 1354
115233, 1353
280477, 1353
10200, 1352
15491, 1352
90389, 1352
218012, 1352
5566, 1351
7389, 1351
7706, 1351
13919, 1351
19020, 1351
19644, 1351
19993, 1351
54378, 1351
73000, 1351
77890, 1351
89358, 1351
217149, 1351
243187, 1351
81985, 1350
93702, 1350
110884, 1350
113037, 1350
204860, 1350
286050, 1350
287854, 1350
57264, 1349
124207, 1349
140005, 1348
145633, 1348
186424, 1348
201788, 1348
245872, 1348
9273, 1347
21221, 1346
27323, 1345
56108, 1345
7617, 1344
227583, 1344
250032, 1344
96095, 1343
175525, 1343
4695, 1342
33313, 1342
84481, 1342
106196, 1342
113450, 1342
175255, 1342
176415, 1342
178305, 1342
246978, 1342
274189, 1342
14664, 1341
45492, 1341
49810, 1341
53175, 1341
58155, 1341
66756, 1341
74624, 1341
75643, 1341
76916, 1341
78276, 1341
78588, 1341
85032, 1341
86780, 1341
103712, 1341
122643, 1341
138364, 1341
145985, 1341
147324, 1341
148075, 1341
150187, 1341
177894, 1341
179110, 1341
181641, 1341
226714, 1341
249188, 1341
278614, 1341
22760, 1340
79805, 1340
189545, 1340
202823, 1340
206666, 1340
2897, 1339
60526, 1339
66428, 1339
83380, 1339
151451, 1339
199681, 1339
223612, 1339
4263, 1338
39216, 1338
58923, 1338
134025, 1338
162293, 1338
32270, 1337
92350, 1337
115733, 1337
122680, 1337
216972, 1337
237171, 1337
290207, 1337
100413, 1336
165336, 1336
259299, 1336
74312, 1335
111964, 1335
23121, 1334
166135, 1334
12955, 1333
75915, 1333
121018, 1333
193903, 1333
3069, 1332
52535, 1332
105069, 1332
129390, 1332
170942, 1332
184376, 1332
248731, 1332
276462, 1332
15121, 1331
36810, 1331
157502, 1331
177874, 1331
215763, 1331
252897, 1331
660, 1330
15369, 1330
120091, 1330
275665, 1329
13347, 1328
177408, 1328
212812, 1328
284184, 1328
82265, 1327
13242, 1326
25417, 1326
35272, 1326
117835, 1326
217191, 1326
272706, 1326
28494, 1325
29470, 1325
66120, 1325
66946, 1325
82880, 1325
116187, 1325
228835, 1325
235355, 1325
153228, 1324
220754, 1324
7851, 1323
8983, 1323
15407, 1323
17835, 1323
19531, 1323
26870, 1323
43712, 1323
94378, 1323
234085, 1323
510, 1322
33444, 1322
82669, 1322
111654, 1322
176384, 1322
3548, 1321
5931, 1320
174858, 1320
183813, 1320
9741, 1319
65697, 1319
105951, 1319
287963, 1319
4871, 1318
9133, 1318
64656, 1318
133681, 1318
148606, 1318
202754, 1318
223391, 1318
224876, 1318
259500, 1318
13233, 1317
19940, 1317
52144, 1317
58867, 1317
254328, 1317
255639, 1317
275314, 1317
281420, 1317
57029, 1316
147894, 1316
165209, 1316
206243, 1316
212687, 1316
217106, 1316
239996, 1316
57962, 1315
104415, 1315
231473, 1315
293117, 1315
58667, 1314
103094, 1314
176677, 1314
110908, 1313
137459, 1313
232995, 1313
289711, 1313
292222, 1313
12417, 1312
96256, 1312
154026, 1312
115476, 1311
135681, 1311
1658, 1310
9216, 1310
198556, 1310
236490, 1310
76066, 1309
100686, 1309
116160, 1309
134988, 1309
150008, 1309
154677, 1309
159251, 1309
206701, 1309
232741, 1309
253784, 1309
272838, 1309
275530, 1309
285562, 1309
287838, 1309
292393, 1309
292769, 1309
87881, 1308
6452, 1307
92306, 1307
205790, 1307
279959, 1307
4637, 1306
76548, 1306
193268, 1306
264911, 1306
52919, 1305
145143, 1305
160565, 1305
192507, 1305
230012, 1305
255631, 1305
258833, 1305
68201, 1304
118668, 1304
2082, 1303
194074, 1303
257163, 1303
288085, 1303
80076, 1302
144011, 1302
167985, 1302
209129, 1302
37277, 1301
41581, 1301
54434, 1301
74273, 1301
96223, 1301
99753, 1301
105441, 1301
119098, 1301
124483, 1301
238807, 1301
8647, 1300
9106, 1300
9863, 1300
13309, 1300
32949, 1300
103633, 1300
118883, 1300
285860, 1300
46465, 1299
61896, 1299
63335, 1299
5934, 1298
20309, 1298
231381, 1298
4186, 1297
38686, 1297
78137, 1297
103286, 1297
146368, 1297
225730, 1297
1433, 1296
18565, 1296
187040, 1296
249140, 1296
250448, 1296
270054, 1296
271987, 1296
273646, 1296
280203, 1296
289631, 1296
13073, 1294
33116, 1294
107609, 1294
107829, 1294
120059, 1294
139030, 1294
164363, 1294
184727, 1294
243682, 1294
246994, 1294
248172, 1294
248543, 1294
256102, 1294
269563, 1294
273651, 1294
279272, 1294
281541, 1294
290854, 1294
293076, 1294
293539, 1294
83334, 1293
156972, 1293
204677, 1293
81842, 1292
7113, 1291
17377, 1291
58279, 1291
65715, 1291
67836, 1291
108288, 1291
150931, 1291
23376, 1290
55659, 1290
77684, 1290
105308, 1290
35443, 1289
45339, 1289
70434, 1289
23726, 1288
70642, 1288
208137, 1288
18458, 1287
40721, 1287
41036, 1287
55680, 1287
175265, 1287
785, 1286
37955, 1286
199273, 1286
211552, 1286
242366, 1286
153967, 1285
211517, 1285
20604, 1284
76087, 1284
79730, 1284
80453, 1284
134068, 1284
188105, 1284
249354, 1284
249490, 1284
267634, 1284
10541, 1282
15275, 1282
36102, 1282
158244, 1282
176001, 1282
178841, 1282
198840, 1282
11866, 1280
80303, 1280
156890, 1280
242836, 1279
52667, 1278
73448, 1277
201381, 1277
256100, 1277
55215, 1276
285862, 1276
10493, 1275
39786, 1275
85202, 1275
96004, 1275
105978, 1275
107870, 1275
112152, 1275
125570, 1275
127568, 1275
132204, 1275
143603, 1275
156380, 1275
159239, 1275
162862, 1275
169223, 1275
183918, 1275
185407, 1275
189624, 1275
189974, 1275
190207, 1275
192923, 1275
195657, 1275
196437, 1275
197416, 1275
202353, 1275
203991, 1275
214085, 1275
214979, 1275
219506, 1275
221095, 1275
223587, 1275
224023, 1275
231057, 1275
233828, 1275
233930, 1275
234312, 1275
243240, 1275
249214, 1275
249653, 1275
249718, 1275
252106, 1275
255034, 1275
258554, 1275
259604, 1275
262732, 1275
266848, 1275
266918, 1275
267026, 1275
267771, 1275
268953, 1275
270038, 1275
271480, 1275
272991, 1275
274038, 1275
277141, 1275
280658, 1275
284327, 1275
285549, 1275
286803, 1275
287707, 1275
287882, 1275
289370, 1275
289778, 1275
290406, 1275
291468, 1275
2891, 1274
1756, 1273
3016, 1273
3358, 1273
12310, 1272
62350, 1272
72283, 1272
75296, 1272
154620, 1272
195459, 1272
221518, 1272
240989, 1272
287180, 1272
27426, 1271
201190, 1271
257915, 1271
280998, 1271
232133, 1270
10946, 1269
39053, 1269
60585, 1269
68729, 1269
267428, 1269
170888, 1268
10331, 1267
107817, 1267
31327, 1266
45536, 1266
99421, 1266
105292, 1266
285149, 1266
1957, 1264
56893, 1264
89572, 1264
109725, 1264
258, 1262
15340, 1262
116979, 1262
124033, 1262
132586, 1262
277619, 1262
13614, 1261
73207, 1261
119754, 1261
280207, 1261
12213, 1260
19158, 1260
103830, 1260
105771, 1260
131523, 1260
149788, 1260
151804, 1260
204979, 1260
267443, 1260
288776, 1260
289521, 1260
91651, 1258
133222, 1258
255183, 1258
279052, 1258
173508, 1257
284021, 1257
61738, 1256
65292, 1256
67684, 1256
75436, 1256
132691, 1256
162049, 1256
1731, 1255
38501, 1255
69201, 1255
92834, 1255
165345, 1255
27767, 1254
29922, 1254
79989, 1254
207017, 1253
215938, 1253
160866, 1252
206047, 1252
225929, 1252
1379, 1251
43231, 1251
56860, 1251
120661, 1251
194115, 1251
209292, 1251
268345, 1251
571, 1250
900, 1250
4931, 1250
69347, 1250
138912, 1250
167263, 1250
172245, 1250
178914, 1250
179932, 1250
191319, 1250
222630, 1250
225738, 1250
257802, 1250
293264, 1250
295873, 1250
5724, 1249
35946, 1249
154734, 1249
171652, 1249
174358, 1249
204179, 1249
225959, 1249
228372, 1249
236584, 1249
238618, 1249
244312, 1249
251664, 1249
256952, 1249
278778, 1249
291146, 1249
160710, 1247
163653, 1247
189552, 1247
203549, 1247
259164, 1247
261819, 1247
6892, 1246
269980, 1246
58229, 1245
247945, 1245
1814, 1244
25186, 1244
48452, 1244
44068, 1243
73562, 1243
101706, 1243
103564, 1243
130516, 1243
150291, 1243
166567, 1243
172388, 1243
181017, 1243
185904, 1243
194577, 1243
203207, 1243
212322, 1243
215837, 1243
238409, 1243
239444, 1243
243299, 1243
267958, 1243
285466, 1243
42044, 1242
96312, 1242
101451, 1242
111820, 1242
140211, 1242
145012, 1242
150942, 1242
169188, 1242
197736, 1242
201701, 1242
31102, 1241
191701, 1241
12905, 1240
13635, 1240
14342, 1240
27255, 1240
53697, 1240
146155, 1240
172989, 1240
213995, 1240
250812, 1240
253511, 1240
255547, 1240
275152, 1240
296479, 1240
11288, 1239
26504, 1238
119176, 1238
188118, 1238
4963, 1237
14015, 1237
28075, 1237
33265, 1237
57929, 1237
68762, 1237
77401, 1237
90438, 1237
92743, 1237
95186, 1237
106028, 1237
113171, 1237
142611, 1237
149344, 1237
154212, 1237
177043, 1237
186903, 1237
190444, 1237
192763, 1237
208304, 1237
210770, 1237
290278, 1237
290671, 1237
232734, 1236
29732, 1235
43833, 1235
134608, 1235
248456, 1235
120985, 1234
211521, 1234
247686, 1234
262280, 1234
271580, 1234
43015, 1233
72915, 1233
187679, 1233
107189, 1232
210351, 1232
271171, 1232
5092, 1231
22073, 1231
27454, 1231
166707, 1231
177267, 1231
197870, 1231
218606, 1231
275050, 1231
289508, 1231
291818, 1231
41188, 1230
50443, 1230
61541, 1230
74893, 1230
75137, 1230
92059, 1230
95104, 1230
100194, 1230
106414, 1230
109860, 1230
112164, 1230
118489, 1230
128051, 1230
128841, 1230
137216, 1230
141420, 1230
142728, 1230
150438, 1230
152524, 1230
153652, 1230
156020, 1230
159354, 1230
167558, 1230
187944, 1230
192322, 1230
202600, 1230
203359, 1230
206425, 1230
207214, 1230
214567, 1230
226129, 1230
231715, 1230
244625, 1230
248064, 1230
249064, 1230
252763, 1230
261502, 1230
263677, 1230
272325, 1230
277897, 1230
293101, 1230
7750, 1229
11228, 1229
12972, 1229
29034, 1229
40368, 1229
82059, 1229
153752, 1229
164245, 1229
196430, 1229
290448, 1229
77101, 1228
187217, 1228
252860, 1228
25083, 1227
26810, 1227
49168, 1227
207318, 1227
6392, 1226
14422, 1226
23022, 1226
1168, 1225
4856, 1225
21358, 1225
35833, 1225
2060, 1224
69703, 1224
74675, 1224
94422, 1224
140806, 1224
149243, 1224
200521, 1224
219683, 1224
113092, 1223
137776, 1223
203676, 1223
9695, 1222
10438, 1222
12302, 1222
13428, 1222
36822, 1222
98138, 1222
106126, 1222
221014, 1222
283492, 1222
27883, 1221
39380, 1221
47118, 1221
98902, 1221
21609, 1220
24298, 1220
36871, 1220
65301, 1220
74079, 1220
17490, 1219
22915, 1219
113416, 1219
143879, 1219
179134, 1219
7886, 1218
9821, 1218
14725, 1218
22308, 1218
33695, 1218
36295, 1218
46919, 1218
96113, 1218
129315, 1218
134749, 1218
147580, 1218
176085, 1218
195902, 1218
240089, 1218
246058, 1218
257376, 1218
286167, 1218
24858, 1217
49077, 1217
53815, 1217
87801, 1217
98598, 1217
173025, 1217
88713, 1216
131741, 1216
165498, 1216
226079, 1216
22640, 1215
24156, 1215
77551, 1215
92981, 1215
96394, 1215
136721, 1215
136934, 1215
140610, 1215
142225, 1215
150593, 1215
152553, 1215
163941, 1215
171394, 1215
172733, 1215
177722, 1215
185185, 1215
194337, 1215
195678, 1215
202929, 1215
215985, 1215
225022, 1215
231799, 1215
233328, 1215
239651, 1215
241436, 1215
259664, 1215
269190, 1215
97, 1214
21714, 1214
32595, 1214
37494, 1214
41589, 1214
53952, 1214
65798, 1214
66876, 1214
79996, 1214
101730, 1214
108180, 1214
113246, 1214
140557, 1214
178885, 1214
204009, 1214
226127, 1214
249844, 1214
18640, 1213
28554, 1213
78435, 1213
111594, 1213
162585, 1213
193714, 1213
195875, 1213
250780, 1213
293995, 1213
32264, 1212
44657, 1212
103436, 1212
112352, 1212
174027, 1212
175329, 1212
210138, 1212
217932, 1212
272736, 1212
71792, 1211
96739, 1211
121763, 1211
254438, 1211
276105, 1211
278861, 1210
291012, 1210
927, 1209
3746, 1209
27743, 1209
31174, 1209
82591, 1209
83052, 1209
95529, 1209
102810, 1209
109495, 1209
109583, 1209
126115, 1209
132707, 1209
140565, 1209
157887, 1209
200559, 1209
208442, 1209
222472, 1209
243138, 1209
247171, 1209
273738, 1209
273921, 1209
282962, 1209
5160, 1208
12843, 1208
23690, 1208
52497, 1208
63902, 1208
67682, 1208
96571, 1208
106010, 1208
116872, 1208
123380, 1208
130359, 1208
140213, 1208
151944, 1208
170136, 1208
213431, 1208
275423, 1208
284928, 1208
28022, 1207
37018, 1207
41633, 1207
45726, 1207
54128, 1207
57946, 1207
153437, 1207
208564, 1207
253487, 1207
260444, 1207
19229, 1205
38701, 1205
80140, 1205
83009, 1205
105548, 1205
143835, 1205
219579, 1205
13516, 1204
30745, 1204
58305, 1203
61512, 1203
75992, 1203
147749, 1203
247852, 1203
254038, 1203
69788, 1202
80180, 1202
156622, 1202
234084, 1202
13569, 1201
18434, 1201
50770, 1201
93472, 1201
121184, 1201
134328, 1201
141048, 1201
147983, 1201
187779, 1201
203772, 1201
234815, 1201
246270, 1201
284843, 1201
22140, 1200
164683, 1200
40154, 1199
66706, 1199
143099, 1199
193646, 1199
206347, 1198
229743, 1198
246713, 1198
271402, 1198
278471, 1198
8708, 1197
14113, 1197
17848, 1196
70691, 1196
143421, 1196
160829, 1196
175205, 1196
223510, 1196
7097, 1195
23051, 1195
75477, 1195
100819, 1195
228419, 1195
263833, 1195
67198, 1194
74026, 1194
133565, 1194
141277, 1194
262301, 1194
55982, 1193
115448, 1193
117251, 1193
2919, 1192
28027, 1192
49864, 1192
60821, 1192
128010, 1192
154238, 1192
159223, 1192
177581, 1192
214967, 1192
231915, 1192
235290, 1192
20369, 1191
81557, 1191
101298, 1191
113715, 1191
126581, 1191
132969, 1191
142599, 1191
164618, 1191
176212, 1191
189809, 1191
200908, 1191
218625, 1191
255350, 1191
294392, 1191
30212, 1190
46713, 1190
71027, 1190
191807, 1190
4628, 1189
44673, 1189
217869, 1189
284391, 1189
60666, 1188
102456, 1188
107058, 1188
122532, 1188
133619, 1188
210630, 1188
222415, 1188
3194, 1187
48390, 1187
107758, 1187
130271, 1187
190740, 1187
200790, 1187
225086, 1187
269901, 1187
285977, 1187
288043, 1187
289495, 1187
4602, 1186
83942, 1186
111154, 1186
160183, 1186
202922, 1186
212851, 1186
217020, 1186
220428, 1186
261921, 1186
280889, 1186
35504, 1185
146294, 1185
180552, 1185
276022, 1185
492, 1184
554, 1184
4476, 1184
38062, 1184
77949, 1184
83066, 1184
110490, 1184
196406, 1184
7823, 1183
14489, 1183
20365, 1183
21540, 1183
33348, 1183
34656, 1183
60552, 1183
64648, 1183
73049, 1183
84644, 1183
98725, 1183
115341, 1183
118362, 1183
121110, 1183
149962, 1183
177040, 1183
207874, 1183
249571, 1183
2270, 1182
3585, 1182
7628, 1182
8512, 1182
9946, 1182
11408, 1182
12030, 1182
15858, 1182
20224, 1182
61570, 1182
242663, 1182
263929, 1182
9881, 1181
28925, 1181
192464, 1181
226050, 1181
295811, 1181
80971, 1180
95117, 1180
109778, 1180
257485, 1180
1660, 1179
52328, 1179
16660, 1178
106986, 1178
118373, 1178
201990, 1178
213004, 1178
221846, 1178
254962, 1178
1730, 1176
23310, 1176
27050, 1176
99427, 1176
109076, 1176
258575, 1176
210, 1175
101878, 1175
240717, 1175
248715, 1175
41200, 1174
53894, 1174
103116, 1174
106648, 1174
119802, 1174
128617, 1174
179429, 1174
224914, 1174
235261, 1174
266642, 1174
277108, 1174
296211, 1174
4452, 1173
12523, 1173
15234, 1173
33096, 1173
80378, 1173
85124, 1173
182391, 1173
214050, 1173
228836, 1173
261867, 1173
13158, 1172
78419, 1172
82516, 1172
85242, 1172
92557, 1172
100563, 1172
107919, 1172
116320, 1172
207034, 1172
207949, 1172
223715, 1172
239401, 1172
269319, 1172
283179, 1172
130655, 1171
271465, 1171
61719, 1170
64357, 1170
185491, 1170
25148, 1169
66538, 1169
87571, 1169
170139, 1169
268101, 1169
291746, 1169
41940, 1168
46137, 1168
89744, 1168
94486, 1168
97830, 1168
97858, 1168
102662, 1168
117091, 1168
171739, 1168
225984, 1168
263745, 1168
278025, 1168
17760, 1167
19549, 1167
20564, 1167
30928, 1167
34010, 1167
56493, 1167
83633, 1167
107275, 1167
169218, 1167
198378, 1167
200030, 1167
255711, 1167
270787, 1167
1313, 1166
1689, 1166
4845, 1166
123943, 1166
214116, 1166
265234, 1166
60222, 1165
102266, 1165
203212, 1165
230992, 1165
232153, 1165
263194, 1165
285272, 1165
3384, 1164
11170, 1164
23217, 1164
78114, 1164
216093, 1164
217604, 1164
15079, 1163
26009, 1163
47403, 1163
71343, 1163
120799, 1163
9376, 1162
19078, 1162
56246, 1162
282378, 1162
292122, 1162
8997, 1161
11160, 1161
17970, 1161
37984, 1161
41877, 1161
46621, 1161
53837, 1161
54870, 1161
72748, 1161
115393, 1161
206651, 1161
649, 1160
4510, 1160
4773, 1160
5455, 1160
12763, 1160
18296, 1160
51769, 1160
52606, 1160
60043, 1160
89059, 1160
224117, 1160
29426, 1159
42008, 1159
70506, 1159
124026, 1159
138767, 1159
187215, 1159
198631, 1159
247894, 1159
84513, 1158
143022, 1158
257837, 1158
12263, 1157
27290, 1157
264106, 1157
6511, 1156
13238, 1156
14170, 1156
40232, 1156
53764, 1156
96024, 1156
99024, 1156
122278, 1156
156560, 1156
191983, 1156
234722, 1156
256894, 1156
7201, 1155
7694, 1155
7744, 1155
19202, 1155
30192, 1155
30274, 1155
36532, 1155
49683, 1155
56467, 1155
65516, 1155
66350, 1155
68371, 1155
88940, 1155
104058, 1155
112443, 1155
119261, 1155
138217, 1155
147425, 1155
163767, 1155
175754, 1155
276316, 1155
1678, 1154
171799, 1154
293969, 1154
106749, 1153
4607, 1152
5871, 1152
36281, 1152
108392, 1152
234191, 1152
12032, 1151
15618, 1151
22718, 1151
30367, 1151
46520, 1151
123351, 1151
251271, 1151
273181, 1151
277054, 1151
37486, 1150
43228, 1150
45686, 1150
47350, 1150
52366, 1150
53368, 1150
116570, 1150
129379, 1150
158544, 1150
162218, 1150
174196, 1150
181232, 1150
187193, 1150
205422, 1150
214546, 1150
1159, 1149
2582, 1149
6237, 1149
23028, 1149
131549, 1149
1645, 1148
10539, 1148
31936, 1148
82702, 1148
84087, 1148
141364, 1148
161557, 1148
20830, 1147
79698, 1147
82918, 1147
101524, 1147
135334, 1147
140094, 1147
254321, 1147
17670, 1146
30409, 1146
68056, 1146
72534, 1146
73742, 1146
79148, 1146
12677, 1145
46977, 1145
87196, 1145
111872, 1145
120949, 1145
122633, 1145
180110, 1145
194596, 1145
202134, 1145
242411, 1145
294384, 1145
9421, 1144
118872, 1144
38272, 1143
61548, 1143
150170, 1143
174759, 1143
192670, 1143
193733, 1143
197141, 1143
200181, 1143
293210, 1143
130766, 1142
24533, 1141
25498, 1141
45179, 1141
71877, 1141
91931, 1141
125161, 1141
153969, 1141
199029, 1141
98817, 1140
125706, 1140
173384, 1140
200894, 1140
6707, 1139
32260, 1139
156872, 1139
96161, 1138
229558, 1138
256531, 1138
274184, 1138
282568, 1138
11701, 1137
17473, 1137
25198, 1137
54451, 1137
91259, 1137
123600, 1137
116108, 1136
164165, 1136
39713, 1135
295691, 1135
9326, 1134
13847, 1134
16235, 1134
43705, 1134
46838, 1134
77348, 1134
106136, 1134
111695, 1134
216503, 1134
231293, 1134
3539, 1133
18769, 1133
213471, 1133
235927, 1133
6949, 1132
29562, 1132
96393, 1132
117947, 1132
131002, 1132
178711, 1132
242586, 1132
11828, 1131
50144, 1131
96268, 1131
123824, 1131
125928, 1131
133290, 1131
176674, 1131
232091, 1131
296566, 1131
8815, 1130
95281, 1130
185239, 1130
194263, 1130
236614, 1130
244588, 1130
47512, 1129
103788, 1129
111295, 1129
3786, 1128
86974, 1128
139710, 1128
25131, 1127
70137, 1127
155533, 1127
177218, 1127
200547, 1127
263438, 1127
66868, 1126
73475, 1126
224256, 1126
6057, 1125
9318, 1125
107291, 1125
210597, 1125
225261, 1125
13247, 1124
19346, 1124
27148, 1124
31161, 1124
57173, 1124
78620, 1124
11000, 1123
45188, 1123
61392, 1123
80515, 1123
84642, 1123
141625, 1123
154536, 1123
165867, 1123
180634, 1123
115883, 1122
249190, 1122
289330, 1122
4772, 1121
7441, 1121
33683, 1121
40431, 1121
124449, 1121
135366, 1121
168664, 1121
223315, 1121
7467, 1120
82224, 1120
151908, 1120
252499, 1120
286600, 1120
64008, 1119
169486, 1119
170013, 1119
202835, 1119
212551, 1119
228000, 1119
236611, 1119
240825, 1119
247180, 1119
249911, 1119
254392, 1119
265309, 1119
270364, 1119
276066, 1119
278262, 1119
292971, 1119
293573, 1119
295844, 1119
155745, 1118
7414, 1117
26848, 1117
33503, 1117
38722, 1117
94654, 1117
159226, 1117
191130, 1117
192988, 1117
239580, 1117
278749, 1117
284787, 1117
55219, 1116
115755, 1116
289124, 1116
149042, 1115
153809, 1115
225036, 1115
248410, 1115
72561, 1114
151841, 1114
199582, 1114
15509, 1113
15709, 1113
86515, 1113
258512, 1113
282127, 1113
44555, 1112
51262, 1112
62397, 1112
72073, 1112
111319, 1112
114558, 1112
123901, 1112
147119, 1112
237905, 1112
1233, 1111
58852, 1111
76915, 1111
205016, 1111
237280, 1111
259021, 1111
289514, 1111
32019, 1110
44030, 1110
133667, 1110
163323, 1110
194453, 1110
195742, 1110
216184, 1110
226332, 1110
231061, 1110
246702, 1110
255485, 1110
11229, 1109
18777, 1109
38562, 1109
41727, 1109
132870, 1109
135946, 1109
162882, 1109
246544, 1109
82622, 1108
109434, 1108
169130, 1108
11914, 1107
218099, 1107
35933, 1106
40015, 1106
71095, 1106
113180, 1106
171070, 1106
11612, 1105
19183, 1105
20491, 1105
26055, 1105
36081, 1105
40153, 1105
86008, 1105
124816, 1105
159203, 1105
187246, 1105
245815, 1105
270937, 1105
280507, 1105
6660, 1104
16212, 1104
17775, 1104
20499, 1104
24228, 1104
45463, 1104
52608, 1104
54823, 1104
55374, 1104
71077, 1104
73767, 1104
87754, 1104
94250, 1104
94446, 1104
111009, 1104
137123, 1104
195478, 1104
204000, 1104
204891, 1104
250576, 1104
19978, 1103
40888, 1103
43513, 1103
52997, 1103
60728, 1103
87729, 1103
90047, 1102
169286, 1102
182881, 1102
189830, 1102
217133, 1102
222951, 1102
232521, 1102
20775, 1101
67765, 1101
106847, 1101
188858, 1101
240734, 1101
289131, 1101
14735, 1100
19803, 1100
77064, 1100
81520, 1100
131109, 1100
271975, 1100
8478, 1099
20576, 1099
32990, 1099
47688, 1099
66344, 1099
33539, 1098
86761, 1098
88705, 1098
107229, 1098
122224, 1098
206786, 1098
231738, 1098
293897, 1098
28897, 1097
32733, 1097
81526, 1097
84185, 1097
90069, 1097
109175, 1097
119845, 1097
177342, 1097
14007, 1096
25384, 1096
28605, 1096
40684, 1096
45925, 1096
1167, 1095
1357, 1095
1363, 1095
41358, 1095
290354, 1095
2256, 1094
37691, 1094
155079, 1094
168301, 1094
189176, 1094
1160, 1093
15153, 1093
26441, 1093
38356, 1093
56864, 1093
86075, 1093
88225, 1093
127697, 1093
140841, 1093
227309, 1093
229319, 1093
14853, 1092
70795, 1092
85468, 1092
92236, 1092
109730, 1092
208570, 1092
233893, 1092
247071, 1092
272762, 1092
277648, 1092
14742, 1091
27381, 1091
63164, 1091
97689, 1091
161132, 1091
229213, 1091
235300, 1091
33556, 1090
262118, 1090
272393, 1090
12639, 1089
59531, 1089
66034, 1089
72415, 1089
72777, 1089
122709, 1089
95, 1088
12976, 1088
29244, 1088
78363, 1088
8978, 1087
34404, 1087
57168, 1087
65299, 1087
76854, 1087
87456, 1087
121809, 1087
129200, 1087
152369, 1087
168184, 1087
186927, 1087
237344, 1087
57642, 1086
104851, 1086
197498, 1086
7462, 1085
21095, 1085
42950, 1085
95101, 1085
127321, 1085
135175, 1085
139503, 1085
146451, 1085
16381, 1084
27056, 1084
29473, 1084
34276, 1084
76646, 1084
87741, 1084
91870, 1084
97256, 1084
104916, 1084
6054, 1083
28278, 1083
28306, 1083
51792, 1083
85985, 1083
92015, 1083
152077, 1083
173808, 1083
204042, 1083
273616, 1083
287006, 1083
288270, 1083
8506, 1082
14304, 1081
66093, 1081
100039, 1081
176939, 1081
38957, 1080
42892, 1080
53581, 1080
17980, 1079
41584, 1079
57257, 1079
67508, 1079
73679, 1079
113592, 1079
114941, 1079
131907, 1079
18918, 1078
131868, 1078
250220, 1078
29515, 1077
38127, 1077
150858, 1077
153601, 1077
162823, 1077
173920, 1077
24909, 1076
86897, 1076
115631, 1076
236752, 1076
10697, 1075
114755, 1075
118651, 1075
140, 1074
218, 1074
253, 1074
314, 1074
6884, 1074
22884, 1074
23642, 1074
44681, 1074
192166, 1074
25226, 1073
33564, 1073
232070, 1073
256845, 1073
1285, 1072
30290, 1072
58790, 1072
87063, 1072
256195, 1072
43942, 1071
44960, 1071
46291, 1071
66435, 1071
79634, 1071
96905, 1071
107078, 1071
115820, 1071
149398, 1071
150021, 1071
173811, 1071
206365, 1071
236726, 1071
285290, 1071
351, 1070
355, 1070
19106, 1070
56637, 1070
98028, 1070
280784, 1070
16220, 1069
78980, 1069
99171, 1069
101175, 1069
132908, 1069
16123, 1068
17380, 1068
56244, 1068
158258, 1068
243756, 1068
273634, 1068
277204, 1068
3132, 1067
48362, 1067
62634, 1067
77860, 1067
78332, 1067
88227, 1067
130047, 1067
9237, 1066
24216, 1066
74846, 1066
100606, 1066
100634, 1066
102663, 1066
152232, 1066
155499, 1066
217856, 1066
259387, 1066
261902, 1066
9386, 1065
30124, 1064
71432, 1064
92832, 1064
107564, 1064
115304, 1064
118901, 1064
180001, 1064
193758, 1064
231592, 1064
140759, 1063
140858, 1063
154852, 1063
169088, 1063
171139, 1063
191270, 1063
284916, 1063
4692, 1062
18759, 1061
30017, 1061
41959, 1061
71255, 1061
83174, 1061
181693, 1061
184922, 1061
242202, 1061
22976, 1060
28311, 1060
68097, 1060
109047, 1060
155770, 1060
225382, 1060
240676, 1060
273577, 1060
1387, 1059
25962, 1059
59189, 1059
126409, 1059
147652, 1059
216107, 1059
127007, 1058
182230, 1058
270257, 1058
116593, 1057
155604, 1057
175121, 1057
288590, 1057
20639, 1056
56987, 1056
96083, 1056
110623, 1056
138474, 1056
139558, 1056
254512, 1056
30390, 1055
45438, 1055
48709, 1055
84, 1054
7395, 1054
16215, 1054
51136, 1054
154845, 1054
211562, 1054
213102, 1054
2224, 1053
24048, 1053
38086, 1053
90368, 1053
137448, 1053
216176, 1053
264626, 1053
271988, 1053
282602, 1053
291260, 1053
143, 1052
168, 1052
223, 1052
1238, 1052
3230, 1052
43815, 1052
76327, 1052
97147, 1052
146622, 1052
296015, 1052
1330, 1051
27946, 1051
43122, 1051
87649, 1051
170863, 1051
244533, 1051
277667, 1051
294323, 1051
29389, 1050
57628, 1050
62796, 1050
138293, 1050
286457, 1050
124, 1049
146, 1049
28978, 1049
66140, 1049
119659, 1049
136174, 1049
146571, 1049
159359, 1049
170253, 1049
187439, 1049
195468, 1049
4475, 1048
12719, 1048
59714, 1048
65885, 1048
127844, 1048
135020, 1048
148398, 1048
227222, 1048
3359, 1047
19437, 1047
50761, 1047
61663, 1047
80645, 1047
88417, 1047
113653, 1047
164556, 1047
263043, 1047
12090, 1046
58549, 1046
114261, 1045
146692, 1045
265, 1044
1283, 1044
80510, 1044
112010, 1044
163528, 1044
167500, 1044
216723, 1044
270401, 1044
104, 1043
117, 1043
122, 1043
139, 1043
2036, 1043
3824, 1043
7182, 1043
11257, 1043
11481, 1043
22897, 1043
66955, 1043
91895, 1043
99449, 1043
111700, 1043
121120, 1043
136216, 1043
159023, 1043
2294, 1042
5944, 1042
20504, 1042
90546, 1042
133772, 1042
187001, 1042
187194, 1042
204918, 1042
219292, 1042
110505, 1041
115379, 1041
117426, 1041
153226, 1041
172854, 1041
17566, 1040
26346, 1040
52955, 1040
99172, 1040
152508, 1040
2787, 1039
56770, 1039
74539, 1039
85388, 1039
93772, 1039
111810, 1039
113491, 1039
125083, 1039
161514, 1039
7702, 1038
11955, 1038
68726, 1038
81050, 1038
152017, 1038
155630, 1038
175177, 1038
286160, 1038
16025, 1037
50226, 1037
56593, 1037
71359, 1037
84914, 1037
86848, 1037
167309, 1037
190866, 1037
245654, 1037
257127, 1037
267455, 1037
283479, 1037
6363, 1036
10454, 1036
33338, 1036
105844, 1036
208244, 1036
250173, 1036
3980, 1035
6630, 1035
206052, 1035
7836, 1034
29392, 1034
52527, 1034
65080, 1034
20909, 1033
91731, 1033
95212, 1033
104021, 1033
124582, 1033
133378, 1033
150882, 1033
295259, 1033
2892, 1032
94095, 1032
98716, 1032
179140, 1032
197358, 1032
201548, 1032
252527, 1032
31817, 1031
44057, 1031
51384, 1031
51447, 1031
110606, 1031
134271, 1031
404, 1030
6247, 1030
8695, 1030
12444, 1030
31911, 1030
47756, 1030
55566, 1030
100402, 1030
131765, 1030
135717, 1030
156120, 1030
169357, 1030
193751, 1030
203054, 1030
210992, 1030
217951, 1030
280617, 1030
286579, 1030
289673, 1030
170, 1029
269, 1029
35611, 1029
43389, 1029
45506, 1029
48914, 1029
59164, 1029
87840, 1029
88777, 1029
101784, 1029
106148, 1029
147446, 1029
232950, 1029
254864, 1029
31649, 1028
119147, 1028
142605, 1028
191499, 1028
254484, 1028
286754, 1028
13386, 1027
42015, 1027
95048, 1027
95168, 1027
109626, 1027
146720, 1027
147607, 1027
212610, 1027
219076, 1027
247287, 1027
253214, 1027
292608, 1027
70621, 1026
126503, 1026
188367, 1026
265114, 1026
276967, 1026
293177, 1026
22689, 1025
67389, 1025
72648, 1025
85263, 1025
19234, 1024
120965, 1024
165159, 1024
209948, 1024
271494, 1024
293956, 1024
12772, 1023
59303, 1023
79764, 1023
196426, 1023
228981, 1023
241307, 1023
244720, 1023
258144, 1023
9957, 1022
39435, 1022
76319, 1022
83082, 1022
124787, 1022
159754, 1022
189886, 1022
212964, 1022
216762, 1022
71339, 1021
448, 1020
479, 1020
513, 1020
517, 1020
24546, 1020
28828, 1020
28946, 1020
34901, 1020
36604, 1020
40757, 1020
52272, 1020
68614, 1020
81674, 1020
84241, 1020
85748, 1020
86087, 1020
187723, 1020
232245, 1020
244757, 1020
262, 1019
14458, 1019
15655, 1019
134573, 1019
144921, 1019
280848, 1019
5028, 1018
13924, 1018
174752, 1018
200107, 1018
217176, 1018
220329, 1018
221134, 1018
236465, 1018
237386, 1018
85250, 1017
98686, 1017
107418, 1017
138690, 1017
177638, 1017
259172, 1017
1680, 1016
189827, 1016
109143, 1015
45346, 1014
45809, 1014
64599, 1014
79797, 1014
80070, 1014
91439, 1014
111545, 1014
175780, 1014
217902, 1014
234599, 1014
267781, 1014
6310, 1013
33027, 1013
38235, 1013
66035, 1013
73888, 1013
182712, 1013
213779, 1013
223269, 1013
24726, 1012
142098, 1012
14347, 1011
23402, 1011
31762, 1011
274449, 1011
40619, 1010
41005, 1010
84503, 1010
114515, 1010
127368, 1010
155505, 1010
167476, 1010
192290, 1010
198572, 1010
267952, 1010
270331, 1010
280065, 1010
280819, 1010
55595, 1009
103174, 1009
105201, 1009
148032, 1009
185478, 1009
190809, 1009
191409, 1009
193663, 1009
14757, 1008
34804, 1008
50491, 1008
166973, 1008
178629, 1008
199850, 1008
246460, 1008
255937, 1008
280910, 1008
5484, 1007
22854, 1007
94825, 1007
136407, 1007
197512, 1007
254094, 1007
265435, 1007
8017, 1006
141746, 1006
577, 1005
614, 1005
4001, 1005
106616, 1005
132948, 1005
151000, 1005
168949, 1005
209823, 1005
16926, 1004
28109, 1003
51837, 1003
57249, 1003
73436, 1003
160119, 1003
194168, 1003
198221, 1003
259595, 1003
262473, 1003
175587, 1002
294082, 1002
38311, 1001
81866, 1001
103647, 1001
1077, 1000
23288, 1000
26760, 1000
33392, 1000
68747, 1000
150227, 1000
151240, 1000
180737, 1000
213950, 1000
