261902, 63615
282378, 63143
170013, 59289
202835, 59289
212551, 59289
228000, 59289
236611, 59289
240825, 59289
247180, 59289
249911, 59289
254392, 59289
265309, 59289
270364, 59289
276066, 59289
278262, 59289
292971, 59289
293573, 59289
295844, 59289
146451, 59181
195742, 58279
216184, 58279
226332, 58279
246702, 58279
255485, 58279
189830, 57921
217133, 57921
222951, 57921
232521, 57921
187040, 56815
249140, 56815
270054, 56815
273646, 56815
280203, 56815
289631, 56815
44068, 56737
73562, 56737
103564, 56737
130516, 56737
150291, 56737
166567, 56737
172388, 56737
181017, 56737
185904, 56737
194577, 56737
203207, 56737
215837, 56737
238409, 56737
239444, 56737
267958, 56737
85202, 55959
96004, 55959
105978, 55959
107870, 55959
112152, 55959
125570, 55959
127568, 55959
132204, 55959
143603, 55959
156380, 55959
159239, 55959
162862, 55959
169223, 55959
183918, 55959
185407, 55959
189624, 55959
189974, 55959
190207, 55959
192923, 55959
195657, 55959
196437, 55959
197416, 55959
202353, 55959
203991, 55959
214085, 55959
214979, 55959
219506, 55959
221095, 55959
223587, 55959
224023, 55959
231057, 55959
233828, 55959
233930, 55959
234312, 55959
243240, 55959
249214, 55959
249718, 55959
252106, 55959
255034, 55959
258554, 55959
259604, 55959
262732, 55959
266848, 55959
266918, 55959
267026, 55959
267771, 55959
268953, 55959
270038, 55959
271480, 55959
272991, 55959
274038, 55959
277141, 55959
280658, 55959
284327, 55959
285549, 55959
286803, 55959
287707, 55959
287882, 55959
289370, 55959
289778, 55959
290406, 55959
291468, 55959
263438, 55059
154734, 54282
171652, 54282
174358, 54282
204179, 54282
225959, 54282
228372, 54282
236584, 54282
244312, 54282
256952, 54282
278778, 54282
291146, 54282
178841, 53670
154677, 49198
253784, 49198
292393, 49198
107609, 48477
107829, 48477
120059, 48477
139030, 48477
184727, 48477
243682, 48477
246994, 48477
248543, 48477
256102, 48477
269563, 48477
273651, 48477
279272, 48477
290854, 48477
293076, 48477
293539, 48477
237171, 47307
116979, 47071
277619, 47071
254328, 46729
218012, 32331
183813, 32210
76066, 31675
100686, 31675
116160, 31675
150008, 31675
206701, 31675
232741, 31675
272838, 31675
275530, 31675
285562, 31675
287838, 31675
292769, 31675
220886, 26358
79204, 26162
210680, 26162
245697, 26162
248421, 26162
266966, 26162
276777, 26162
287063, 26162
122428, 25704
149636, 25704
192358, 25704
195798, 25704
93702, 25364
110884, 25364
287854, 25364
188105, 24482
249354, 24482
267634, 24482
66120, 24423
66946, 24423
116187, 24423
235355, 24423
57962, 24339
137969, 24249
192464, 24168
154138, 24144
90934, 24136
115733, 24134
122680, 24134
130593, 24134
171949, 24134
290207, 24134
249653, 24094
95788, 24076
150387, 24076
160437, 24076
269781, 24076
296445, 24076
110686, 24049
129458, 24049
2082, 24043
194074, 24043
288085, 24043
156406, 24008
186783, 24008
274326, 24008
276918, 24008
32387, 23990
75853, 23990
78185, 23990
88715, 23990
159791, 23990
230545, 23990
251526, 23990
145903, 23985
147969, 23985
167449, 23985
171573, 23985
217705, 23985
227318, 23985
229907, 23985
232994, 23985
242128, 23985
263361, 23985
264968, 23985
284187, 23985
284605, 23985
171522, 23954
173017, 23954
181921, 23954
184148, 23954
188947, 23954
189409, 23954
189839, 23954
198448, 23954
200146, 23954
202171, 23954
211500, 23954
213312, 23954
231508, 23954
236604, 23954
243407, 23954
244288, 23954
254884, 23954
281341, 23954
285898, 23954
86423, 23947
119999, 23947
132884, 23947
147867, 23947
148809, 23947
224618, 23947
274871, 23947
285841, 23947
78193, 23936
113301, 23936
114869, 23936
182997, 23936
15369, 23884
161131, 23854
163460, 23854
228149, 23854
150150, 23549
162010, 23549
87290, 23508
108198, 23508
128733, 23508
144409, 23508
151808, 23508
287888, 23508
6259, 23506
53366, 23506
78228, 23506
73375, 23493
122705, 23493
140380, 23493
189894, 23493
36367, 23460
41975, 23460
72527, 23460
77716, 23460
81082, 23460
85186, 23460
101978, 23460
120691, 23460
149063, 23460
190707, 23460
70953, 23441
257915, 23398
228835, 23397
204677, 23394
35443, 23339
52919, 23332
145143, 23332
160565, 23332
192507, 23332
230012, 23332
258833, 23332
78137, 23312
7113, 23259
17377, 23259
510, 23201
45492, 23198
49810, 23198
53175, 23198
58155, 23198
66756, 23198
74624, 23198
75643, 23198
76916, 23198
78276, 23198
78588, 23198
85032, 23198
86780, 23198
103712, 23198
122643, 23198
138364, 23198
145985, 23198
147324, 23198
148075, 23198
150187, 23198
177894, 23198
179110, 23198
181641, 23198
226714, 23198
249188, 23198
78395, 23170
105534, 23170
108549, 23170
130930, 23170
140711, 23170
152096, 23170
162352, 23170
163606, 23170
205814, 23170
217736, 23170
234748, 23170
251886, 23170
284095, 23170
1174, 23120
3472, 23120
16909, 23120
34107, 23120
53029, 23120
72061, 23120
91355, 23120
194087, 23120
161244, 23068
7706, 23029
1711, 23002
2187, 23002
2556, 23002
3735, 23002
5202, 23002
5214, 23002
5661, 23002
64837, 23002
247637, 23002
33444, 22817
85072, 22785
30326, 22616
68689, 22616
133786, 22616
166546, 22616
221137, 22616
226121, 22616
265446, 22616
27576, 22603
211582, 22551
280477, 22490
55304, 22419
88602, 22419
97137, 22419
115404, 22419
219695, 22419
241758, 22419
257453, 22419
32662, 22371
33379, 22371
33614, 22371
36496, 22371
39500, 22371
40433, 22371
42566, 22371
43039, 22371
52499, 22371
62084, 22371
69910, 22371
70310, 22371
77163, 22371
82217, 22371
159213, 22371
217668, 22371
257268, 22371
266004, 22371
292520, 22371
82718, 22362
166135, 22338
39037, 22314
42063, 22314
48343, 22314
64810, 22314
67355, 22314
68628, 22314
77059, 22314
98522, 22314
276535, 22314
119617, 22312
219126, 22312
81985, 22295
110908, 22295
137459, 22295
292222, 22295
22213, 22279
26954, 22279
129297, 22251
136949, 22251
140665, 22251
140735, 22251
144086, 22251
152809, 22251
176250, 22251
178837, 22251
190629, 22251
201138, 22251
43818, 22247
55270, 22247
68941, 22247
83773, 22247
209738, 22247
27426, 22240
291374, 22221
3062, 22203
15414, 22203
15490, 22203
16014, 22203
21455, 22203
170777, 22203
83633, 22191
149381, 22183
166233, 22183
182746, 22183
192698, 22183
199641, 22183
219031, 22183
220375, 22183
39216, 22173
163415, 22172
269988, 22172
98360, 22161
136537, 22161
150709, 22161
190642, 22145
15121, 22122
252897, 22122
223572, 22118
67394, 22106
69537, 22106
126942, 22106
181271, 22106
246614, 22106
255992, 22106
256670, 22106
272003, 22106
285745, 22106
113037, 22093
204860, 22093
286050, 22093
9133, 22066
125910, 22059
5566, 22057
7389, 22057
19020, 22057
19993, 22057
77890, 22057
144162, 22035
61784, 21999
88833, 21999
115648, 21999
215188, 21999
15491, 21983
90389, 21983
23121, 21982
185067, 21965
28494, 21948
29470, 21948
82880, 21948
135681, 21918
76548, 21909
5934, 21831
126385, 21672
2957, 21654
21978, 21654
139696, 21633
100939, 21627
223408, 21627
195374, 21579
210613, 21579
223351, 21579
255234, 21579
256700, 21579
272538, 21579
275584, 21579
277798, 21579
279430, 21579
282262, 21579
103703, 21555
79224, 21545
115253, 21545
160056, 21545
156282, 21519
198556, 21477
236490, 21477
65710, 21474
120049, 21474
125163, 21474
163277, 21474
166574, 21474
201404, 21474
202147, 21474
216201, 21474
225669, 21474
238834, 21474
215763, 21454
148546, 21426
157609, 21426
102974, 21385
136982, 21385
212812, 21385
197334, 21345
9216, 21304
68769, 21285
77928, 21285
82971, 21285
89481, 21285
90837, 21285
150306, 21285
191566, 21285
199233, 21285
218372, 21285
145819, 21222
182333, 21222
182965, 21222
198713, 21222
283141, 21133
31387, 21117
82028, 21117
88136, 21117
112982, 21117
34008, 20843
73420, 20843
215579, 20724
5967, 20540
92920, 20510
185292, 20510
127705, 20478
47795, 20446
17420, 20420
189998, 20402
12638, 20386
13586, 20386
22258, 20386
22290, 20386
24907, 20386
49475, 20386
55720, 20386
62591, 20386
88015, 20386
295572, 20355
20353, 20354
161884, 20354
9625, 20339
9965, 20339
18054, 20339
18972, 20339
19288, 20339
21466, 20339
22551, 20339
24318, 20339
37969, 20339
46899, 20304
61426, 20291
129378, 20281
8189, 20191
68395, 20191
179527, 20191
242265, 20191
33520, 20185
51307, 20185
57445, 20185
59955, 20185
129085, 20185
65316, 20150
74427, 20150
21540, 20124
37110, 20117
11452, 20032
20616, 20032
75859, 19906
96130, 19906
24152, 19902
19481, 19872
37598, 19872
39327, 19872
65431, 19872
55219, 19792
56185, 19766
22341, 19715
23923, 19715
277349, 19682
285046, 19585
283699, 19567
13987, 19450
85937, 19324
87402, 19324
117449, 19324
146057, 19324
167626, 19324
170326, 19324
170971, 19324
217323, 19324
247328, 19324
268157, 19324
144011, 18562
280065, 17969
18458, 17211
248526, 11555
240569, 11548
24510, 11506
213364, 11477
18228, 11399
19733, 11399
61411, 11399
66494, 11399
79239, 11399
17537, 10945
277617, 10945
132845, 10919
839, 10885
87799, 10881
63239, 10873
81964, 10837
293450, 10779
40020, 10764
75913, 10764
97209, 10612
198430, 10612
202648, 10612
191676, 10529
265044, 10529
86979, 10511
166390, 10511
178886, 10511
205222, 10511
31560, 10475
87078, 10475
111399, 10475
153567, 10475
6201, 10392
51598, 10341
152269, 10327
46089, 10315
26654, 10312
120196, 10305
294385, 10305
60371, 10301
160158, 10301
288669, 10301
291004, 10301
283322, 10297
50014, 10199
63711, 10199
65586, 10199
101461, 10199
208584, 10199
210054, 10199
220380, 10193
23722, 10113
33685, 10108
738, 10102
4180, 10092
20554, 10085
82934, 10085
20166, 10084
148774, 10084
151475, 10060
25767, 10053
32116, 10053
32539, 10053
32647, 10053
37297, 10053
37988, 10053
59723, 10053
63643, 10053
65207, 10053
77377, 10053
80822, 10053
87080, 10053
31144, 10052
38941, 10052
40441, 10052
47655, 10052
29131, 10051
77962, 10047
37899, 10037
21303, 10032
48819, 10032
238456, 10032
35584, 10031
37912, 10031
66135, 10031
111524, 10031
287812, 10031
81020, 10019
277823, 10017
19478, 10012
51607, 10003
198689, 10003
5456, 9976
17135, 9957
137841, 9957
158464, 9957
208476, 9957
45436, 9918
194626, 9835
249906, 9797
180144, 9784
231949, 9782
80069, 9750
202826, 9750
204372, 9750
245086, 9750
10847, 9720
12046, 9720
81639, 9720
121661, 9720
70822, 9685
81888, 9685
138945, 9680
68008, 9664
182748, 9664
281030, 9640
117240, 9581
117485, 9581
119209, 9581
132702, 9581
136672, 9581
137291, 9581
143425, 9581
163209, 9581
165123, 9581
166110, 9581
166981, 9581
167047, 9581
168296, 9581
173633, 9581
173806, 9581
175073, 9581
179796, 9581
182753, 9581
189926, 9581
191969, 9581
192661, 9581
192806, 9581
193469, 9581
193874, 9581
197440, 9581
206832, 9581
217897, 9581
222024, 9581
245147, 9581
245570, 9581
86900, 9541
127441, 9541
135610, 9541
217299, 9527
231180, 9496
38173, 9481
160067, 9481
174024, 9481
191364, 9481
207471, 9481
287047, 9481
89039, 9462
118498, 9462
129065, 9462
161092, 9462
265717, 9462
163380, 9456
186414, 9456
40687, 9445
42325, 9445
45676, 9445
56230, 9445
58392, 9445
58843, 9445
69586, 9445
86594, 9445
87515, 9443
40135, 9430
83508, 9430
217950, 9427
47153, 9426
51571, 9426
63461, 9426
68482, 9426
73910, 9426
83016, 9426
89157, 9426
89581, 9426
97055, 9426
97323, 9426
110504, 9426
127592, 9426
128284, 9426
131604, 9426
132491, 9426
181476, 9426
184668, 9426
185481, 9426
225772, 9426
231690, 9426
32008, 9404
32853, 9404
39588, 9404
43713, 9404
60287, 9404
63050, 9404
87503, 9404
115602, 9404
154344, 9404
163921, 9404
173921, 9404
282185, 9404
59038, 9395
10439, 9387
74184, 9387
116513, 9370
219199, 9370
158770, 9369
239276, 9369
66997, 9345
68139, 9345
190233, 9345
203600, 9345
209221, 9345
251548, 9345
193188, 9327
152736, 9309
137099, 9264
39684, 9229
181535, 9229
292245, 9229
141660, 9220
281794, 9220
30679, 9216
61003, 9193
238851, 9193
270178, 9193
19060, 9185
157082, 9185
68754, 9172
258200, 9172
28805, 9167
278093, 9167
76674, 9152
77102, 9152
145983, 9140
163142, 9140
170183, 9140
218962, 9139
245953, 9139
118144, 9127
66763, 9118
74253, 9118
56203, 9073
76833, 9073
77496, 9073
82115, 9073
83556, 9073
107004, 9073
111832, 9073
116473, 9073
153446, 9073
223759, 9073
35780, 9071
44544, 9071
54179, 9071
66178, 9071
96870, 9071
151669, 9071
262276, 9068
29189, 9044
31150, 9044
157919, 9044
207000, 9044
136843, 9022
160937, 9022
171004, 9022
238740, 9022
10129, 9005
25828, 9005
99264, 8978
259888, 8978
137583, 8975
234780, 8975
250256, 8967
15252, 8963
83341, 8963
234900, 8963
16483, 8953
98044, 8937
53620, 8934
222989, 8902
7379, 8893
56926, 8893
110983, 8893
152960, 8893
274690, 8893
63890, 8892
99409, 8879
30999, 8844
192869, 8844
204530, 8844
254434, 8844
19152, 8779
73831, 8779
118464, 8779
233385, 8779
262621, 8779
216315, 8773
61334, 8740
115305, 8740
184868, 8740
188706, 8740
420, 8721
288763, 8710
210112, 8695
65836, 8660
213550, 8660
48823, 8659
138027, 8659
53996, 8638
74919, 8638
114844, 8638
154505, 8638
185287, 8635
193994, 8611
269798, 8611
34351, 8582
76059, 8570
24760, 8548
35533, 8548
55987, 8548
112018, 8548
135373, 8548
159276, 8548
279461, 8538
27508, 8533
73639, 8533
132084, 8533
205248, 8533
270159, 8533
36681, 8521
75213, 8516
90152, 8516
120078, 8516
62015, 8514
84095, 8514
95428, 8514
118319, 8514
143492, 8514
37534, 8505
91175, 8505
129441, 8505
7963, 8504
78785, 8503
200541, 8503
268627, 8503
31307, 8496
176545, 8496
109385, 8493
179430, 8493
198818, 8493
50919, 8482
129218, 8482
271150, 8482
65808, 8450
34309, 8427
238419, 8423
39840, 8400
63303, 8400
266494, 8377
197336, 8368
229113, 8368
210859, 8329
88680, 8323
55470, 8277
187637, 8277
252910, 8247
77759, 8222
119503, 8222
247276, 8222
67630, 8215
225538, 8215
175468, 8198
193377, 8198
100201, 8176
111253, 8150
25687, 8125
68683, 8081
123998, 8073
14511, 8051
80147, 8046
21530, 8034
26322, 8034
95385, 8034
124241, 8034
143055, 8034
196687, 8011
157298, 7993
43599, 7964
62396, 7964
212985, 7964
125923, 7951
180608, 7951
218409, 7951
59467, 7921
14926, 7890
47377, 7883
154306, 7860
176857, 7860
222654, 7860
13686, 7850
18992, 7850
135662, 7850
51253, 7833
65855, 7833
154819, 7833
99148, 7830
267712, 7830
195229, 7803
135526, 7783
69111, 7771
51257, 7727
41787, 7718
61855, 7655
156711, 7655
52215, 7641
96360, 7624
100441, 7624
18857, 7572
185689, 7572
134684, 7564
168056, 7541
146778, 7537
64748, 7509
50194, 7501
121194, 7501
158929, 7501
238636, 7501
275015, 7501
109098, 7497
29519, 7455
31614, 7449
215101, 7449
220541, 7449
251372, 7449
261131, 7449
85373, 7432
144779, 7432
91212, 7421
98244, 7421
56518, 7390
82277, 7390
100878, 7390
156078, 7362
91083, 7340
96196, 7340
196513, 7340
200534, 7338
212054, 7338
88351, 7308
49712, 7297
146944, 7297
79696, 7183
197630, 7183
167676, 7168
231923, 7168
99428, 7136
93988, 7113
102334, 7113
158714, 7080
185001, 7080
64712, 7064
162075, 7064
100442, 7055
261337, 7055
192840, 7045
251871, 7045
39995, 7042
78110, 7037
283870, 7037
158117, 7024
52336, 6960
157003, 6951
288600, 6951
154847, 6948
31348, 6904
294095, 6903
267381, 6874
13284, 6872
199684, 6872
118216, 6836
161649, 6836
44176, 6819
78256, 6740
159264, 6719
69382, 6684
100006, 6684
115634, 6684
102015, 6663
109581, 6663
245303, 6663
80335, 6654
123453, 6634
41071, 6606
189786, 6587
148080, 6584
158342, 6584
109630, 6577
253698, 6577
83818, 6556
89140, 6556
169937, 6552
190238, 6552
252181, 6538
287650, 6528
41126, 6527
81826, 6527
136257, 6527
155800, 6527
69692, 6517
150470, 6517
60471, 6510
212938, 6510
141504, 6501
164752, 6501
275414, 6501
293599, 6501
226430, 6489
117724, 6475
199609, 6475
281649, 6475
96095, 6469
138799, 6467
51747, 6466
57586, 6456
248623, 6456
48175, 6452
138654, 6452
56017, 6443
79369, 6441
233994, 6441
255925, 6441
283381, 6441
282520, 6424
284332, 6424
81454, 6422
107656, 6406
161326, 6406
220063, 6406
49374, 6398
78338, 6392
229585, 6392
8386, 6387
126740, 6367
157259, 6367
15321, 6365
32527, 6365
165544, 6357
278576, 6357
119185, 6333
84753, 6329
16573, 6318
41789, 6318
164237, 6317
165320, 6313
280888, 6313
282733, 6313
61694, 6311
73925, 6311
119845, 6307
50365, 6306
74908, 6306
151795, 6306
187456, 6306
71125, 6301
257513, 6298
83942, 6294
80457, 6293
114598, 6293
87682, 6288
221276, 6288
284773, 6288
147485, 6278
92726, 6276
189444, 6276
280925, 6276
90260, 6274
182301, 6269
227129, 6269
275620, 6257
25201, 6251
58457, 6251
164681, 6251
75244, 6250
118536, 6246
295410, 6246
102583, 6232
136201, 6232
161187, 6232
267155, 6230
143782, 6220
58284, 6218
98763, 6218
217964, 6218
18215, 6192
98848, 6192
73227, 6190
229173, 6190
244753, 6190
161468, 6185
287963, 6177
108981, 6175
170448, 6168
23125, 6166
178392, 6166
173832, 6161
54657, 6150
70270, 6150
76282, 6150
166782, 6150
68775, 6149
226710, 6149
111173, 6141
111462, 6141
130577, 6141
163937, 6141
212856, 6141
223195, 6141
283800, 6141
14353, 6140
119187, 6139
185305, 6135
238097, 6129
23608, 6127
65314, 6122
246910, 6122
278652, 6122
80595, 6121
17553, 6119
37274, 6110
180487, 6110
208261, 6110
281692, 6110
17800, 6098
13914, 6094
189138, 6094
236312, 6094
254391, 6080
108490, 6074
251936, 6074
282048, 6074
30723, 6069
87224, 6069
212868, 6069
51569, 6039
62932, 6039
129372, 6039
184250, 6039
69303, 6034
135177, 6025
172871, 6024
88279, 6013
236295, 6010
280321, 6010
291267, 6010
31733, 6003
34983, 6003
77218, 6003
168919, 6003
179396, 6003
67886, 6000
128296, 5998
85739, 5997
78647, 5995
27048, 5989
28484, 5989
135400, 5989
249594, 5989
275474, 5989
69838, 5984
180843, 5984
61002, 5978
106713, 5978
141478, 5978
213127, 5978
217303, 5978
233870, 5978
244840, 5978
252437, 5978
134663, 5968
147197, 5968
144623, 5960
188174, 5960
15266, 5949
259250, 5949
78145, 5948
239972, 5948
19927, 5946
209803, 5946
55424, 5943
82316, 5943
97162, 5943
166116, 5943
175229, 5943
277367, 5943
36810, 5939
33250, 5930
83134, 5921
40193, 5913
291780, 5910
23731, 5907
136462, 5907
196415, 5907
287856, 5907
83315, 5905
250358, 5905
99019, 5899
114966, 5899
135123, 5899
156737, 5899
85710, 5898
134383, 5898
186846, 5898
126909, 5896
23797, 5895
107389, 5895
292382, 5895
121011, 5888
62898, 5887
160839, 5885
56877, 5883
197811, 5883
293026, 5883
43941, 5882
65034, 5882
71712, 5880
99636, 5870
205790, 5870
237904, 5870
279959, 5870
26261, 5868
200502, 5868
215938, 5867
136316, 5864
137361, 5864
145271, 5864
22038, 5859
94495, 5859
123857, 5859
143388, 5859
128417, 5858
97092, 5857
26589, 5849
173886, 5849
259299, 5847
22240, 5842
72815, 5842
37322, 5841
59052, 5841
100849, 5841
154261, 5841
241379, 5841
292517, 5841
9916, 5837
144946, 5835
286922, 5835
27927, 5834
98837, 5829
151766, 5829
280148, 5829
16987, 5824
105934, 5824
67803, 5816
81842, 5811
251859, 5787
126474, 5775
6081, 5773
175089, 5773
266964, 5773
247108, 5766
122232, 5763
6803, 5762
112624, 5762
278161, 5761
67340, 5759
288224, 5753
68074, 5751
124725, 5751
26392, 5742
214385, 5742
234015, 5742
74683, 5736
74333, 5734
84783, 5734
106686, 5734
171711, 5734
182358, 5734
247049, 5734
35054, 5729
70055, 5729
102339, 5729
130901, 5729
145843, 5729
260371, 5729
54120, 5726
205915, 5726
106466, 5721
123590, 5721
48477, 5720
127308, 5710
223316, 5705
226629, 5705
39655, 5688
98570, 5688
63694, 5683
60526, 5672
13377, 5670
84844, 5670
265046, 5670
187261, 5664
200902, 5664
124207, 5653
41435, 5649
184453, 5649
262287, 5649
78218, 5647
98902, 5645
25890, 5644
121986, 5632
239625, 5625
136488, 5620
247423, 5620
101760, 5609
110129, 5608
2918, 5604
47624, 5604
64886, 5604
131174, 5604
96324, 5598
1160, 5589
189530, 5589
62128, 5585
117674, 5585
69201, 5561
14159, 5560
150644, 5560
18290, 5552
60959, 5552
281282, 5552
34451, 5528
100640, 5528
288660, 5528
42354, 5527
193475, 5527
216704, 5527
63859, 5525
278348, 5525
140858, 5523
256409, 5523
261773, 5521
112640, 5501
32920, 5497
250022, 5497
217149, 5494
163229, 5490
88938, 5485
211767, 5483
268327, 5483
143527, 5473
7427, 5449
107691, 5449
177583, 5444
284557, 5444
31948, 5421
260031, 5419
193268, 5412
119331, 5403
81493, 5387
162515, 5387
185947, 5387
134988, 5380
159251, 5380
135320, 5379
22594, 5355
70794, 5347
288197, 5347
24731, 5335
143441, 5335
256791, 5335
87165, 5331
96969, 5331
154994, 5331
292891, 5330
206347, 5322
47039, 5320
49244, 5320
261675, 5320
209902, 5315
97288, 5303
168454, 5303
150813, 5301
38501, 5294
92834, 5294
268345, 5292
18682, 5291
86197, 5291
186463, 5291
255922, 5291
76759, 5281
214967, 5279
49035, 5269
200026, 5263
57028, 5249
62326, 5241
72272, 5241
78692, 5241
84515, 5241
37339, 5240
141364, 5227
226005, 5225
30212, 5206
212322, 5192
160746, 5179
33313, 5163
110763, 5157
18640, 5141
195875, 5141
13671, 5128
88042, 5128
165759, 5128
199681, 5128
135334, 5127
140094, 5127
46563, 5121
11288, 5102
66428, 5094
132484, 5081
266449, 5081
37937, 5067
102078, 5066
10909, 5050
71752, 5050
106739, 5050
113974, 5050
178936, 5050
12417, 5043
96256, 5043
20604, 5034
65715, 5032
205016, 5030
264911, 5026
22760, 5024
202823, 5024
47604, 5021
149868, 5019
59343, 5015
117357, 5015
242497, 5015
27687, 5010
246305, 5010
262764, 5010
296566, 5010
220734, 5007
151322, 5006
134068, 5003
11425, 4997
168610, 4997
242813, 4994
42332, 4991
102244, 4991
145377, 4991
104307, 4971
105825, 4971
162366, 4971
268334, 4971
116285, 4968
5931, 4965
174858, 4965
219762, 4965
164683, 4960
55215, 4941
106193, 4938
68762, 4936
186903, 4936
208304, 4936
98306, 4932
137688, 4932
213759, 4932
285149, 4920
209129, 4915
20519, 4912
20688, 4912
163300, 4912
99421, 4910
102662, 4901
278025, 4901
179932, 4898
150444, 4891
243854, 4873
42907, 4862
129908, 4862
240089, 4860
263760, 4855
283905, 4855
56862, 4846
231333, 4846
70303, 4832
102106, 4832
194131, 4832
208138, 4832
128684, 4816
116479, 4806
112830, 4804
240609, 4804
24418, 4800
99632, 4800
101096, 4800
57338, 4794
78031, 4794
152522, 4794
184661, 4794
65292, 4787
75436, 4787
63043, 4786
71694, 4786
193396, 4786
62672, 4785
185351, 4785
35665, 4781
86761, 4780
107229, 4780
217898, 4772
42009, 4770
127024, 4770
36532, 4768
147425, 4768
36659, 4764
38059, 4764
41650, 4764
57367, 4764
176814, 4764
145521, 4763
162547, 4763
22791, 4760
53697, 4758
25174, 4749
276723, 4749
88480, 4746
47414, 4745
113728, 4745
171382, 4745
67822, 4741
172538, 4741
241127, 4741
45339, 4737
70434, 4737
202922, 4729
47080, 4727
123828, 4727
127663, 4727
128626, 4727
278614, 4727
28022, 4725
54128, 4725
122497, 4721
193369, 4721
194243, 4721
120661, 4720
194115, 4720
209292, 4720
21545, 4701
205733, 4701
106986, 4691
100869, 4688
126443, 4688
213471, 4686
192160, 4684
146198, 4675
150933, 4675
193747, 4675
200547, 4671
249490, 4654
129390, 4653
248731, 4653
156972, 4642
3079, 4641
40721, 4635
213282, 4633
31327, 4631
43833, 4620
134608, 4620
238387, 4605
19031, 4598
147846, 4597
248763, 4597
169842, 4568
57600, 4567
85344, 4567
4040, 4548
87273, 4548
93394, 4548
163304, 4548
239298, 4548
105951, 4546
91651, 4541
32308, 4532
225748, 4532
52328, 4527
10645, 4524
35684, 4524
37177, 4524
138120, 4524
35504, 4503
180552, 4503
28978, 4486
211707, 4483
88006, 4473
51936, 4466
295259, 4458
59045, 4455
199713, 4455
220876, 4455
134066, 4452
106749, 4448
12101, 4444
191807, 4440
19078, 4436
39945, 4436
100049, 4436
104198, 4436
265068, 4436
66093, 4432
71242, 4431
133071, 4431
162432, 4426
78003, 4421
3824, 4417
66955, 4417
99449, 4417
136216, 4417
92350, 4412
78527, 4404
74312, 4400
117683, 4398
286223, 4398
217051, 4396
46255, 4395
68866, 4395
140325, 4395
263833, 4389
17760, 4387
107275, 4387
200030, 4387
270787, 4387
22915, 4382
99172, 4378
152508, 4378
153967, 4357
36102, 4352
104051, 4351
123841, 4351
56378, 4344
127337, 4344
45870, 4343
54451, 4341
58852, 4341
97430, 4341
28514, 4332
230134, 4332
62830, 4328
211624, 4328
10290, 4321
179358, 4321
90069, 4319
49072, 4302
86496, 4302
276156, 4302
214146, 4300
184376, 4298
18434, 4294
284843, 4294
289124, 4294
107183, 4290
46907, 4289
170654, 4289
172898, 4289
155079, 4271
168301, 4271
6363, 4269
33338, 4269
178885, 4268
226127, 4268
18912, 4246
38135, 4246
284787, 4246
210770, 4244
295811, 4241
122592, 4240
103633, 4239
118883, 4239
285860, 4239
54795, 4236
265819, 4236
223715, 4230
52535, 4213
53952, 4213
276462, 4213
23096, 4211
77767, 4211
270985, 4211
93035, 4210
247716, 4210
52997, 4209
60728, 4209
61392, 4209
154536, 4209
46520, 4205
34251, 4204
65283, 4204
86301, 4204
94372, 4204
154923, 4204
33503, 4194
94654, 4194
62173, 4187
55640, 4177
107740, 4177
177342, 4177
45536, 4176
105292, 4176
96268, 4170
176674, 4170
24216, 4149
74846, 4149
197329, 4141
76087, 4126
79730, 4126
33412, 4117
117429, 4117
3347, 4108
25125, 4108
96064, 4108
146068, 4106
120985, 4105
39786, 4100
75589, 4093
80444, 4092
108171, 4092
110756, 4092
220109, 4083
175113, 4065
227578, 4065
255269, 4064
35946, 4060
238618, 4060
73207, 4058
11834, 4054
30435, 4054
30928, 4053
255711, 4053
55109, 4051
31022, 4039
132804, 4039
36081, 4038
203212, 4038
230992, 4038
10693, 4032
246020, 4015
71058, 4011
189676, 4011
88194, 4010
124940, 4010
292863, 4010
43015, 4003
72915, 4003
29392, 4001
125706, 3999
121144, 3984
185116, 3978
105926, 3976
255631, 3959
98882, 3957
248227, 3957
49158, 3944
228419, 3944
31486, 3942
85468, 3942
247071, 3942
112011, 3935
217453, 3935
42729, 3930
77545, 3930
46442, 3925
115755, 3923
255547, 3923
133681, 3909
148606, 3909
39358, 3893
22112, 3890
29888, 3890
222630, 3890
49168, 3877
16025, 3873
86848, 3873
245654, 3873
283479, 3873
109725, 3866
156498, 3865
165321, 3865
238807, 3858
26441, 3857
166707, 3854
227328, 3854
41390, 3849
157683, 3844
236739, 3843
77206, 3824
104635, 3823
101706, 3816
285466, 3816
47429, 3808
57033, 3797
111295, 3796
179628, 3793
254512, 3791
104021, 3790
19092, 3783
36871, 3780
74079, 3780
198221, 3778
262473, 3778
119594, 3775
122872, 3775
103286, 3771
120091, 3760
17711, 3759
51628, 3759
150249, 3759
9185, 3751
50429, 3751
64744, 3751
235927, 3751
258093, 3751
145471, 3750
271465, 3744
40522, 3737
259387, 3731
34023, 3730
141460, 3730
250173, 3730
62652, 3726
17380, 3725
56244, 3725
150290, 3725
158258, 3725
170349, 3722
288270, 3717
141746, 3715
200519, 3715
213720, 3704
35933, 3685
45595, 3684
94100, 3684
169649, 3684
53317, 3682
80409, 3677
71976, 3676
122509, 3676
123070, 3676
172801, 3671
262301, 3669
14011, 3661
32264, 3661
44657, 3661
174027, 3661
21221, 3659
75319, 3657
224822, 3657
100606, 3650
152232, 3650
155499, 3650
199142, 3649
291012, 3642
5952, 3640
92981, 3638
49864, 3630
231915, 3630
212610, 3624
51136, 3622
213102, 3622
84142, 3618
225990, 3615
291405, 3615
206697, 3612
246444, 3608
198840, 3607
17473, 3606
123600, 3606
58966, 3603
163323, 3572
18769, 3569
248410, 3569
34276, 3565
169357, 3557
216351, 3554
278674, 3554
16174, 3552
100039, 3549
51769, 3547
50841, 3537
104851, 3537
134882, 3536
87741, 3533
30409, 3518
56987, 3512
15673, 3511
100413, 3511
114261, 3511
165336, 3511
53515, 3506
65929, 3503
44486, 3501
139889, 3500
257052, 3500
263580, 3500
65872, 3499
4018, 3496
4576, 3496
5040, 3496
5271, 3496
7098, 3496
19950, 3496
20123, 3496
20156, 3496
21674, 3496
24965, 3496
31909, 3496
119304, 3496
125060, 3496
211859, 3496
278868, 3496
283165, 3496
16528, 3480
42839, 3480
104813, 3480
188304, 3480
103480, 3478
276859, 3478
33564, 3476
232070, 3476
180305, 3468
57616, 3465
152017, 3464
130681, 3459
133565, 3459
182230, 3455
20986, 3448
93395, 3448
113491, 3444
74892, 3443
263220, 3441
59164, 3438
17332, 3436
99609, 3432
37195, 3429
44555, 3429
104916, 3427
24803, 3423
159611, 3420
202820, 3420
210007, 3420
16262, 3417
16277, 3417
25476, 3417
27760, 3417
28522, 3417
37290, 3417
38344, 3417
44563, 3417
47992, 3417
51887, 3417
60999, 3417
62534, 3417
69873, 3417
80285, 3417
91043, 3417
134787, 3417
139160, 3417
193409, 3417
200601, 3417
218619, 3417
243772, 3417
245731, 3417
268040, 3417
286032, 3417
290111, 3417
13183, 3413
18518, 3413
23081, 3413
31851, 3413
32908, 3413
40383, 3413
42890, 3413
44306, 3413
48825, 3413
53246, 3413
59376, 3413
60169, 3413
66899, 3413
67457, 3413
69490, 3413
72664, 3413
77970, 3413
81872, 3413
87603, 3413
90236, 3413
91330, 3413
92944, 3413
94594, 3413
94750, 3413
114735, 3413
116164, 3413
116786, 3413
117265, 3413
127962, 3413
138597, 3413
139448, 3413
143867, 3413
151705, 3413
154125, 3413
157829, 3413
160194, 3413
161941, 3413
199090, 3413
208592, 3413
213924, 3413
250820, 3413
255292, 3413
263667, 3413
137259, 3391
161416, 3391
208118, 3381
130356, 3380
130298, 3371
242577, 3371
258512, 3362
163264, 3360
182069, 3360
190975, 3360
208244, 3347
204813, 3345
31002, 3329
79350, 3329
44752, 3328
89931, 3328
97015, 3328
124595, 3328
127475, 3328
135683, 3328
137985, 3328
172687, 3328
173483, 3328
261064, 3328
262682, 3328
282310, 3328
73362, 3325
246460, 3324
3, 3313
3050, 3312
40865, 3312
66139, 3312
67655, 3312
219226, 3312
223066, 3312
32492, 3311
149387, 3311
151492, 3311
163628, 3311
228391, 3311
261739, 3311
45989, 3309
281974, 3309
28311, 3308
33116, 3308
70506, 3308
281541, 3308
219292, 3307
231061, 3305
96415, 3297
78288, 3292
57663, 3288
102770, 3288
240095, 3288
47801, 3287
82622, 3287
109076, 3286
29984, 3270
104144, 3270
77043, 3268
19666, 3267
86498, 3267
148036, 3267
41327, 3265
72471, 3265
60633, 3261
186595, 3261
7617, 3260
227583, 3260
85388, 3259
93772, 3259
239580, 3259
23788, 3255
36433, 3255
19036, 3248
29025, 3248
31032, 3248
42690, 3248
56132, 3248
65573, 3248
85406, 3248
85653, 3248
86923, 3248
98225, 3248
120818, 3248
122067, 3248
134377, 3248
139156, 3248
141489, 3248
188849, 3248
218907, 3248
220223, 3248
230299, 3248
246654, 3248
288226, 3248
52442, 3240
93290, 3240
148800, 3240
277667, 3233
13500, 3232
17583, 3232
19130, 3232
26348, 3232
31533, 3232
38470, 3232
43863, 3232
55466, 3232
61682, 3232
64521, 3232
76056, 3232
85078, 3232
95110, 3232
118868, 3232
128059, 3232
130428, 3232
155518, 3232
166977, 3232
176629, 3232
183833, 3232
184225, 3232
184228, 3232
184570, 3232
255717, 3232
258274, 3232
90368, 3231
77659, 3227
22011, 3222
7702, 3221
206365, 3215
103579, 3212
127270, 3212
11887, 3209
32448, 3208
147339, 3208
152279, 3208
47756, 3204
65478, 3204
201358, 3204
41897, 3202
68478, 3202
82021, 3202
91093, 3202
107467, 3202
137253, 3202
148661, 3202
215185, 3202
220801, 3202
244620, 3202
276413, 3202
292003, 3202
144746, 3200
46572, 3197
240676, 3197
66507, 3196
162610, 3196
139756, 3185
21711, 3174
83780, 3173
48396, 3166
132942, 3166
293518, 3165
25644, 3163
26797, 3163
30068, 3163
39076, 3163
41551, 3163
66040, 3163
69232, 3163
82760, 3163
124273, 3163
128380, 3163
165916, 3163
166749, 3163
178127, 3163
185085, 3163
193531, 3163
200585, 3163
204263, 3163
209824, 3163
210125, 3163
219427, 3163
226182, 3163
251819, 3163
214221, 3157
186820, 3156
27896, 3140
91208, 3137
271988, 3136
178051, 3128
288761, 3128
251, 3118
20275, 3118
23627, 3118
155348, 3118
167574, 3118
277416, 3116
110162, 3115
131616, 3115
194408, 3115
10886, 3113
15610, 3113
46871, 3109
219194, 3109
255082, 3109
10263, 3103
208870, 3103
225905, 3103
293927, 3103
176939, 3100
293385, 3099
27037, 3096
47834, 3093
162871, 3093
21863, 3090
81525, 3090
192166, 3087
43734, 3085
139068, 3085
57735, 3084
20649, 3083
5780, 3082
12729, 3082
80719, 3082
103472, 3073
80510, 3072
279366, 3070
294, 3067
15458, 3067
49407, 3067
51483, 3067
59461, 3067
88168, 3067
184609, 3067
12730, 3065
20407, 3065
118832, 3065
168526, 3065
245710, 3065
70297, 3064
84643, 3064
165972, 3051
33830, 3047
80885, 3047
107119, 3047
83769, 3042
79158, 3038
91423, 3038
132334, 3035
278555, 3035
41036, 3034
23813, 3033
62490, 3033
262308, 3033
273067, 3031
56267, 3028
85365, 3027
247948, 3027
46933, 3023
68136, 3023
127018, 3023
102879, 3019
56107, 3014
126049, 3014
17232, 3013
41250, 3013
54025, 3013
103557, 3013
37758, 3011
51435, 3011
221202, 3011
161595, 3006
224481, 3006
17718, 3005
248440, 2998
59814, 2996
167555, 2996
177452, 2996
197708, 2996
184669, 2994
73974, 2991
202866, 2979
211870, 2979
218629, 2979
112165, 2973
154211, 2973
13217, 2971
190842, 2971
273829, 2971
75100, 2962
246430, 2962
216076, 2959
137089, 2954
126160, 2943
37018, 2939
41633, 2939
45726, 2939
253487, 2939
130977, 2937
156987, 2937
12430, 2934
36240, 2934
189970, 2934
276522, 2934
166922, 2923
11537, 2922
252743, 2922
132563, 2917
162553, 2917
209770, 2917
141965, 2914
45994, 2906
23519, 2904
74349, 2901
86847, 2901
125644, 2896
98679, 2887
185272, 2887
28897, 2883
15655, 2882
23288, 2882
146720, 2882
102320, 2876
201579, 2869
204168, 2869
267678, 2869
193815, 2868
21949, 2865
211909, 2864
261584, 2864
283714, 2864
223059, 2846
134128, 2842
110505, 2841
126021, 2839
154951, 2830
217980, 2830
276844, 2830
200290, 2829
125145, 2828
84984, 2827
209912, 2825
89177, 2823
126097, 2823
94213, 2815
196120, 2813
11434, 2812
204685, 2811
32817, 2808
216280, 2805
25384, 2801
40684, 2801
45925, 2801
199869, 2801
237401, 2797
161843, 2793
27161, 2792
55901, 2790
255546, 2789
205244, 2782
11831, 2781
99347, 2781
276997, 2770
230312, 2763
132514, 2755
71339, 2746
92917, 2741
27663, 2740
18923, 2730
292793, 2730
75287, 2729
136577, 2727
38272, 2720
287843, 2720
55411, 2717
24783, 2715
262337, 2715
51983, 2713
292608, 2711
234264, 2709
15970, 2707
109508, 2706
7441, 2705
33683, 2705
40431, 2705
168664, 2705
93369, 2696
90114, 2684
6511, 2681
13238, 2681
40232, 2681
42015, 2679
253214, 2679
205659, 2678
25513, 2676
167681, 2672
170438, 2672
57765, 2666
173134, 2666
20504, 2661
141797, 2657
3029, 2656
156500, 2651
163051, 2651
283128, 2649
68623, 2648
222083, 2648
69895, 2645
176486, 2641
204610, 2641
90940, 2638
27668, 2635
86533, 2630
191430, 2630
78661, 2628
32849, 2626
116652, 2623
92786, 2621
182809, 2620
160169, 2615
2593, 2614
24171, 2614
44283, 2614
58702, 2614
72288, 2614
238223, 2614
134942, 2613
258328, 2611
76762, 2610
286753, 2610
16932, 2608
188100, 2608
204775, 2608
209693, 2608
234849, 2608
54541, 2607
225771, 2607
109626, 2597
63512, 2589
174445, 2589
204126, 2589
3866, 2588
30085, 2588
35788, 2588
54376, 2588
183488, 2588
63337, 2585
27261, 2584
282051, 2582
129053, 2580
68745, 2575
234144, 2573
279612, 2571
255862, 2565
195580, 2563
126068, 2562
139882, 2562
214022, 2562
293414, 2562
254529, 2558
25719, 2555
29682, 2554
24726, 2553
34223, 2553
44699, 2553
240380, 2553
253646, 2553
229558, 2549
18626, 2544
146910, 2534
26665, 2531
263073, 2530
187480, 2528
217731, 2528
5611, 2526
74964, 2524
78607, 2524
105554, 2524
167136, 2521
67781, 2520
87153, 2520
93507, 2520
20378, 2518
220649, 2518
23356, 2517
55308, 2517
72332, 2517
37554, 2508
104073, 2503
290496, 2502
48609, 2496
90682, 2494
196196, 2494
97787, 2493
81743, 2492
110821, 2490
104070, 2486
34881, 2483
168251, 2468
157161, 2466
77060, 2465
276893, 2465
39346, 2463
67013, 2461
99610, 2458
180737, 2457
201816, 2453
152557, 2450
49498, 2446
57641, 2444
27168, 2439
138859, 2439
16138, 2438
27798, 2438
60093, 2438
82528, 2438
150997, 2438
194937, 2438
293396, 2438
82221, 2435
249585, 2434
131195, 2426
2257, 2424
49033, 2424
241235, 2423
142572, 2422
181371, 2419
258567, 2416
38611, 2414
7034, 2406
7676, 2406
55069, 2406
63228, 2406
64268, 2406
80878, 2406
93343, 2406
123563, 2402
175826, 2402
10481, 2396
49215, 2396
96194, 2395
84334, 2386
247876, 2378
82101, 2374
78044, 2370
82643, 2368
95591, 2368
156524, 2368
62322, 2367
242692, 2365
64783, 2363
101663, 2360
189684, 2360
20576, 2359
49904, 2355
105004, 2355
230630, 2353
39988, 2351
214931, 2351
162246, 2348
209823, 2348
22605, 2345
231740, 2343
2240, 2341
35535, 2336
113757, 2336
140639, 2336
52285, 2335
235856, 2335
106070, 2332
215423, 2330
56114, 2328
126537, 2320
50268, 2318
160001, 2318
117061, 2309
93093, 2307
142738, 2307
121163, 2305
189567, 2302
45229, 2300
69562, 2300
56919, 2297
78232, 2297
191451, 2295
15957, 2289
40188, 2289
246325, 2289
265920, 2289
41159, 2287
77563, 2287
272813, 2283
28041, 2280
45325, 2280
61138, 2280
155393, 2280
7418, 2279
258727, 2279
52263, 2278
198724, 2272
143539, 2271
40421, 2270
292270, 2270
13557, 2268
57510, 2268
68212, 2268
93501, 2268
129171, 2268
93243, 2264
118177, 2264
199007, 2263
172046, 2260
256421, 2260
281896, 2260
286270, 2260
137910, 2246
188899, 2246
51457, 2242
34967, 2240
54775, 2240
162391, 2240
128274, 2239
31088, 2238
270913, 2232
28666, 2229
62900, 2229
78809, 2229
140296, 2229
142181, 2229
24341, 2228
25544, 2228
180248, 2210
155061, 2205
227845, 2205
90384, 2197
204118, 2195
185814, 2189
80522, 2184
258192, 2180
84631, 2175
179263, 2175
185691, 2175
176694, 2173
18605, 2172
19574, 2172
69756, 2172
257575, 2172
90341, 2171
218555, 2171
108666, 2170
16960, 2169
85448, 2166
121472, 2164
66792, 2161
105498, 2158
67755, 2156
35950, 2155
168707, 2155
183759, 2155
206043, 2155
294472, 2155
93494, 2151
107848, 2149
156224, 2149
47077, 2146
105562, 2146
64780, 2144
28802, 2142
109658, 2142
43102, 2140
144538, 2140
263002, 2140
246000, 2139
44323, 2137
48252, 2137
119734, 2137
189571, 2137
43683, 2136
183173, 2136
98691, 2134
153961, 2134
72789, 2131
89211, 2131
60620, 2122
151979, 2122
34335, 2115
106985, 2115
139714, 2115
203008, 2115
41350, 2114
49892, 2110
216808, 2105
135877, 2102
282564, 2100
63349, 2099
58866, 2098
271316, 2098
281573, 2098
155572, 2097
228902, 2095
262239, 2094
224721, 2091
19096, 2089
21648, 2089
276835, 2089
235691, 2087
111151, 2086
193695, 2076
256243, 2076
50347, 2075
137204, 2075
34327, 2070
43970, 2070
75778, 2070
183470, 2070
259291, 2070
197641, 2069
46333, 2068
31086, 2065
84104, 2065
295900, 2065
124672, 2060
170131, 2060
262841, 2060
70574, 2052
227250, 2052
43953, 2048
146755, 2047
85936, 2046
166604, 2045
175182, 2045
246450, 2045
277322, 2045
264681, 2044
25609, 2043
114965, 2043
130762, 2043
154476, 2043
43583, 2042
64287, 2042
284837, 2042
217452, 2039
36286, 2036
76541, 2035
163061, 2035
210119, 2034
191948, 2025
266258, 2025
278701, 2025
132890, 2022
154244, 2022
178571, 2022
125068, 2021
9994, 2019
59747, 2017
125958, 2017
242648, 2017
104126, 2015
252124, 2004
55217, 2002
15087, 1988
42866, 1985
144088, 1985
26697, 1984
164351, 1984
178679, 1984
230015, 1984
203622, 1981
210199, 1981
119816, 1976
21294, 1975
30586, 1975
31189, 1974
96301, 1973
245457, 1973
12694, 1972
17342, 1972
36642, 1972
204280, 1972
243387, 1972
255737, 1972
48081, 1971
191164, 1971
62177, 1965
65031, 1965
131435, 1965
195401, 1965
55401, 1964
41881, 1962
100814, 1962
148614, 1961
197703, 1961
202811, 1961
39142, 1957
109062, 1957
142577, 1957
10030, 1956
10241, 1956
12137, 1956
22289, 1956
64829, 1956
71559, 1956
104241, 1956
113466, 1956
126661, 1956
258749, 1956
70467, 1955
200789, 1954
38786, 1951
189365, 1951
79745, 1950
266974, 1950
10979, 1945
100217, 1945
168373, 1944
249856, 1942
187894, 1940
272186, 1940
38381, 1935
63293, 1930
24692, 1929
249151, 1928
115567, 1925
202729, 1923
235121, 1923
228346, 1920
91730, 1919
212882, 1919
20578, 1917
23114, 1915
103482, 1912
103495, 1912
36321, 1910
29790, 1909
52916, 1906
206444, 1904
252974, 1904
268333, 1904
174846, 1901
227978, 1901
203677, 1899
42096, 1897
21007, 1896
175086, 1896
177752, 1896
198649, 1896
209265, 1896
217887, 1896
250860, 1896
273361, 1896
80888, 1893
31569, 1891
119568, 1891
136166, 1891
20960, 1890
25744, 1890
156583, 1890
30625, 1889
34567, 1889
37169, 1889
55136, 1889
57342, 1885
208926, 1885
19691, 1881
7356, 1880
45376, 1878
138237, 1876
11412, 1875
55885, 1874
158190, 1874
52, 1873
207897, 1873
39745, 1871
180751, 1871
218515, 1870
239884, 1870
248962, 1870
253524, 1870
251325, 1869
126318, 1866
146684, 1866
148470, 1866
160578, 1866
161830, 1866
165019, 1866
165397, 1866
201330, 1866
202671, 1866
233346, 1866
245283, 1866
245903, 1866
263500, 1866
31722, 1863
53634, 1863
54239, 1863
58202, 1861
42620, 1860
30261, 1859
70016, 1857
268815, 1857
1725, 1855
35245, 1851
51265, 1849
140268, 1849
195773, 1849
250764, 1849
75415, 1848
97026, 1847
172826, 1845
190802, 1845
280143, 1845
124922, 1843
274016, 1843
7387, 1842
9747, 1842
19676, 1842
58592, 1842
79414, 1842
84205, 1842
152405, 1842
175991, 1842
100005, 1838
118993, 1838
18334, 1834
45896, 1834
48105, 1834
88681, 1834
89313, 1834
201665, 1834
276170, 1834
39388, 1833
55877, 1833
62952, 1833
72320, 1833
83247, 1833
49172, 1832
35267, 1831
76930, 1831
117516, 1831
289530, 1831
38301, 1830
48947, 1830
54970, 1830
64153, 1830
35826, 1829
27900, 1826
170150, 1826
238120, 1826
266542, 1821
54113, 1820
58090, 1820
58255, 1820
64867, 1820
66788, 1820
67709, 1820
79228, 1820
92187, 1820
94659, 1820
96958, 1820
97022, 1820
106591, 1820
36714, 1818
47823, 1817
17028, 1816
49253, 1815
60270, 1815
64577, 1813
106735, 1813
192307, 1813
28537, 1811
159430, 1811
266965, 1810
118984, 1808
7040, 1807
261452, 1806
79052, 1800
105315, 1800
157332, 1800
186325, 1800
198601, 1800
220618, 1800
47342, 1799
6379, 1798
279599, 1797
75234, 1795
84263, 1795
84873, 1795
126084, 1795
130854, 1795
136012, 1795
153812, 1795
236790, 1795
64255, 1794
19365, 1791
43186, 1791
174282, 1791
48197, 1788
276403, 1788
36851, 1781
75384, 1781
52103, 1780
294891, 1780
201258, 1779
203962, 1779
13403, 1777
87903, 1777
99962, 1777
114817, 1777
52163, 1775
128084, 1775
105324, 1773
33873, 1772
114176, 1772
5395, 1771
179667, 1771
258991, 1771
295050, 1771
81363, 1769
17597, 1767
164479, 1767
294482, 1767
50250, 1765
7649, 1762
31612, 1762
40998, 1762
44960, 1762
48983, 1762
56304, 1762
96905, 1762
107078, 1762
282602, 1761
72569, 1759
104629, 1759
133070, 1759
202342, 1759
44157, 1758
266375, 1756
29557, 1753
33376, 1752
55095, 1751
179565, 1751
66985, 1750
280910, 1745
28605, 1743
196815, 1743
81005, 1742
279622, 1739
4524, 1738
27443, 1737
98676, 1737
54233, 1732
196423, 1732
231435, 1732
290945, 1730
26298, 1729
47667, 1729
70034, 1729
219975, 1729
231419, 1729
295977, 1729
125855, 1727
219091, 1727
266145, 1727
61606, 1726
16937, 1720
26342, 1720
71807, 1720
84353, 1720
185680, 1720
275490, 1720
110378, 1719
206580, 1719
40466, 1718
292962, 1717
12156, 1716
111430, 1715
83003, 1714
211376, 1714
214231, 1714
246952, 1714
271046, 1714
51846, 1713
248347, 1713
266861, 1713
18273, 1711
21884, 1711
31847, 1710
26848, 1709
38722, 1709
155126, 1709
192988, 1709
258412, 1709
45804, 1708
55830, 1708
147910, 1708
17980, 1707
39873, 1707
150882, 1707
20552, 1705
38506, 1705
42950, 1705
127321, 1705
6660, 1704
16212, 1704
73767, 1704
94446, 1704
204000, 1704
89960, 1701
162662, 1701
117623, 1700
204572, 1700
16070, 1699
22825, 1699
69093, 1699
191986, 1698
172194, 1697
190849, 1696
196309, 1696
6145, 1694
15153, 1694
70381, 1694
73305, 1694
81284, 1694
106140, 1694
127697, 1694
221143, 1694
135946, 1693
43942, 1692
96158, 1692
103471, 1692
285290, 1692
275989, 1691
50210, 1690
243377, 1690
119659, 1688
146571, 1688
149398, 1688
150021, 1688
173811, 1688
195468, 1688
126718, 1687
270750, 1687
286218, 1687
31428, 1686
37551, 1686
55795, 1686
174257, 1686
251357, 1686
271344, 1686
75699, 1685
11199, 1684
88225, 1683
246168, 1682
89546, 1680
149354, 1678
161473, 1678
196734, 1678
14013, 1677
125642, 1677
206052, 1677
276278, 1676
127796, 1675
201548, 1675
122224, 1674
231738, 1674
125027, 1673
209137, 1673
112057, 1671
170338, 1671
6853, 1670
29473, 1669
58102, 1669
91870, 1669
97256, 1669
259874, 1669
289539, 1669
33885, 1668
76327, 1668
146622, 1668
157966, 1668
255061, 1666
285648, 1665
64414, 1664
138162, 1664
64872, 1663
70786, 1663
72386, 1663
110623, 1663
129016, 1663
69042, 1662
75709, 1662
78222, 1662
85707, 1662
115466, 1662
115891, 1662
33080, 1661
40315, 1661
44172, 1661
52508, 1661
59108, 1661
59349, 1661
67537, 1661
90515, 1661
96625, 1661
6054, 1660
92015, 1660
291802, 1660
8943, 1659
13509, 1659
68833, 1659
147543, 1659
177092, 1659
284175, 1659
20736, 1658
182272, 1658
12927, 1657
87375, 1657
13362, 1656
136540, 1656
119651, 1655
96172, 1654
15761, 1652
108830, 1652
169656, 1652
230231, 1652
238406, 1652
263656, 1652
7878, 1651
7939, 1651
30920, 1650
34842, 1650
98956, 1650
32577, 1649
183430, 1649
290794, 1649
74219, 1648
9580, 1647
136569, 1647
136794, 1644
282386, 1644
24274, 1643
101858, 1643
131835, 1643
185726, 1643
290124, 1643
293736, 1643
58378, 1642
21035, 1641
22928, 1641
66126, 1641
68696, 1641
104512, 1641
118690, 1641
67675, 1640
139395, 1640
4677, 1639
16721, 1639
74885, 1639
77332, 1639
115898, 1639
281397, 1639
16522, 1638
41430, 1638
42881, 1638
43122, 1638
87649, 1638
170863, 1638
182088, 1638
284916, 1638
43688, 1637
47739, 1636
69849, 1636
155418, 1636
5678, 1635
17233, 1635
97952, 1635
112726, 1635
216762, 1635
216820, 1635
13386, 1634
19737, 1634
95168, 1634
219076, 1634
292519, 1634
22222, 1633
37646, 1633
64108, 1633
150663, 1633
173995, 1633
270422, 1633
9447, 1632
23004, 1632
74487, 1632
77501, 1632
12396, 1630
58106, 1630
413, 1629
145902, 1629
232262, 1629
25323, 1628
67075, 1628
76178, 1628
106212, 1628
191035, 1628
204156, 1628
279143, 1628
21456, 1627
36699, 1627
42715, 1627
67237, 1627
176713, 1627
242621, 1627
138169, 1626
158176, 1626
7867, 1625
31263, 1625
118148, 1625
33215, 1624
167965, 1624
253178, 1623
62634, 1622
78332, 1622
83562, 1622
100935, 1622
138765, 1622
164354, 1622
15799, 1620
168915, 1619
115365, 1618
115379, 1617
117426, 1617
172854, 1617
8327, 1616
36210, 1616
39982, 1616
59189, 1616
66604, 1616
113128, 1616
147652, 1616
216107, 1616
29947, 1615
136511, 1615
119267, 1614
126502, 1614
254698, 1614
33610, 1613
39179, 1613
40282, 1613
143695, 1613
20467, 1612
78300, 1612
34477, 1611
99647, 1611
125798, 1611
171139, 1611
72039, 1609
143795, 1609
22400, 1606
217653, 1606
292660, 1606
8895, 1604
24962, 1604
27294, 1604
86310, 1604
117470, 1604
155604, 1604
170019, 1604
268710, 1604
274936, 1604
288590, 1604
289361, 1604
78757, 1603
231921, 1603
258147, 1603
25387, 1602
26551, 1602
58334, 1602
65897, 1602
91439, 1602
111545, 1602
175780, 1602
217902, 1602
234599, 1602
262067, 1602
29668, 1601
132819, 1600
150913, 1599
10146, 1598
55169, 1598
74330, 1598
212578, 1598
142697, 1597
16101, 1596
19329, 1596
26072, 1596
71255, 1596
104258, 1596
119948, 1596
242202, 1596
18881, 1595
58166, 1595
60519, 1595
77158, 1595
6884, 1594
24539, 1594
86897, 1594
101647, 1594
115631, 1594
236752, 1594
10874, 1593
32894, 1593
148675, 1592
159421, 1592
58186, 1591
10559, 1590
26998, 1590
58315, 1590
83918, 1590
221570, 1590
256444, 1590
163512, 1589
199678, 1589
229213, 1589
260258, 1589
6936, 1588
84177, 1588
28671, 1586
33881, 1586
113703, 1586
46220, 1585
156184, 1585
64193, 1584
139780, 1584
275042, 1582
205577, 1580
160911, 1579
172605, 1579
82441, 1578
289673, 1577
47836, 1576
49620, 1575
131106, 1575
14614, 1573
39069, 1573
45173, 1573
47778, 1573
210419, 1573
211689, 1573
15133, 1572
60654, 1572
71138, 1572
82286, 1572
104000, 1572
3823, 1571
28137, 1571
80645, 1571
114680, 1571
159582, 1571
263043, 1571
16524, 1570
23764, 1570
19954, 1568
222346, 1568
224302, 1568
135635, 1567
253163, 1566
84650, 1565
8793, 1564
66974, 1564
91976, 1564
130893, 1564
210836, 1562
50488, 1561
68352, 1561
175177, 1561
286160, 1561
87330, 1559
125264, 1559
264426, 1559
2492, 1558
163528, 1558
183206, 1558
228188, 1558
27747, 1557
50479, 1557
61511, 1556
20344, 1555
66410, 1555
128637, 1555
124582, 1554
103174, 1553
170211, 1553
193663, 1553
82735, 1552
86659, 1552
168667, 1552
58708, 1550
79470, 1550
151745, 1550
22556, 1549
48056, 1549
90668, 1549
195415, 1549
294266, 1549
66570, 1547
109488, 1547
4367, 1546
7215, 1546
41020, 1546
69930, 1546
83569, 1546
89050, 1546
188500, 1546
11383, 1544
25454, 1544
69710, 1544
96722, 1544
104304, 1544
20010, 1543
25066, 1543
25853, 1543
27651, 1543
28040, 1543
29742, 1543
43440, 1543
72703, 1543
105253, 1543
1067, 1542
9581, 1542
41038, 1542
72779, 1542
144145, 1542
13591, 1541
29123, 1541
49279, 1541
79711, 1541
121676, 1541
238152, 1541
8374, 1540
168114, 1540
111030, 1539
202089, 1539
47617, 1538
62796, 1538
138293, 1538
6891, 1537
53548, 1537
67700, 1537
48245, 1536
286873, 1536
133292, 1535
133996, 1534
195435, 1534
6722, 1533
27802, 1533
8048, 1532
156436, 1531
40619, 1530
70596, 1530
84503, 1530
15866, 1529
21509, 1529
25095, 1529
25154, 1529
130479, 1529
212042, 1528
15602, 1527
34928, 1527
166323, 1527
16499, 1526
25859, 1526
93411, 1526
124283, 1526
238652, 1526
9643, 1525
292786, 1525
23579, 1524
8939, 1523
221705, 1522
43114, 1521
63224, 1521
120839, 1521
126424, 1521
142485, 1521
142746, 1521
145178, 1521
155390, 1521
254451, 1521
289802, 1521
7546, 1519
49554, 1519
228680, 1519
287816, 1519
62611, 1518
79413, 1518
142756, 1518
217719, 1518
238402, 1518
32385, 1516
51803, 1516
115632, 1516
138990, 1516
159837, 1516
10430, 1515
18843, 1515
123353, 1515
287890, 1513
37230, 1512
85045, 1512
182790, 1512
10895, 1511
16016, 1511
16684, 1511
180971, 1511
59250, 1510
88230, 1510
140196, 1510
247772, 1509
35928, 1507
175213, 1507
126595, 1505
25698, 1504
31572, 1504
61464, 1504
109950, 1504
148480, 1504
191023, 1504
224528, 1504
10441, 1503
28931, 1503
186058, 1502
211562, 1502
6665, 1501
191409, 1501
17306, 1500
26006, 1500
168661, 1500
237640, 1500
72833, 1499
13445, 1498
120369, 1498
261750, 1498
4801, 1497
213268, 1497
232955, 1497
175006, 1496
3558, 1494
41299, 1494
223802, 1494
105659, 1493
133757, 1493
2357, 1492
17326, 1492
32585, 1492
39907, 1492
72099, 1492
119770, 1492
148728, 1492
152957, 1492
290156, 1492
58132, 1491
61195, 1491
137557, 1491
138113, 1491
138278, 1491
12338, 1490
4206, 1489
272004, 1489
38739, 1488
55350, 1488
101763, 1488
111179, 1488
175831, 1488
254583, 1488
15962, 1487
17550, 1485
76103, 1485
196899, 1485
242905, 1485
257106, 1485
28437, 1484
187669, 1484
14575, 1482
28320, 1482
260562, 1482
89073, 1481
163366, 1481
164904, 1481
8420, 1480
16345, 1480
18525, 1480
28238, 1480
32616, 1480
87935, 1480
12429, 1479
13446, 1479
25772, 1479
31886, 1479
96523, 1479
163598, 1479
210598, 1479
34625, 1478
131096, 1478
254605, 1478
60434, 1477
129289, 1477
229375, 1477
272537, 1477
109706, 1476
116844, 1476
13203, 1475
18206, 1475
251712, 1475
32084, 1474
43798, 1474
180774, 1474
275073, 1474
251608, 1473
276780, 1473
89260, 1472
183433, 1471
8085, 1470
202084, 1470
72714, 1469
220757, 1469
6497, 1467
25954, 1467
46181, 1467
48026, 1467
117970, 1467
41284, 1466
48298, 1464
168099, 1464
3890, 1463
30877, 1463
34536, 1463
38780, 1463
67824, 1463
97045, 1463
106970, 1463
154110, 1463
171867, 1463
198961, 1463
291372, 1463
3092, 1462
23006, 1462
286058, 1462
3950, 1461
8575, 1461
38184, 1461
124759, 1461
231608, 1461
259563, 1461
42809, 1460
125368, 1460
276438, 1459
35630, 1458
290091, 1458
27718, 1457
145597, 1457
148648, 1457
273535, 1457
27278, 1456
40525, 1456
45088, 1456
92393, 1456
96270, 1456
120724, 1456
139340, 1456
18213, 1455
94926, 1455
111277, 1455
132573, 1455
9700, 1454
37890, 1454
198373, 1454
277144, 1454
93806, 1453
172737, 1453
175940, 1453
199946, 1453
284001, 1453
288278, 1453
2457, 1452
5453, 1452
13923, 1452
28300, 1452
29927, 1452
61007, 1452
72081, 1452
84372, 1452
111074, 1452
136829, 1452
138554, 1452
196683, 1452
233678, 1452
279374, 1452
287139, 1452
16687, 1451
29974, 1451
32335, 1451
37898, 1451
49211, 1451
113051, 1451
212495, 1451
269002, 1451
42412, 1450
9088, 1448
47978, 1448
65117, 1448
110867, 1448
44270, 1447
50282, 1447
108529, 1446
184922, 1446
11602, 1445
40751, 1445
51189, 1445
66845, 1445
240423, 1445
33033, 1444
233476, 1444
14954, 1443
20117, 1443
46310, 1443
111590, 1443
118672, 1442
193637, 1442
237537, 1442
28894, 1441
56537, 1441
162459, 1441
272437, 1441
286300, 1441
4825, 1440
32868, 1440
42980, 1440
46365, 1440
122427, 1440
219767, 1440
223563, 1440
236940, 1440
261833, 1440
274608, 1440
283323, 1440
221857, 1439
19961, 1438
23205, 1438
43095, 1438
195178, 1438
11980, 1437
54317, 1437
168094, 1437
182139, 1436
30258, 1434
48425, 1434
97817, 1434
163278, 1434
257988, 1434
36138, 1433
72290, 1433
8586, 1432
91731, 1431
234712, 1431
268398, 1431
5946, 1430
31672, 1430
51848, 1430
70886, 1430
80665, 1430
149848, 1430
67930, 1429
265299, 1429
22238, 1428
77810, 1427
80421, 1427
95710, 1427
106494, 1427
280554, 1426
52604, 1425
72704, 1425
115339, 1425
250155, 1425
265905, 1425
68221, 1424
126792, 1424
145720, 1424
33826, 1423
5943, 1422
7632, 1422
15460, 1422
145477, 1421
149359, 1421
286071, 1421
1077, 1420
10123, 1420
26760, 1420
150227, 1420
151240, 1420
164542, 1420
199596, 1420
213950, 1420
237039, 1420
243984, 1420
285495, 1420
10744, 1419
261901, 1419
14643, 1418
15063, 1418
16327, 1418
19009, 1418
29040, 1418
50104, 1418
56117, 1418
100943, 1418
141742, 1418
183493, 1418
201555, 1418
211696, 1418
211852, 1418
241186, 1418
247989, 1418
251075, 1418
264179, 1418
76196, 1417
162512, 1417
163747, 1417
224209, 1417
105997, 1416
110057, 1416
112478, 1416
141666, 1416
220194, 1416
4537, 1415
38125, 1415
41670, 1415
63710, 1414
80524, 1414
121477, 1413
208348, 1413
67750, 1412
220831, 1412
32112, 1411
39758, 1411
72525, 1411
80813, 1411
81033, 1411
102227, 1411
131052, 1411
256632, 1411
14738, 1410
17535, 1410
18566, 1410
19458, 1410
20131, 1410
26599, 1410
34144, 1410
42191, 1410
68029, 1410
68448, 1410
86522, 1410
93295, 1410
122691, 1410
169176, 1410
178658, 1410
284053, 1410
19581, 1409
169277, 1409
236686, 1408
9278, 1407
256532, 1407
8962, 1406
83955, 1406
136187, 1406
165057, 1406
255808, 1406
18033, 1405
20172, 1404
42838, 1404
52411, 1404
75205, 1404
98947, 1404
107118, 1404
121741, 1404
144138, 1404
173325, 1404
265341, 1404
277862, 1404
17767, 1402
232960, 1402
285910, 1402
28767, 1401
65988, 1401
213379, 1401
222945, 1401
28328, 1400
36676, 1400
36840, 1400
43708, 1400
66169, 1400
96930, 1400
111380, 1400
154113, 1400
164498, 1400
204164, 1400
204210, 1400
210145, 1400
213532, 1400
247802, 1400
279525, 1400
279729, 1400
1417, 1399
1446, 1399
1481, 1399
1755, 1399
3913, 1399
4785, 1399
7875, 1399
8288, 1399
11333, 1399
17469, 1399
18059, 1399
18650, 1399
20108, 1399
20875, 1399
22338, 1399
25089, 1399
25957, 1399
37392, 1399
68620, 1399
72911, 1399
83059, 1399
84944, 1399
90185, 1399
93086, 1399
97507, 1399
117541, 1399
123886, 1399
138772, 1399
154887, 1399
159085, 1399
162167, 1399
193295, 1399
202618, 1399
218001, 1399
253247, 1399
96746, 1397
190120, 1397
258800, 1397
263441, 1397
272841, 1397
49934, 1396
66957, 1395
193187, 1395
212923, 1395
29545, 1394
51843, 1393
247634, 1393
253831, 1393
279025, 1393
216775, 1392
30671, 1391
115057, 1391
180095, 1391
21256, 1390
87082, 1390
166450, 1390
185776, 1390
209402, 1390
12627, 1389
121408, 1389
168042, 1389
247425, 1389
28796, 1388
34506, 1388
43370, 1388
217314, 1388
68164, 1387
255233, 1387
40292, 1386
66933, 1386
125736, 1386
273066, 1386
196312, 1385
214830, 1385
296306, 1385
7837, 1384
37272, 1384
50012, 1384
61867, 1384
83262, 1384
195152, 1384
275725, 1384
276659, 1384
26687, 1383
39183, 1383
60872, 1383
69184, 1383
71618, 1383
112911, 1383
127054, 1383
128894, 1383
261899, 1383
269648, 1383
35297, 1382
104373, 1382
131777, 1381
151473, 1381
154185, 1381
255582, 1381
29982, 1380
31190, 1380
36225, 1380
39478, 1380
40809, 1380
45911, 1380
105930, 1380
142053, 1380
220473, 1380
224446, 1378
230125, 1378
246245, 1378
277688, 1378
42572, 1377
149349, 1377
64488, 1376
123377, 1376
262347, 1376
13239, 1375
73927, 1375
94764, 1374
131890, 1373
12774, 1372
52500, 1372
85667, 1372
159335, 1371
271214, 1371
59186, 1370
159537, 1370
37316, 1369
39512, 1369
55551, 1368
76942, 1368
215376, 1368
221503, 1368
271862, 1368
16666, 1367
26740, 1367
27392, 1367
68362, 1367
75330, 1367
98800, 1367
226136, 1367
229389, 1367
53375, 1366
54412, 1366
175787, 1366
270860, 1366
7421, 1365
129310, 1365
291859, 1365
34615, 1364
44877, 1364
85589, 1364
85674, 1364
86314, 1364
86977, 1364
87600, 1364
91693, 1364
91737, 1364
92984, 1364
103279, 1364
105950, 1364
128558, 1364
147376, 1364
180510, 1364
8532, 1363
13146, 1363
15653, 1363
16576, 1363
17179, 1363
18692, 1363
46210, 1363
47743, 1363
48352, 1363
80286, 1363
87657, 1363
29821, 1361
171524, 1361
188108, 1361
224238, 1361
2299, 1359
43360, 1359
53993, 1359
71546, 1359
288262, 1359
5052, 1358
107542, 1358
237578, 1358
4420, 1357
24224, 1357
30685, 1357
34559, 1357
56489, 1357
65306, 1357
71072, 1357
77901, 1357
81451, 1357
110882, 1357
111282, 1357
140316, 1357
144769, 1357
150106, 1357
203543, 1357
205219, 1357
237765, 1357
254280, 1357
293246, 1357
90159, 1356
114187, 1356
143037, 1356
148417, 1356
205739, 1356
239926, 1356
20657, 1355
59222, 1355
67268, 1355
85376, 1355
289973, 1355
375, 1354
20617, 1354
24592, 1354
26768, 1354
35730, 1354
37135, 1354
40932, 1354
45351, 1354
50451, 1354
60933, 1354
61152, 1354
62143, 1354
69592, 1354
71825, 1354
78782, 1354
121760, 1354
148519, 1354
148970, 1354
155088, 1354
158797, 1354
173312, 1354
237994, 1354
255533, 1354
265220, 1354
281081, 1354
327, 1353
51596, 1353
102468, 1353
112110, 1353
159942, 1353
276967, 1353
29095, 1352
159596, 1352
17488, 1351
60820, 1349
224743, 1349
260647, 1349
239167, 1348
107674, 1347
174216, 1347
188864, 1347
18456, 1346
67695, 1346
22108, 1345
87923, 1345
106902, 1345
13287, 1343
83489, 1343
39677, 1342
44441, 1342
86491, 1342
98936, 1342
156546, 1342
13524, 1341
16420, 1341
60950, 1341
119773, 1341
135059, 1341
228362, 1341
280094, 1341
282402, 1341
6906, 1340
21513, 1340
51954, 1340
76791, 1340
98281, 1340
137396, 1340
168147, 1340
168297, 1340
249827, 1340
19877, 1339
29254, 1339
34952, 1339
52339, 1339
76018, 1339
81868, 1339
92775, 1339
110249, 1339
118723, 1339
129439, 1339
148783, 1339
151325, 1339
174078, 1339
181342, 1339
187503, 1339
195729, 1339
203468, 1339
266699, 1339
268299, 1339
19400, 1338
98777, 1338
280209, 1338
47062, 1337
55736, 1337
82346, 1337
50616, 1336
94514, 1336
105287, 1336
110616, 1336
113245, 1336
204466, 1336
248358, 1336
13754, 1335
42941, 1335
101550, 1335
129759, 1335
134289, 1335
134767, 1335
168868, 1335
169733, 1335
174807, 1335
229785, 1335
256964, 1335
287879, 1335
21947, 1334
36068, 1334
176032, 1334
252463, 1334
53022, 1333
123806, 1333
10659, 1332
43410, 1332
2358, 1331
37633, 1331
57211, 1330
63231, 1330
66814, 1330
142305, 1330
262170, 1330
296478, 1330
30259, 1329
112391, 1329
171176, 1329
171933, 1329
177823, 1329
257449, 1329
52726, 1328
84166, 1328
104277, 1328
109151, 1328
233209, 1328
47622, 1327
112431, 1327
123054, 1327
215812, 1327
11105, 1326
32521, 1326
40298, 1326
40401, 1326
40671, 1326
88063, 1326
105453, 1326
106278, 1326
144612, 1326
211135, 1326
256736, 1326
15793, 1325
29656, 1325
80514, 1325
90179, 1325
242616, 1325
87439, 1324
243728, 1324
26621, 1323
135193, 1322
91361, 1321
102405, 1321
252977, 1321
256927, 1321
296230, 1321
65738, 1320
114976, 1320
121754, 1320
143892, 1320
159659, 1320
192230, 1320
260685, 1320
102296, 1319
122534, 1319
198106, 1319
217061, 1319
127907, 1317
26893, 1316
110431, 1316
13714, 1315
21010, 1315
76014, 1315
7082, 1314
16507, 1314
16851, 1314
25233, 1314
47351, 1314
76974, 1314
103781, 1314
120813, 1314
185378, 1314
193454, 1314
227806, 1314
252352, 1314
75874, 1313
107651, 1312
281655, 1312
157607, 1311
182702, 1311
152142, 1310
152563, 1310
193410, 1310
68571, 1309
176447, 1309
178371, 1309
11629, 1308
57742, 1308
61870, 1308
152853, 1308
162764, 1308
26588, 1307
87025, 1306
208322, 1306
627, 1305
168857, 1305
256795, 1305
265609, 1304
276765, 1304
29026, 1303
69489, 1303
126603, 1303
221450, 1303
279140, 1303
29238, 1302
294143, 1302
35574, 1301
36975, 1301
63689, 1301
200305, 1301
79170, 1299
168669, 1299
59749, 1298
72939, 1298
118743, 1298
208294, 1298
52294, 1297
183436, 1297
9849, 1296
29885, 1296
92272, 1296
113952, 1296
178629, 1296
237911, 1296
247582, 1296
255937, 1296
11400, 1295
17720, 1295
19843, 1295
28310, 1295
31661, 1295
39510, 1295
277438, 1295
60594, 1294
35, 1291
3381, 1291
14894, 1291
24312, 1291
25368, 1291
27631, 1291
31055, 1291
182883, 1291
187653, 1289
92606, 1288
132124, 1288
244074, 1288
36037, 1287
161142, 1287
202305, 1287
257149, 1287
280130, 1287
5284, 1286
38724, 1286
59373, 1286
240033, 1286
41838, 1285
49954, 1285
64228, 1285
67676, 1285
72242, 1285
106229, 1285
135717, 1285
172007, 1285
187524, 1285
199286, 1285
203054, 1285
217951, 1285
219781, 1285
286579, 1285
12922, 1284
27588, 1284
114553, 1284
202074, 1284
215204, 1284
53597, 1283
46316, 1281
70312, 1281
89210, 1281
91370, 1281
122112, 1281
138782, 1281
150570, 1281
153644, 1281
164472, 1281
202844, 1281
208931, 1281
214197, 1281
258987, 1281
274766, 1281
73683, 1280
76242, 1280
93765, 1280
102833, 1280
117954, 1280
126806, 1280
139496, 1280
164579, 1280
200124, 1280
201287, 1280
216325, 1280
268003, 1280
39720, 1279
59213, 1279
62720, 1279
76016, 1279
112703, 1279
140124, 1279
149225, 1279
210143, 1279
235426, 1279
63386, 1278
121426, 1278
123383, 1278
178485, 1278
229679, 1278
244763, 1278
20750, 1277
136913, 1277
246295, 1277
74680, 1276
165625, 1276
77464, 1274
112943, 1274
180786, 1274
186400, 1274
24354, 1273
230712, 1273
129693, 1272
26618, 1271
36127, 1271
61753, 1271
101218, 1271
131302, 1271
135682, 1271
174724, 1271
49902, 1270
246193, 1270
259216, 1270
20318, 1269
35090, 1269
9367, 1268
116996, 1268
148904, 1268
15782, 1267
39492, 1267
45058, 1267
73975, 1267
76157, 1267
94319, 1267
101390, 1267
106512, 1267
107749, 1267
122816, 1267
144221, 1267
146208, 1267
158150, 1267
166277, 1267
197801, 1267
209290, 1267
209797, 1267
216424, 1267
289826, 1267
55784, 1265
113, 1264
15398, 1263
153384, 1263
251041, 1263
252359, 1262
128237, 1261
140868, 1260
151697, 1260
250080, 1260
1995, 1259
16094, 1259
20755, 1259
120256, 1259
134467, 1259
279426, 1259
279990, 1259
189175, 1258
268593, 1258
280877, 1258
29460, 1257
59828, 1257
112877, 1257
188343, 1257
218560, 1257
20900, 1256
30921, 1256
287860, 1256
19874, 1255
29529, 1255
36261, 1255
138510, 1255
168115, 1254
295631, 1254
24245, 1253
66295, 1253
101294, 1253
104703, 1253
234053, 1253
36755, 1251
40002, 1251
67904, 1251
250058, 1251
109298, 1249
7007, 1248
9882, 1248
23177, 1248
78931, 1248
89377, 1247
262756, 1247
1199, 1246
244360, 1246
76971, 1245
136062, 1244
80603, 1243
121618, 1243
5801, 1241
5815, 1241
7321, 1241
44288, 1241
61856, 1241
101804, 1241
196451, 1241
293149, 1241
24742, 1240
59211, 1240
20691, 1239
35888, 1239
42396, 1239
51277, 1239
270492, 1239
41525, 1238
161750, 1238
249635, 1238
21746, 1237
49222, 1237
56541, 1237
108546, 1237
178452, 1237
295705, 1237
30224, 1236
33441, 1236
63942, 1236
132180, 1236
170932, 1236
207636, 1236
11957, 1235
13028, 1235
13506, 1235
13846, 1235
14593, 1235
15935, 1235
16457, 1235
17134, 1235
17463, 1235
17595, 1235
17906, 1235
18848, 1235
48163, 1235
72442, 1235
73613, 1235
105877, 1235
107837, 1235
110540, 1235
161505, 1235
173218, 1235
240449, 1235
250543, 1235
290433, 1235
291263, 1235
296385, 1235
36471, 1234
107382, 1234
163060, 1234
169193, 1234
188862, 1234
270401, 1234
241736, 1233
36424, 1232
120271, 1232
174127, 1232
207385, 1232
205152, 1231
21760, 1230
35378, 1230
36378, 1230
48022, 1230
82039, 1230
98739, 1230
102891, 1230
139557, 1230
177952, 1230
248761, 1230
104260, 1229
118186, 1229
150015, 1229
174831, 1229
8482, 1228
12058, 1228
15190, 1228
16207, 1228
17346, 1228
19902, 1228
21094, 1228
25748, 1228
81899, 1228
83338, 1228
120229, 1228
143262, 1228
179602, 1228
185525, 1228
7271, 1227
8622, 1227
8870, 1227
10023, 1227
14248, 1227
16570, 1227
16844, 1227
17048, 1227
18184, 1227
18348, 1227
18505, 1227
18715, 1227
19102, 1227
19989, 1227
20182, 1227
28083, 1227
29171, 1227
95896, 1227
115988, 1227
133513, 1227
140366, 1227
174907, 1227
210161, 1227
79870, 1226
80338, 1226
288679, 1226
97319, 1225
167464, 1225
131323, 1224
179646, 1224
3741, 1223
48960, 1223
59382, 1223
71152, 1223
80569, 1223
133948, 1223
44349, 1222
58287, 1222
66659, 1222
101308, 1222
145341, 1222
31677, 1221
64733, 1221
235814, 1221
293251, 1221
15427, 1220
40952, 1220
74129, 1220
101527, 1220
107845, 1220
197617, 1220
251827, 1220
1988, 1219
5418, 1218
10668, 1218
15258, 1218
20938, 1218
22282, 1218
26597, 1218
137182, 1218
28062, 1217
140720, 1217
11653, 1216
13230, 1216
13959, 1216
14638, 1216
15233, 1216
36646, 1216
62601, 1216
81694, 1216
101829, 1216
116476, 1216
169367, 1216
185853, 1216
205166, 1216
217646, 1216
261405, 1216
264684, 1216
282841, 1216
16896, 1215
44694, 1215
29592, 1214
80511, 1214
149524, 1214
214522, 1214
279347, 1214
282369, 1214
286724, 1214
98316, 1213
206243, 1213
217106, 1213
13125, 1212
23211, 1212
33498, 1212
91727, 1212
160120, 1212
174423, 1212
7132, 1211
11280, 1211
18218, 1211
25044, 1211
103774, 1211
130067, 1211
147350, 1211
176619, 1211
255599, 1211
108137, 1210
132729, 1210
144440, 1210
165465, 1210
181389, 1210
248552, 1210
40413, 1209
111251, 1209
131822, 1209
217633, 1209
25493, 1208
51888, 1208
160901, 1208
267587, 1208
6664, 1207
8397, 1207
11699, 1207
36302, 1207
42472, 1207
48143, 1207
64643, 1207
87327, 1207
119903, 1207
158793, 1207
17782, 1206
21862, 1206
50606, 1206
150798, 1206
7686, 1205
8395, 1205
17956, 1205
66187, 1205
167755, 1205
225572, 1205
21886, 1204
59114, 1204
69266, 1204
205384, 1204
46467, 1203
77657, 1203
288230, 1203
44798, 1202
140790, 1202
170427, 1202
1181, 1201
12573, 1201
70359, 1201
74859, 1201
104029, 1201
282531, 1201
15848, 1200
188678, 1200
282837, 1200
288594, 1200
20219, 1199
46797, 1199
49794, 1198
54428, 1198
72262, 1198
150692, 1198
249752, 1198
29399, 1197
49644, 1197
50453, 1197
146200, 1197
190736, 1197
231263, 1197
275564, 1197
30225, 1196
86582, 1196
101558, 1196
117934, 1196
129612, 1196
135203, 1196
141394, 1196
141958, 1196
143700, 1196
145424, 1196
150958, 1196
151139, 1196
176429, 1196
235775, 1196
294407, 1196
19213, 1195
40465, 1195
141676, 1195
175035, 1195
9151, 1194
177549, 1194
215502, 1194
231454, 1194
22042, 1193
55398, 1192
92536, 1192
25478, 1191
47721, 1191
53686, 1191
61653, 1191
172665, 1191
181594, 1191
202320, 1191
115167, 1190
183554, 1190
35181, 1189
67796, 1189
184703, 1189
235247, 1189
244846, 1189
2914, 1188
18911, 1188
36454, 1188
57240, 1188
84872, 1188
91760, 1188
143631, 1188
206521, 1188
215159, 1188
290231, 1187
74915, 1186
113132, 1186
159005, 1186
45322, 1185
89746, 1185
110242, 1185
158693, 1185
170996, 1185
266483, 1185
31546, 1184
37198, 1183
44735, 1183
74470, 1183
189062, 1183
210204, 1183
213063, 1183
14922, 1181
66624, 1181
96067, 1181
2901, 1180
25061, 1180
80142, 1180
81765, 1180
134228, 1180
285026, 1180
44158, 1179
85062, 1179
275575, 1179
7184, 1178
33708, 1178
38032, 1178
76576, 1178
123342, 1178
8104, 1177
66264, 1177
23730, 1176
70159, 1176
72863, 1176
241149, 1176
244560, 1176
7364, 1175
14602, 1175
16882, 1175
36579, 1175
36596, 1175
59534, 1175
64146, 1175
102121, 1175
206135, 1175
215732, 1175
235824, 1175
238461, 1175
264166, 1175
27323, 1174
52414, 1174
93495, 1174
127990, 1174
141116, 1174
264191, 1174
2436, 1173
32510, 1173
169430, 1173
181868, 1173
210262, 1173
288378, 1173
2, 1172
163, 1172
10521, 1172
29791, 1172
100141, 1172
101944, 1172
113065, 1172
130845, 1172
136255, 1172
229011, 1172
1993, 1170
27001, 1170
119502, 1170
181608, 1170
294546, 1170
72603, 1169
82230, 1169
115556, 1169
147971, 1169
145569, 1168
180827, 1168
88580, 1167
99880, 1167
139645, 1167
161714, 1167
124779, 1166
143106, 1166
160411, 1166
204567, 1166
206303, 1166
17544, 1165
49302, 1165
132701, 1165
222778, 1165
248382, 1165
31556, 1164
41195, 1164
44041, 1164
45010, 1164
58949, 1164
59298, 1164
63407, 1164
71500, 1164
90665, 1164
123432, 1164
234119, 1164
263028, 1164
264825, 1163
18137, 1162
55236, 1162
175121, 1162
262560, 1162
49109, 1161
132935, 1160
28250, 1159
14904, 1158
36040, 1158
115684, 1158
97964, 1157
248586, 1156
251285, 1156
2598, 1155
66499, 1155
884, 1154
3195, 1154
5171, 1154
151034, 1154
215340, 1154
80992, 1153
83583, 1153
122914, 1153
123786, 1153
6310, 1152
21785, 1152
21908, 1152
22644, 1152
22671, 1152
22818, 1152
23411, 1152
24091, 1152
28610, 1152
95988, 1152
141223, 1152
127729, 1151
135063, 1151
141842, 1151
147720, 1151
232661, 1151
109324, 1149
3614, 1148
32298, 1148
32727, 1148
94052, 1148
118686, 1148
132783, 1148
229971, 1148
235049, 1148
257292, 1148
289391, 1148
39688, 1147
43249, 1147
57074, 1147
153414, 1147
175932, 1147
255751, 1147
3468, 1145
24517, 1145
39378, 1145
78697, 1145
84652, 1145
218433, 1145
26094, 1144
77666, 1144
197986, 1144
35518, 1143
13940, 1142
18146, 1141
28011, 1141
41629, 1141
78287, 1141
119671, 1141
135755, 1141
142048, 1141
193564, 1141
196223, 1141
210316, 1141
215330, 1141
215877, 1141
275177, 1141
21494, 1140
25199, 1140
264174, 1140
18939, 1139
103561, 1139
145476, 1139
158726, 1139
187546, 1139
207050, 1139
238900, 1139
252727, 1139
24885, 1138
178117, 1138
179256, 1138
259363, 1138
87604, 1137
263254, 1137
285805, 1137
91367, 1136
127617, 1135
30812, 1134
27629, 1133
32931, 1133
84459, 1133
129984, 1133
182854, 1133
228288, 1133
233819, 1133
242515, 1133
245950, 1133
255036, 1133
293644, 1133
131253, 1132
201547, 1132
249768, 1132
6406, 1131
47221, 1131
102086, 1131
151080, 1131
50274, 1130
139300, 1130
196371, 1130
12441, 1128
95229, 1128
101341, 1128
104940, 1128
127616, 1128
131029, 1128
253360, 1128
253759, 1128
265516, 1128
93744, 1127
103808, 1127
139457, 1127
193389, 1127
205, 1126
562, 1126
1823, 1126
2282, 1126
3091, 1126
3903, 1126
13858, 1126
65058, 1126
142364, 1126
145033, 1126
186276, 1126
286365, 1126
287457, 1126
34182, 1125
103105, 1125
234707, 1125
292425, 1125
7294, 1124
167391, 1124
29073, 1123
208490, 1123
260926, 1123
3111, 1122
34496, 1122
96000, 1122
2743, 1121
23662, 1121
60851, 1121
62241, 1121
63226, 1121
197512, 1121
48523, 1120
72560, 1118
51898, 1117
102887, 1117
147211, 1117
152800, 1117
227839, 1117
275061, 1117
96062, 1116
170639, 1116
29684, 1115
129863, 1115
292185, 1115
126434, 1114
128027, 1114
164796, 1114
181277, 1114
20096, 1113
119600, 1113
167095, 1113
196379, 1113
199215, 1113
25275, 1112
43454, 1112
52330, 1112
78087, 1112
94509, 1112
99336, 1112
113956, 1112
226800, 1112
6626, 1111
18622, 1111
30951, 1111
43384, 1111
117154, 1111
205602, 1111
213410, 1111
21253, 1110
229476, 1110
19514, 1109
27773, 1109
97779, 1109
133419, 1109
234775, 1109
326, 1108
14403, 1108
31141, 1108
46017, 1108
125464, 1108
184844, 1108
236921, 1108
245229, 1108
255475, 1108
256485, 1108
273560, 1108
156, 1107
27949, 1107
30879, 1107
54843, 1107
58529, 1107
63747, 1107
77002, 1107
89798, 1107
132214, 1107
173996, 1107
219659, 1107
239532, 1107
20229, 1105
226535, 1105
8364, 1104
9948, 1104
14065, 1104
22542, 1104
29035, 1104
40937, 1104
45594, 1104
63570, 1104
66831, 1104
86612, 1104
87693, 1104
93728, 1104
100408, 1104
111082, 1104
178395, 1104
220261, 1104
231270, 1104
242210, 1104
283628, 1104
145539, 1103
159581, 1101
226638, 1101
232312, 1101
262144, 1101
13165, 1100
18019, 1100
16228, 1099
25963, 1099
57317, 1099
70293, 1099
76156, 1099
103934, 1099
104785, 1099
116742, 1099
171014, 1099
210019, 1099
235050, 1099
237258, 1099
29416, 1098
36478, 1098
77975, 1098
110751, 1098
187940, 1098
188364, 1098
190050, 1098
260152, 1098
261819, 1098
14051, 1097
28313, 1097
56097, 1097
56755, 1097
122622, 1097
202470, 1097
248172, 1097
267068, 1097
1855, 1096
1955, 1096
2078, 1096
2512, 1096
2925, 1096
2982, 1096
131642, 1096
185465, 1096
247338, 1096
9188, 1095
12131, 1095
96802, 1095
137888, 1095
177585, 1095
184535, 1095
208836, 1095
214411, 1095
15691, 1094
73193, 1094
234023, 1094
1350, 1093
2618, 1093
2890, 1093
2991, 1093
3090, 1093
3106, 1093
6581, 1093
15936, 1093
25380, 1093
46829, 1093
66230, 1093
66729, 1093
74016, 1093
77598, 1093
100720, 1093
113310, 1093
216276, 1093
221678, 1093
1201, 1092
14435, 1092
30160, 1092
34727, 1092
52194, 1092
235677, 1092
238332, 1092
247522, 1092
275181, 1092
7325, 1091
9434, 1091
19921, 1091
19983, 1091
40047, 1091
48808, 1091
83306, 1091
147679, 1091
17304, 1090
39113, 1090
48854, 1090
115233, 1090
130779, 1090
170144, 1090
263433, 1090
270572, 1090
36307, 1089
69877, 1089
93645, 1089
145435, 1089
175885, 1089
16155, 1088
19583, 1088
48964, 1088
50638, 1088
51301, 1088
61678, 1088
77804, 1088
78819, 1088
87631, 1088
91909, 1088
101413, 1088
107693, 1088
113479, 1088
114996, 1088
130325, 1088
133067, 1088
195812, 1088
206666, 1088
207567, 1088
235864, 1088
254522, 1088
259586, 1088
271563, 1088
275528, 1088
289044, 1088
289786, 1088
6592, 1087
141287, 1087
181747, 1087
210234, 1087
210820, 1087
255164, 1087
37631, 1086
38256, 1086
54623, 1086
71414, 1086
74806, 1086
218622, 1086
236203, 1086
238849, 1086
82871, 1085
108391, 1085
132220, 1085
146247, 1085
273176, 1085
289475, 1085
2038, 1084
199981, 1084
62787, 1083
75526, 1083
121606, 1083
208626, 1083
271501, 1083
4797, 1082
30268, 1082
44897, 1082
67836, 1082
95060, 1082
150931, 1082
51960, 1081
135045, 1081
136832, 1081
349, 1080
2395, 1080
4535, 1080
9350, 1080
40920, 1080
65583, 1080
67000, 1080
72054, 1080
100326, 1080
149420, 1080
151446, 1080
162307, 1080
203360, 1080
222163, 1080
236021, 1080
262107, 1080
282926, 1080
57029, 1079
105417, 1079
178632, 1079
205841, 1079
7332, 1078
28754, 1078
65464, 1078
69132, 1078
71520, 1078
85475, 1078
159489, 1078
41945, 1077
60828, 1077
24036, 1076
26194, 1076
26831, 1076
27379, 1076
27980, 1076
28440, 1076
29283, 1076
56294, 1076
61135, 1076
72041, 1076
97848, 1076
113067, 1076
150006, 1076
191397, 1076
218339, 1076
47231, 1075
61720, 1075
80525, 1075
91894, 1075
195853, 1075
215784, 1075
225306, 1075
229813, 1075
252032, 1075
267760, 1075
23472, 1074
41325, 1074
42526, 1074
63160, 1074
96990, 1074
154291, 1074
230494, 1074
244978, 1074
36250, 1073
67884, 1073
74784, 1073
123858, 1073
165353, 1073
223533, 1073
255795, 1073
60722, 1072
61739, 1072
89328, 1072
99994, 1072
152425, 1072
157976, 1072
245048, 1072
254317, 1072
274625, 1072
1407, 1071
31442, 1071
213356, 1071
9200, 1070
21060, 1070
207431, 1070
5617, 1069
14542, 1069
30837, 1069
51566, 1069
244709, 1069
16437, 1068
17689, 1068
59566, 1068
110510, 1068
172075, 1068
43381, 1067
79805, 1067
189545, 1067
192933, 1067
72352, 1066
143337, 1066
237814, 1066
3620, 1065
7188, 1065
15688, 1065
19736, 1065
33532, 1065
73600, 1065
140556, 1065
239191, 1065
290856, 1065
19698, 1064
32557, 1064
104960, 1064
175376, 1064
185556, 1064
227849, 1064
267956, 1064
276813, 1064
8865, 1063
22261, 1063
48209, 1063
99878, 1063
126244, 1063
236153, 1063
13160, 1062
15892, 1062
47200, 1062
79545, 1062
116096, 1062
122769, 1062
139106, 1062
254311, 1062
286530, 1062
414, 1061
705, 1061
7174, 1061
9544, 1061
21459, 1061
35350, 1061
100901, 1061
104355, 1061
217153, 1061
232074, 1061
22877, 1060
30057, 1060
39955, 1060
68763, 1060
123467, 1060
138054, 1060
167862, 1060
30004, 1059
42700, 1059
48863, 1059
54497, 1059
55283, 1059
104161, 1059
107918, 1059
142092, 1059
144898, 1059
148933, 1059
157502, 1059
177874, 1059
199958, 1059
205769, 1059
221928, 1059
251950, 1059
8224, 1058
22770, 1058
41420, 1058
74746, 1058
81527, 1058
163102, 1058
283559, 1058
22359, 1057
54737, 1057
56491, 1057
74205, 1057
142536, 1057
160125, 1057
174430, 1057
214693, 1057
2360, 1056
67441, 1056
74124, 1056
79857, 1056
87284, 1056
94255, 1056
190904, 1056
200486, 1056
284621, 1056
26999, 1055
42369, 1055
155181, 1055
157147, 1055
159073, 1055
165884, 1055
196129, 1055
260009, 1055
278316, 1055
10324, 1054
20095, 1054
180617, 1054
214905, 1054
29626, 1053
66486, 1053
68375, 1053
105705, 1053
222096, 1053
261563, 1053
292674, 1053
5932, 1052
28769, 1052
36878, 1052
61478, 1052
90312, 1052
148111, 1052
283685, 1052
43238, 1051
90872, 1051
93951, 1051
242770, 1051
250333, 1051
31364, 1050
39237, 1050
72747, 1050
126347, 1050
287741, 1050
25614, 1048
34073, 1048
41096, 1048
91181, 1048
93701, 1048
121877, 1048
138114, 1048
141338, 1048
164993, 1048
252843, 1048
262890, 1048
13497, 1047
82265, 1047
111964, 1047
178675, 1047
198119, 1047
227019, 1047
235970, 1047
9400, 1046
42515, 1046
67784, 1046
101409, 1046
113680, 1046
170129, 1046
28, 1045
9773, 1045
20461, 1045
35464, 1045
50644, 1045
59234, 1045
60313, 1045
101709, 1045
136671, 1045
163067, 1045
168259, 1045
278283, 1045
291880, 1045
3372, 1044
9974, 1044
11500, 1044
23267, 1044
25203, 1044
59918, 1044
135343, 1044
139490, 1044
140355, 1044
155720, 1044
235246, 1044
251854, 1044
48070, 1043
53870, 1042
69689, 1042
184071, 1042
248950, 1042
14693, 1041
19498, 1041
31266, 1041
33655, 1041
47713, 1041
49781, 1041
95962, 1041
99014, 1041
117790, 1041
130775, 1041
145884, 1041
153297, 1041
177903, 1041
209755, 1041
239714, 1041
248700, 1041
223366, 1040
255346, 1040
28955, 1039
31373, 1039
256514, 1039
11702, 1038
30404, 1038
41616, 1038
50355, 1038
64632, 1038
93788, 1038
100117, 1038
109825, 1038
118689, 1038
119457, 1038
167451, 1038
182966, 1038
215586, 1038
267276, 1038
277363, 1038
279301, 1038
26294, 1037
45894, 1037
55224, 1037
108872, 1037
150350, 1037
199524, 1037
202377, 1037
266226, 1037
28702, 1036
34877, 1036
84257, 1036
97552, 1036
101006, 1036
118933, 1036
127151, 1036
167607, 1036
168674, 1036
253664, 1036
270611, 1036
271050, 1036
4058, 1035
19016, 1035
24356, 1035
47905, 1035
49747, 1035
58386, 1035
85648, 1035
113410, 1035
123501, 1035
188908, 1035
235344, 1035
251684, 1035
265749, 1035
38581, 1034
125482, 1034
179656, 1034
2109, 1033
123127, 1033
186498, 1033
203965, 1033
253243, 1033
42806, 1032
51350, 1032
65732, 1032
74287, 1032
106032, 1032
136522, 1032
152745, 1032
158260, 1032
251850, 1032
13039, 1031
27172, 1031
30810, 1031
32591, 1031
34117, 1031
37692, 1031
55176, 1031
58144, 1031
60159, 1031
62200, 1031
122169, 1031
174688, 1031
235704, 1031
246911, 1031
277010, 1031
278586, 1031
3328, 1030
4321, 1030
7789, 1030
20201, 1030
21699, 1030
23126, 1030
59972, 1030
79299, 1030
99501, 1030
126195, 1030
160538, 1030
176860, 1030
178737, 1030
237138, 1030
274696, 1030
37113, 1029
37913, 1029
96363, 1029
195134, 1029
252706, 1029
93673, 1028
102500, 1028
108846, 1028
25918, 1027
46685, 1027
60058, 1027
69115, 1027
75905, 1027
167441, 1027
193958, 1027
46548, 1026
79961, 1026
81291, 1026
106264, 1026
119605, 1026
187832, 1026
276621, 1026
632, 1025
5109, 1025
6311, 1025
18406, 1025
37956, 1025
51010, 1025
74926, 1025
171864, 1025
174705, 1025
176238, 1025
190178, 1025
196642, 1025
1099, 1024
67148, 1024
185442, 1024
198501, 1024
30562, 1023
35155, 1023
42759, 1023
51276, 1023
65791, 1023
74502, 1023
95184, 1023
98886, 1023
133266, 1023
154321, 1023
208070, 1023
128398, 1022
161233, 1022
167308, 1022
281999, 1022
8150, 1021
16600, 1021
20338, 1021
20978, 1021
24155, 1021
30991, 1021
37182, 1021
44076, 1021
61738, 1021
67684, 1021
99828, 1021
108440, 1021
2790, 1020
3143, 1020
7634, 1020
34880, 1020
43993, 1020
48630, 1020
53799, 1020
77373, 1020
85256, 1020
99445, 1020
134676, 1020
146207, 1020
194215, 1020
208899, 1020
245977, 1020
820, 1019
19987, 1019
34722, 1019
82565, 1019
85160, 1019
88955, 1019
207689, 1019
261694, 1019
292720, 1019
8277, 1018
31754, 1018
84812, 1018
233227, 1018
20710, 1017
36603, 1017
37452, 1017
53685, 1017
57974, 1017
84312, 1017
172747, 1017
194042, 1017
35076, 1016
133733, 1016
265573, 1016
6199, 1015
22434, 1015
48993, 1015
71671, 1015
77516, 1015
111149, 1015
132993, 1015
160283, 1015
202361, 1015
203417, 1015
225842, 1015
268733, 1015
288096, 1015
11594, 1014
27827, 1014
113515, 1014
128188, 1014
128708, 1014
146972, 1014
151093, 1014
151770, 1014
157759, 1014
161186, 1014
18221, 1013
28309, 1013
39174, 1013
40568, 1013
72786, 1013
138289, 1013
159976, 1013
210801, 1013
23980, 1012
24683, 1012
30104, 1012
55439, 1012
59149, 1012
64873, 1012
87641, 1012
108784, 1012
157902, 1012
159059, 1012
161380, 1012
243705, 1012
279517, 1012
3762, 1011
9094, 1011
10438, 1011
25774, 1011
34995, 1011
135561, 1011
41887, 1010
53820, 1010
75045, 1010
117418, 1010
139542, 1010
244703, 1010
8061, 1009
9402, 1009
23520, 1009
51881, 1009
53154, 1009
152595, 1009
213246, 1009
240400, 1009
264398, 1009
64705, 1008
75672, 1008
87566, 1008
156298, 1008
188252, 1008
33775, 1007
51404, 1007
73986, 1007
77681, 1007
124841, 1007
158199, 1007
246085, 1007
262595, 1007
3316, 1006
7750, 1006
11299, 1006
38257, 1006
105932, 1006
107683, 1006
121811, 1006
5359, 1005
49885, 1005
66483, 1005
88904, 1005
8216, 1004
15361, 1004
41714, 1004
45971, 1004
73374, 1004
111725, 1004
120226, 1004
168291, 1004
224742, 1004
262086, 1004
120954, 1003
195590, 1003
3256, 1002
30948, 1002
124364, 1002
156961, 1002
187403, 1002
7618, 1001
74446, 1001
75253, 1001
131573, 1001
173222, 1001
206003, 1001
217, 1000
341, 1000
4027, 1000
6670, 1000
11866, 1000
16924, 1000
47722, 1000
87198, 1000
