4893, 63008
8598, 63008
15103, 63008
18765, 63008
23971, 63008
39387, 63008
86680, 63008
267, 61375
13393, 61375
44194, 60543
226638, 58500
29166, 58463
108441, 58463
142127, 58463
2598, 54960
1350, 54902
2618, 54902
2890, 54902
2991, 54902
3090, 54902
3106, 54902
6581, 54902
15936, 54902
25380, 54902
66230, 54902
66729, 54902
1855, 54803
1955, 54803
2078, 54803
2512, 54803
2925, 54803
2982, 54803
185465, 54803
137857, 53610
154247, 53578
158113, 53578
161572, 53578
20253, 52266
166882, 39285
170770, 39285
136255, 34605
37774, 34598
27773, 27590
17689, 26699
30433, 26583
36250, 25370
67884, 25370
12627, 24936
2901, 24769
20657, 24370
13146, 24145
17179, 24145
18692, 24145
2914, 24095
2358, 24043
29684, 23931
10123, 23813
12774, 23749
1995, 23572
20172, 23553
31513, 23514
19525, 23006
167391, 22945
5801, 22839
7321, 22839
11957, 22823
13028, 22823
13506, 22823
13846, 22823
14593, 22823
15935, 22823
16457, 22823
17134, 22823
17463, 22823
17595, 22823
17906, 22823
18848, 22823
73613, 22823
105877, 22823
161505, 22823
173218, 22823
240449, 22823
250543, 22823
290433, 22823
291263, 22823
296385, 22823
7686, 22707
8395, 22707
6664, 22583
8397, 22583
22108, 22476
133292, 22269
73683, 21946
164579, 21946
2436, 21906
10659, 21876
51848, 21849
5418, 21799
22282, 21799
55398, 21730
8622, 21673
8870, 21673
10023, 21673
14248, 21673
18184, 21673
11653, 21624
13959, 21624
14638, 21624
116476, 21624
282841, 21624
7271, 21557
21509, 21489
25095, 21489
25154, 21489
16570, 21251
16844, 21251
17048, 21251
18348, 21251
18505, 21251
18715, 21251
19102, 21251
19989, 21251
20182, 21251
95896, 21251
9367, 21116
35, 21073
3381, 21073
27631, 21073
31055, 21073
205384, 21032
13230, 21019
15233, 21019
101829, 21019
169367, 21019
205166, 21019
217646, 21019
261405, 21019
44798, 20947
140790, 20947
170427, 20947
36138, 20857
72290, 20857
9151, 20786
38125, 20647
41670, 20647
3111, 20582
20096, 20323
7007, 20291
9882, 20291
23177, 20291
68029, 20097
8482, 19988
12058, 19988
15190, 19988
16207, 19988
17346, 19988
19902, 19988
21094, 19988
25748, 19988
179602, 19988
264825, 19918
29982, 19865
31190, 19865
36225, 19865
39478, 19865
40809, 19865
45911, 19865
1181, 19519
12573, 19519
104029, 19519
41838, 19462
21785, 19445
21908, 19445
22644, 19445
22671, 19445
22818, 19445
23411, 19445
24091, 19445
28610, 19445
42941, 19433
3468, 19431
25066, 19420
25853, 19420
27651, 19420
28040, 19420
29742, 19420
43440, 19420
72703, 19420
76196, 19364
26194, 19273
26831, 19273
27379, 19273
27980, 19273
28440, 19273
29283, 19273
58166, 19250
2, 18930
163, 18930
29399, 18861
49644, 18861
50453, 18861
90179, 18658
1201, 18598
36471, 18562
25918, 18350
28227, 18303
19514, 18271
884, 18210
3195, 18210
5171, 18210
147826, 18125
223802, 17699
85589, 17575
85674, 17575
86314, 17575
86977, 17575
87600, 17575
91693, 17575
91737, 17575
92984, 17575
103279, 17575
105950, 17575
147376, 17575
180510, 17575
178675, 17557
198119, 17557
227019, 17557
235970, 17557
23211, 17397
44897, 17339
5474, 17323
28547, 17187
81868, 16884
92775, 16884
148783, 16884
187503, 16884
205, 16824
562, 16824
1823, 16824
2282, 16824
3091, 16824
3903, 16824
13858, 16824
65058, 16824
108711, 16723
1099, 16456
62765, 16412
68160, 16412
12214, 16395
14027, 16395
15609, 16395
196451, 16236
262595, 16206
93701, 15632
68763, 15525
123467, 15525
5556, 15398
150780, 15303
176233, 15303
89766, 15144
69268, 14612
235914, 14607
116096, 14505
122769, 14505
145677, 14391
19394, 14229
201772, 14201
212343, 14201
224567, 14201
147092, 14173
206535, 14173
233919, 14173
7116, 14062
25744, 14028
284001, 13867
5806, 13840
76930, 13702
21279, 13611
48947, 13520
54970, 13520
64153, 13520
122112, 13518
150570, 13518
164472, 13518
52581, 13065
59067, 13065
59627, 13065
61421, 13065
66914, 13065
45376, 12972
79745, 12904
30625, 12879
34567, 12879
37169, 12879
55136, 12879
131315, 12867
113, 12843
30586, 12735
45896, 12707
48105, 12707
88681, 12707
201665, 12707
276170, 12707
292355, 12694
12694, 12588
17342, 12588
36642, 12588
204280, 12588
243387, 12588
255737, 12588
294891, 12585
58869, 12545
59087, 12545
64714, 12545
20732, 12528
39388, 12526
55877, 12526
62952, 12526
72320, 12526
83247, 12526
215376, 12498
48197, 12420
234775, 12363
10030, 12344
10241, 12344
12137, 12344
22289, 12344
64829, 12344
71559, 12344
104241, 12344
113466, 12344
126661, 12344
258749, 12344
11199, 12171
279517, 12157
275073, 12088
55713, 12037
55985, 12037
64475, 12037
65423, 12037
101558, 12014
117934, 12014
129612, 12014
135203, 12014
141394, 12014
141958, 12014
143700, 12014
145424, 12014
151139, 12014
294407, 12014
94220, 12004
120891, 12004
124371, 12004
131099, 12004
131245, 12004
131712, 12004
132031, 12004
135788, 12004
140264, 12004
141362, 12004
152186, 12004
164777, 12004
166763, 12004
167651, 12004
167773, 12004
172418, 12004
203593, 12004
206487, 12004
208706, 12004
217261, 12004
232230, 12004
238006, 12004
243541, 12004
256418, 12004
286001, 12004
289195, 12004
143190, 12003
293089, 12003
139490, 11983
235246, 11983
121978, 11840
135622, 11840
136945, 11840
144054, 11840
162980, 11840
166810, 11840
180204, 11840
208180, 11840
231494, 11840
20960, 11723
156583, 11723
133267, 11709
168937, 11709
177870, 11709
183130, 11709
187144, 11709
198333, 11709
198513, 11709
201842, 11709
214321, 11709
221504, 11709
221902, 11709
235356, 11709
241376, 11709
241972, 11709
245210, 11709
246463, 11709
248656, 11709
251672, 11709
252844, 11709
253840, 11709
264602, 11709
264736, 11709
265525, 11709
282476, 11709
283303, 11709
283636, 11709
286524, 11709
286596, 11709
292078, 11709
293204, 11709
293436, 11709
296314, 11709
242515, 11670
255036, 11670
35267, 11651
117516, 11651
10895, 11634
16016, 11634
7387, 11608
9747, 11608
19676, 11608
58592, 11608
79414, 11608
84205, 11608
152405, 11608
175991, 11608
278316, 11601
130002, 11586
140084, 11586
148384, 11586
173055, 11586
127729, 11566
135063, 11566
141842, 11566
147720, 11566
33215, 11514
65893, 11499
52103, 11476
213410, 11437
263254, 11332
48149, 11297
221613, 11253
118984, 11245
36851, 11214
75384, 11214
115563, 11195
135854, 11195
178117, 11190
179256, 11190
259363, 11190
152142, 11105
193410, 11105
201735, 11095
117653, 11067
124240, 11067
132421, 11067
140853, 11067
155875, 11067
157968, 11067
159324, 11067
14013, 11051
125642, 11051
54113, 11026
58090, 11026
58255, 11026
64867, 11026
66788, 11026
67709, 11026
79228, 11026
92187, 11026
94659, 11026
96958, 11026
97022, 11026
106591, 11026
192091, 11000
107924, 10986
110578, 10986
116536, 10986
120823, 10986
121407, 10986
130741, 10986
135035, 10986
150562, 10986
159741, 10986
8943, 10919
13509, 10919
68833, 10919
147543, 10919
177092, 10919
7878, 10816
51265, 10814
250764, 10814
217314, 10775
101459, 10758
105319, 10758
129729, 10758
142928, 10758
64577, 10725
106735, 10725
99793, 10722
110797, 10722
110968, 10722
112900, 10722
185417, 10722
145594, 10538
40282, 10524
25719, 10463
221275, 10426
90275, 10387
116690, 10387
130289, 10387
172535, 10387
128937, 10310
135466, 10310
154330, 10310
159442, 10310
180474, 10310
110869, 10306
235838, 10306
294795, 10257
123396, 10252
124793, 10252
128795, 10252
132102, 10252
132665, 10252
137325, 10252
147415, 10252
149295, 10252
152665, 10252
153138, 10252
166938, 10252
199013, 10252
203377, 10252
242859, 10252
20378, 10243
211026, 10225
259181, 10225
15866, 10195
221705, 10155
137782, 10101
58132, 10096
61195, 10096
137557, 10096
138113, 10096
97026, 10038
232658, 10017
106290, 9993
126016, 9993
132609, 9993
136165, 9993
137837, 9993
138117, 9993
139379, 9993
140227, 9993
142148, 9993
144899, 9993
150465, 9993
150820, 9993
151082, 9993
153561, 9993
154611, 9993
158764, 9993
160689, 9993
161223, 9993
162240, 9993
168477, 9993
169072, 9993
170330, 9993
171370, 9993
180077, 9993
186255, 9993
188917, 9993
198250, 9993
202275, 9993
205281, 9993
220815, 9993
70610, 9967
72768, 9967
74145, 9967
40298, 9917
227839, 9900
80888, 9881
106122, 9841
149148, 9841
168042, 9827
247425, 9827
168468, 9646
169277, 9630
136020, 9473
136805, 9473
142130, 9473
156421, 9473
161342, 9473
91921, 9359
117737, 9359
121195, 9359
125404, 9359
164569, 9359
176495, 9359
191346, 9359
197876, 9359
123169, 9340
159625, 9340
4209, 9079
19071, 9079
125550, 9041
138673, 9041
167294, 9041
2593, 8899
24171, 8899
44283, 8899
58702, 8899
72288, 8899
103482, 8899
238223, 8899
3866, 8898
30085, 8898
54376, 8898
183488, 8898
137127, 8877
12429, 8769
13446, 8769
25772, 8769
210598, 8769
4367, 8760
7215, 8760
41020, 8760
69930, 8760
83569, 8760
188500, 8760
110882, 8759
2357, 8748
17326, 8748
32585, 8748
39907, 8748
72099, 8748
119770, 8748
148728, 8748
290156, 8748
2457, 8718
5453, 8718
13923, 8718
28300, 8718
29927, 8718
61007, 8718
72081, 8718
84372, 8718
111074, 8718
136829, 8718
196683, 8718
233678, 8718
287139, 8718
16687, 8709
29974, 8709
32335, 8709
37898, 8709
49211, 8709
113051, 8709
119773, 8709
269002, 8709
282402, 8709
164710, 8683
42620, 8670
63224, 8650
142485, 8650
3890, 8621
154110, 8621
211852, 8602
247989, 8602
4537, 8598
70886, 8590
80665, 8590
1417, 8538
1446, 8538
1481, 8538
1755, 8538
3913, 8538
4785, 8538
7875, 8538
8288, 8538
11333, 8538
17469, 8538
18059, 8538
18650, 8538
20108, 8538
20875, 8538
22338, 8538
25957, 8538
37392, 8538
68620, 8538
72911, 8538
83059, 8538
84944, 8538
90185, 8538
93086, 8538
117541, 8538
123886, 8538
138772, 8538
154887, 8538
159085, 8538
162167, 8538
253247, 8538
14738, 8525
17535, 8525
18566, 8525
19458, 8525
20131, 8525
26599, 8525
68448, 8525
86522, 8525
93295, 8525
122691, 8525
169176, 8525
178658, 8525
284053, 8525
256532, 8520
224446, 8433
230125, 8433
246245, 8433
277688, 8433
6497, 8431
248358, 8379
5611, 8320
20617, 8305
24592, 8305
26768, 8305
37135, 8305
40932, 8305
45351, 8305
50451, 8305
13217, 8147
30879, 8070
7132, 8008
11280, 8008
18218, 8008
25044, 8008
103774, 8008
130067, 8008
147350, 8008
176619, 8008
255599, 8008
111430, 7947
55885, 7896
1132, 7895
10324, 7846
35518, 7704
75234, 7557
84263, 7557
84873, 7557
126084, 7557
130854, 7557
136012, 7557
153812, 7557
273560, 7525
52, 7462
81363, 7318
83769, 7304
235121, 7061
34073, 7008
47342, 6998
124922, 6961
63340, 6936
170150, 6908
238120, 6908
74885, 6867
115898, 6867
218515, 6834
239884, 6834
248962, 6834
253524, 6834
190802, 6799
16851, 6751
76974, 6751
32521, 6728
40401, 6728
40671, 6728
106278, 6728
144612, 6728
211135, 6728
256736, 6728
69042, 6725
78222, 6725
85707, 6725
115466, 6725
115891, 6725
266965, 6677
192307, 6651
206444, 6644
252974, 6644
268333, 6644
83003, 6579
211376, 6579
214231, 6579
246952, 6579
271046, 6579
290945, 6497
132890, 6495
154244, 6495
178571, 6495
294482, 6457
89377, 6422
266974, 6398
25644, 6390
26797, 6390
30068, 6390
39076, 6390
41551, 6390
66040, 6390
69232, 6390
82760, 6390
124273, 6390
128380, 6390
165916, 6390
166749, 6390
178127, 6390
185085, 6390
193531, 6390
200585, 6390
204263, 6390
209824, 6390
210125, 6390
219427, 6390
226182, 6390
251819, 6390
58202, 6372
191948, 6354
266258, 6354
278701, 6354
46572, 6346
251, 6332
20275, 6332
23627, 6332
155348, 6332
167574, 6332
44752, 6321
89931, 6321
97015, 6321
124595, 6321
127475, 6321
135683, 6321
137985, 6321
172687, 6321
173483, 6321
261064, 6321
262682, 6321
282310, 6321
249856, 6315
294, 6291
15458, 6291
49407, 6291
59461, 6291
88168, 6291
141797, 6291
184609, 6291
12730, 6280
20407, 6280
118832, 6280
168526, 6280
245710, 6280
166604, 6253
175182, 6253
246450, 6253
277322, 6253
54233, 6233
196423, 6233
231435, 6233
41897, 6229
68478, 6229
82021, 6229
91093, 6229
107467, 6229
137253, 6229
148661, 6229
215185, 6229
220801, 6229
244620, 6229
276413, 6229
292003, 6229
81525, 6225
292962, 6224
13500, 6221
17583, 6221
19130, 6221
26348, 6221
31533, 6221
38470, 6221
43863, 6221
55466, 6221
61682, 6221
64521, 6221
76056, 6221
85078, 6221
95110, 6221
118868, 6221
128059, 6221
130428, 6221
155518, 6221
166977, 6221
176629, 6221
183833, 6221
184225, 6221
184228, 6221
184570, 6221
255717, 6221
258274, 6221
158190, 6185
19036, 6136
29025, 6136
31032, 6136
42690, 6136
56132, 6136
65573, 6136
85406, 6136
85653, 6136
86923, 6136
98225, 6136
120818, 6136
122067, 6136
134377, 6136
139156, 6136
141489, 6136
188849, 6136
218907, 6136
220223, 6136
230299, 6136
246654, 6136
288226, 6136
28083, 6118
149387, 6090
151492, 6090
228391, 6090
261739, 6090
187894, 6065
272186, 6065
202811, 6060
70016, 6035
164351, 6035
178679, 6035
230015, 6035
268815, 6035
29984, 5972
104144, 5972
175086, 5925
177752, 5925
198649, 5925
209265, 5925
217887, 5925
250860, 5925
273361, 5925
126318, 5913
146684, 5913
148470, 5913
160578, 5913
161830, 5913
165397, 5913
201330, 5913
202671, 5913
233346, 5913
245283, 5913
245903, 5913
263500, 5913
20649, 5876
214221, 5872
141116, 5820
46871, 5741
219194, 5741
255082, 5741
125644, 5669
3, 5661
216213, 5655
45989, 5622
281974, 5622
59814, 5620
167555, 5620
177452, 5620
197708, 5620
4018, 5556
4576, 5556
5040, 5556
5271, 5556
7098, 5556
19950, 5556
20123, 5556
20156, 5556
21674, 5556
24965, 5556
31909, 5556
119304, 5556
125060, 5556
211859, 5556
278868, 5556
283165, 5556
112165, 5501
236686, 5499
125855, 5498
219091, 5498
266145, 5498
180305, 5402
130681, 5343
130977, 5318
156987, 5318
20986, 5292
93395, 5292
159611, 5273
202820, 5273
210007, 5273
234712, 5176
138765, 5057
16262, 5037
16277, 5037
25476, 5037
27760, 5037
28522, 5037
37290, 5037
38344, 5037
44563, 5037
47992, 5037
51887, 5037
56267, 5037
60999, 5037
62534, 5037
69873, 5037
80285, 5037
91043, 5037
134787, 5037
139160, 5037
193409, 5037
200601, 5037
218619, 5037
243772, 5037
245731, 5037
268040, 5037
286032, 5037
290111, 5037
28328, 4936
36676, 4936
36840, 4936
43708, 4936
66169, 4936
96930, 4936
111380, 4936
154113, 4936
164498, 4936
204164, 4936
204210, 4936
210145, 4936
213532, 4936
247802, 4936
279525, 4936
279729, 4936
13183, 4927
18518, 4927
23081, 4927
31851, 4927
32908, 4927
40383, 4927
42890, 4927
44306, 4927
48825, 4927
53246, 4927
59376, 4927
60169, 4927
66899, 4927
67457, 4927
69490, 4927
72664, 4927
77970, 4927
81872, 4927
87603, 4927
90236, 4927
91330, 4927
92944, 4927
94594, 4927
94750, 4927
114735, 4927
116164, 4927
116786, 4927
117265, 4927
127962, 4927
138597, 4927
139448, 4927
143867, 4927
151705, 4927
154125, 4927
157829, 4927
160194, 4927
161941, 4927
199090, 4927
208592, 4927
213924, 4927
250820, 4927
255292, 4927
263667, 4927
12259, 4918
27278, 4892
40525, 4892
92393, 4892
96270, 4892
120724, 4892
215423, 4883
163264, 4879
182069, 4879
190975, 4879
84984, 4855
137259, 4830
161416, 4830
30671, 4796
115057, 4796
14643, 4788
15063, 4788
16327, 4788
19009, 4788
50104, 4788
56117, 4788
100943, 4788
141742, 4788
201555, 4788
211696, 4788
241186, 4788
251075, 4788
264179, 4788
627, 4781
51457, 4780
42980, 4752
122427, 4752
219767, 4752
223563, 4752
18033, 4734
174216, 4728
262170, 4723
24224, 4662
30685, 4662
34559, 4662
56489, 4662
65306, 4662
71072, 4662
77901, 4662
81451, 4662
111282, 4662
140316, 4662
144769, 4662
150106, 4662
203543, 4662
205219, 4662
254280, 4662
293246, 4662
41714, 4604
262086, 4604
63337, 4603
375, 4575
60933, 4575
69592, 4575
71825, 4575
78782, 4575
121760, 4575
148519, 4575
148970, 4575
155088, 4575
158797, 4575
173312, 4575
237994, 4575
255533, 4575
265220, 4575
281081, 4575
44877, 4566
131616, 4561
194408, 4561
208168, 4527
141965, 4523
23998, 4521
36453, 4521
38134, 4521
38159, 4521
55404, 4521
62298, 4521
84403, 4521
92906, 4521
100654, 4521
101911, 4521
103696, 4521
154860, 4521
162531, 4521
163279, 4521
171129, 4521
185312, 4521
281503, 4521
9314, 4501
216280, 4481
258367, 4480
264974, 4480
270283, 4480
277400, 4480
278166, 4480
284652, 4480
288954, 4480
279990, 4463
38090, 4454
94764, 4449
101550, 4443
129759, 4443
134289, 4443
134767, 4443
168868, 4443
169733, 4443
174807, 4443
229785, 4443
256964, 4443
287879, 4443
16138, 4377
27798, 4377
60093, 4377
82528, 4377
150997, 4377
194937, 4377
293396, 4377
136577, 4361
89210, 4302
138782, 4302
153644, 4302
46316, 4272
91370, 4272
131741, 4257
2038, 4256
78697, 4229
52339, 4213
118723, 4213
129439, 4213
266699, 4213
268299, 4213
36771, 4212
41692, 4212
53527, 4212
108177, 4212
49626, 4202
95298, 4202
124033, 4186
36342, 4146
44791, 4123
51244, 4123
52759, 4123
64433, 4123
74453, 4123
74762, 4123
75481, 4123
89411, 4123
90343, 4123
104370, 4123
114208, 4123
119499, 4123
124287, 4123
39492, 4115
45058, 4115
73975, 4115
101390, 4115
106512, 4115
107749, 4115
122816, 4115
144221, 4115
146208, 4115
158150, 4115
166277, 4115
197801, 4115
209797, 4115
216424, 4115
289826, 4115
98590, 4093
100331, 4093
36975, 4087
63689, 4087
91214, 4073
73374, 3998
120226, 3998
11289, 3977
231588, 3974
138289, 3971
175792, 3962
124875, 3961
174831, 3943
4058, 3941
24356, 3941
123501, 3941
265749, 3941
74535, 3939
240033, 3901
27766, 3870
138510, 3863
28955, 3853
31373, 3853
256706, 3809
288378, 3754
159838, 3680
73814, 3613
237814, 3589
264398, 3347
181680, 3330
21154, 3326
156219, 3320
126581, 3281
33789, 3268
53140, 3268
82602, 3268
202906, 3268
230359, 3268
23937, 3264
71046, 3264
270086, 3222
182881, 3207
273634, 3183
145581, 3181
559, 3140
35195, 3103
156096, 3094
217196, 3094
273145, 3018
990, 2977
93343, 2964
74809, 2948
262802, 2948
109961, 2936
146702, 2936
75410, 2909
137892, 2894
150814, 2855
154786, 2855
165555, 2855
247557, 2855
247627, 2855
116195, 2852
148742, 2799
3358, 2775
252499, 2722
68201, 2713
105069, 2712
23726, 2706
188580, 2703
211705, 2703
262718, 2703
120887, 2696
130273, 2696
140157, 2696
140621, 2696
141500, 2696
183981, 2696
189438, 2696
208440, 2696
237403, 2696
271283, 2696
127179, 2691
142278, 2691
110096, 2654
119970, 2643
147361, 2643
158225, 2643
182385, 2643
197217, 2643
204441, 2643
236839, 2643
244206, 2643
282158, 2643
30446, 2626
246668, 2626
87940, 2614
140850, 2614
203168, 2614
216962, 2614
8146, 2611
105098, 2610
110995, 2610
134376, 2610
140371, 2610
143177, 2610
173318, 2610
253381, 2610
263417, 2610
271562, 2610
115918, 2604
107163, 2603
122291, 2600
130259, 2600
135959, 2600
138257, 2600
143085, 2600
147387, 2600
152698, 2600
168599, 2600
169337, 2600
184697, 2600
188197, 2600
240782, 2600
260015, 2600
276422, 2600
177623, 2597
280554, 2596
127971, 2565
223095, 2565
190642, 2562
22686, 2546
255765, 2546
283784, 2546
294534, 2546
11228, 2544
224578, 2544
27165, 2541
191815, 2539
217194, 2539
220893, 2539
227372, 2539
159934, 2530
198582, 2510
130169, 2499
138776, 2499
170005, 2499
179461, 2499
180872, 2499
189566, 2499
199138, 2499
211922, 2499
219550, 2499
223885, 2499
238886, 2499
247141, 2499
259100, 2499
263260, 2499
265025, 2499
279931, 2499
290510, 2499
28991, 2488
3419, 2478
98371, 2478
49915, 2459
40890, 2455
58288, 2445
102114, 2445
194925, 2445
89388, 2419
99659, 2419
101262, 2419
102305, 2419
103312, 2419
107604, 2419
109913, 2419
114250, 2419
119045, 2419
124857, 2419
164732, 2419
170226, 2419
219335, 2419
143879, 2417
101167, 2413
101761, 2412
144656, 2412
225, 2401
198507, 2401
42752, 2394
3485, 2380
3764, 2380
9126, 2380
25148, 2375
66538, 2375
87571, 2375
170139, 2375
268101, 2375
252385, 2370
26929, 2359
78, 2356
11257, 2312
32733, 2308
271975, 2302
38188, 2268
163380, 2252
186414, 2252
21392, 2251
33624, 2251
88417, 2250
40135, 2241
83508, 2241
86979, 2241
166390, 2241
178886, 2241
205222, 2241
97209, 2229
198430, 2229
202648, 2229
10857, 2217
16889, 2217
152736, 2215
60371, 2209
160158, 2209
288669, 2209
291004, 2209
23788, 2202
36433, 2202
145983, 2194
153623, 2194
163142, 2194
170183, 2194
220379, 2194
220707, 2194
10129, 2191
25828, 2191
116513, 2189
219199, 2189
38173, 2177
160067, 2177
174024, 2177
191364, 2177
207471, 2177
287047, 2177
66997, 2176
68139, 2176
190233, 2176
203600, 2176
209221, 2176
251548, 2176
68754, 2167
258200, 2167
5941, 2166
50014, 2166
63711, 2166
65586, 2166
101461, 2166
208584, 2166
210054, 2166
31560, 2155
87078, 2155
111399, 2155
153567, 2155
29189, 2154
31150, 2154
157919, 2154
207000, 2154
56203, 2149
76833, 2149
77496, 2149
82115, 2149
83556, 2149
107004, 2149
111832, 2149
116473, 2149
153446, 2149
191676, 2149
223759, 2149
265044, 2149
61003, 2147
238851, 2147
270178, 2147
3628, 2145
73974, 2143
7379, 2142
56926, 2142
110983, 2142
152960, 2142
274690, 2142
22555, 2141
94652, 2141
134442, 2141
293450, 2132
30999, 2123
192869, 2123
204530, 2123
254434, 2123
152269, 2122
53996, 2112
74919, 2112
114844, 2112
141660, 2112
154505, 2112
281794, 2112
89177, 2110
65808, 2109
38941, 2108
40441, 2108
46089, 2107
120196, 2102
294385, 2102
20554, 2101
82934, 2101
123998, 2101
61334, 2099
115305, 2099
184868, 2099
188706, 2099
40020, 2098
75913, 2098
2045, 2090
11478, 2090
18257, 2090
38653, 2090
38876, 2090
60287, 2090
63050, 2090
76520, 2090
82634, 2090
87503, 2090
95344, 2090
101849, 2090
115602, 2090
146484, 2090
154344, 2090
163921, 2090
166686, 2090
173921, 2090
191219, 2090
250161, 2090
55901, 2089
250256, 2089
194626, 2088
136843, 2087
160937, 2087
171004, 2087
238740, 2087
252910, 2084
20380, 2078
44544, 2076
54179, 2076
66178, 2076
96870, 2076
151669, 2076
65836, 2073
213550, 2073
205659, 2069
35780, 2065
1305, 2063
34309, 2059
74080, 2058
36104, 2054
5299, 2051
39684, 2051
181535, 2051
292245, 2051
27663, 2050
19152, 2048
73831, 2048
118464, 2048
233385, 2048
262621, 2048
48823, 2045
138027, 2045
14146, 2040
39840, 2040
63303, 2040
115546, 2040
166528, 2040
288763, 2040
81020, 2037
175468, 2037
193377, 2037
77759, 2035
119503, 2035
247276, 2035
68008, 2031
182748, 2031
50194, 2027
121194, 2027
158929, 2027
238636, 2027
275015, 2027
127592, 2026
131604, 2026
184668, 2026
185481, 2026
231690, 2026
266494, 2025
10847, 2024
12046, 2024
81639, 2024
121661, 2024
109626, 2022
216315, 2018
137583, 2016
234780, 2016
15858, 2015
200534, 2000
212054, 2000
61855, 1999
156711, 1999
34351, 1997
218962, 1997
15252, 1995
83341, 1995
234900, 1995
100201, 1991
4722, 1985
9372, 1985
73480, 1985
26926, 1983
47377, 1982
96360, 1981
100441, 1981
9696, 1975
21530, 1975
26322, 1975
95385, 1975
124241, 1975
143055, 1975
112443, 1974
180144, 1972
24760, 1968
35533, 1968
55987, 1968
112018, 1968
135373, 1968
159276, 1968
210859, 1964
10541, 1963
15275, 1963
38611, 1961
31307, 1960
176545, 1960
220380, 1959
50919, 1958
129218, 1958
271150, 1958
99264, 1957
259888, 1957
51598, 1954
151475, 1953
70467, 1952
108086, 1950
76674, 1941
77102, 1941
55982, 1939
36286, 1930
75213, 1925
90152, 1925
120078, 1925
56017, 1921
3016, 1919
69382, 1917
100006, 1917
115634, 1917
37534, 1914
91175, 1914
129441, 1914
51257, 1909
134684, 1909
231949, 1908
249906, 1908
62015, 1902
84095, 1902
95428, 1902
118319, 1902
143492, 1902
231180, 1901
56518, 1898
82277, 1898
100878, 1898
217299, 1895
17345, 1894
2776, 1892
79628, 1892
153860, 1892
199163, 1892
72777, 1888
18857, 1885
70822, 1885
81888, 1885
185689, 1885
85373, 1884
144779, 1884
39995, 1880
59467, 1880
180608, 1874
218409, 1874
1011, 1872
167676, 1868
231923, 1868
72789, 1864
89211, 1864
76059, 1863
78256, 1863
148080, 1863
158342, 1863
173832, 1863
193188, 1862
57586, 1859
248623, 1859
45804, 1858
55830, 1858
78338, 1848
229585, 1848
64748, 1846
153809, 1844
88680, 1836
27508, 1835
73639, 1835
132084, 1835
205248, 1835
270159, 1835
73980, 1832
80147, 1831
83818, 1829
89140, 1829
31614, 1825
220541, 1825
251372, 1825
261131, 1825
44176, 1824
43599, 1823
62396, 1823
212985, 1823
11984, 1821
138945, 1821
6415, 1816
212346, 1816
66763, 1815
74253, 1815
80335, 1815
193994, 1815
269798, 1815
109385, 1812
179430, 1812
198818, 1812
185287, 1809
2558, 1805
3173, 1803
42354, 1803
193475, 1803
216704, 1803
6201, 1801
138799, 1800
36681, 1798
45992, 1798
279461, 1798
13686, 1793
18992, 1793
135662, 1793
238419, 1791
21388, 1789
56673, 1789
196687, 1789
10439, 1785
74184, 1785
281030, 1785
248820, 1784
48175, 1782
138654, 1782
137099, 1781
65686, 1780
100442, 1778
261337, 1778
99428, 1775
70794, 1774
288197, 1774
20278, 1772
14866, 1770
134663, 1770
147197, 1770
62898, 1769
31348, 1768
19060, 1765
91083, 1765
96196, 1765
157082, 1765
196513, 1765
6046, 1764
9252, 1764
56416, 1764
193280, 1764
65982, 1762
110594, 1762
265787, 1762
266308, 1762
86197, 1761
186463, 1761
277823, 1759
55470, 1758
187637, 1758
117240, 1754
117485, 1754
119209, 1754
132702, 1754
136672, 1754
137291, 1754
143425, 1754
163209, 1754
165123, 1754
166110, 1754
166981, 1754
167047, 1754
168296, 1754
173633, 1754
173806, 1754
175073, 1754
179796, 1754
182753, 1754
189926, 1754
191969, 1754
192661, 1754
192806, 1754
193469, 1754
193874, 1754
197440, 1754
206832, 1754
217897, 1754
222024, 1754
245147, 1754
245570, 1754
149842, 1753
240991, 1753
97092, 1751
99019, 1751
114966, 1751
135123, 1751
156737, 1751
1698, 1749
49712, 1748
146944, 1748
93988, 1746
98044, 1746
102334, 1746
288224, 1746
140782, 1745
107297, 1744
135526, 1744
64712, 1743
162075, 1743
35272, 1740
169937, 1740
190238, 1740
89039, 1739
118498, 1739
129065, 1739
161092, 1739
265717, 1739
99409, 1735
249661, 1735
68683, 1734
226079, 1734
118144, 1731
217950, 1731
87515, 1727
143320, 1726
3842, 1725
129897, 1725
79696, 1722
197630, 1722
88351, 1718
51253, 1717
65855, 1717
154819, 1717
169788, 1711
256492, 1711
86900, 1710
127441, 1710
135610, 1710
51777, 1709
248742, 1709
164237, 1708
40203, 1707
262276, 1707
270097, 1707
39243, 1706
78785, 1706
200541, 1706
268627, 1706
47153, 1705
51571, 1705
63461, 1705
68482, 1705
73910, 1705
83016, 1705
89157, 1705
89581, 1705
97055, 1705
97323, 1705
110504, 1705
128284, 1705
132491, 1705
181476, 1705
225772, 1705
23797, 1704
107389, 1704
292382, 1704
40687, 1701
42325, 1701
45676, 1701
52215, 1701
56230, 1701
58392, 1701
58843, 1701
69586, 1701
86594, 1701
231804, 1700
22038, 1696
94495, 1696
112883, 1696
123857, 1696
143388, 1696
27048, 1695
28484, 1695
135400, 1695
249594, 1695
4180, 1694
83315, 1694
250358, 1694
38501, 1693
92834, 1693
159659, 1692
1299, 1690
34451, 1690
35054, 1690
70055, 1690
100640, 1690
102339, 1690
130901, 1690
145843, 1690
204935, 1690
238076, 1690
260371, 1690
288660, 1690
7851, 1688
8983, 1688
15407, 1688
17835, 1688
19531, 1688
26870, 1688
43712, 1688
94378, 1688
158770, 1688
234085, 1688
239276, 1688
660, 1685
12905, 1685
13635, 1685
14342, 1685
63890, 1685
146155, 1685
172989, 1685
250812, 1685
275152, 1685
296479, 1685
7350, 1682
14620, 1682
28953, 1682
34935, 1682
54524, 1682
59363, 1682
75636, 1682
131247, 1682
156836, 1682
168231, 1682
189277, 1682
149868, 1681
32008, 1680
32853, 1680
39588, 1680
43713, 1680
282185, 1680
29019, 1679
195229, 1679
225549, 1678
258, 1677
61118, 1676
122232, 1676
12277, 1675
20665, 1675
62128, 1675
82071, 1675
82160, 1675
98140, 1675
103901, 1675
112482, 1675
117674, 1675
126835, 1675
130489, 1675
146459, 1675
162468, 1675
166031, 1675
176265, 1675
192095, 1675
220651, 1675
230752, 1675
252649, 1675
271745, 1675
280614, 1675
281278, 1675
294666, 1675
2509, 1674
6277, 1674
13307, 1674
26910, 1674
33388, 1674
34152, 1674
54628, 1674
54833, 1674
105722, 1674
108735, 1674
121171, 1674
129390, 1674
248731, 1674
266606, 1674
290466, 1674
159264, 1672
88605, 1671
420, 1670
37486, 1670
45686, 1670
53368, 1670
96324, 1670
48959, 1667
54744, 1667
58556, 1667
60509, 1667
85882, 1667
92428, 1667
93156, 1667
99247, 1667
110110, 1667
113213, 1667
125839, 1667
128048, 1667
136888, 1667
148777, 1667
149506, 1667
163145, 1667
176706, 1667
195266, 1667
290918, 1667
295277, 1667
52667, 1666
81493, 1666
162515, 1666
185947, 1666
82413, 1664
167464, 1664
33685, 1663
13671, 1662
88042, 1662
165759, 1662
189530, 1662
135618, 1661
143155, 1661
154305, 1661
170476, 1661
215938, 1661
192810, 1660
1044, 1657
9633, 1657
173484, 1657
229955, 1657
473, 1655
25687, 1655
49296, 1654
59290, 1654
64648, 1654
84644, 1654
88713, 1654
98725, 1654
115341, 1654
149962, 1654
165498, 1654
207874, 1654
5456, 1653
225730, 1653
27571, 1652
57338, 1652
57610, 1652
78031, 1652
152522, 1652
155835, 1652
184661, 1652
21545, 1650
205733, 1650
42907, 1648
62326, 1648
72272, 1648
78692, 1648
84515, 1648
129908, 1648
46563, 1647
141639, 1647
172524, 1647
265609, 1647
276765, 1647
210112, 1646
249490, 1645
287963, 1645
81166, 1644
263438, 1644
22594, 1643
69111, 1643
13073, 1642
487, 1639
1013, 1639
59531, 1638
245953, 1638
59038, 1637
32920, 1636
51658, 1636
134830, 1636
178577, 1636
250022, 1636
284513, 1636
208137, 1635
19133, 1634
30679, 1634
37748, 1634
89746, 1634
108297, 1634
141387, 1634
1379, 1633
43231, 1633
72635, 1633
111637, 1633
152927, 1633
173471, 1633
198183, 1633
16433, 1632
7066, 1631
58167, 1631
102266, 1631
161823, 1631
285272, 1631
7491, 1628
13017, 1628
14511, 1628
17545, 1628
28624, 1628
36271, 1628
48839, 1628
71466, 1628
72847, 1628
85153, 1628
92076, 1628
97917, 1628
100711, 1628
125057, 1628
127851, 1628
140632, 1628
143206, 1628
156943, 1628
181518, 1628
195742, 1628
209474, 1628
216184, 1628
226332, 1628
241446, 1628
246702, 1628
255485, 1628
258229, 1628
261499, 1628
273263, 1628
287710, 1628
65030, 1627
282378, 1626
48477, 1625
16483, 1624
45188, 1624
80515, 1624
136316, 1624
137361, 1624
141625, 1624
145271, 1624
191388, 1624
42008, 1623
53620, 1623
21200, 1622
55656, 1622
72434, 1622
124207, 1622
158871, 1622
180867, 1622
184404, 1622
208617, 1622
249976, 1622
251216, 1622
272291, 1622
279120, 1622
14353, 1621
110129, 1621
197336, 1621
229113, 1621
10686, 1620
11501, 1620
16547, 1620
37213, 1620
39440, 1620
64189, 1620
82423, 1620
88241, 1620
93656, 1620
121373, 1620
126355, 1620
127346, 1620
132845, 1620
139685, 1620
144400, 1620
148024, 1620
156349, 1620
160148, 1620
177007, 1620
180838, 1620
185233, 1620
186604, 1620
196846, 1620
197637, 1620
215079, 1620
234733, 1620
239537, 1620
244438, 1620
260165, 1620
266357, 1620
269282, 1620
290287, 1620
290516, 1620
28861, 1619
273996, 1619
64971, 1618
85847, 1618
89591, 1618
98577, 1618
123605, 1618
136357, 1618
173907, 1618
177797, 1618
213432, 1618
222990, 1618
256951, 1618
267943, 1618
277689, 1618
289626, 1618
4508, 1616
97634, 1616
99433, 1616
283322, 1616
28805, 1615
162366, 1615
222989, 1615
268334, 1615
278093, 1615
55640, 1611
107740, 1611
250036, 1611
55424, 1610
24510, 1609
1756, 1608
49657, 1608
89773, 1608
403, 1607
4443, 1607
5747, 1607
12417, 1607
80787, 1607
96256, 1607
127210, 1607
289711, 1607
96095, 1605
213364, 1604
4962, 1603
12631, 1603
15029, 1603
29484, 1603
161127, 1603
184567, 1603
222188, 1603
104051, 1602
123841, 1602
2573, 1601
135334, 1601
140094, 1601
268003, 1601
156589, 1600
26654, 1599
160801, 1599
278161, 1599
4263, 1598
162293, 1598
36659, 1597
38059, 1597
41650, 1597
57367, 1597
72415, 1597
176814, 1597
19789, 1596
45436, 1596
7201, 1595
26455, 1595
28583, 1595
30274, 1595
68371, 1595
88940, 1595
104058, 1595
131253, 1595
195004, 1595
29621, 1593
71752, 1593
106739, 1593
113974, 1593
170013, 1593
178936, 1593
202835, 1593
212551, 1593
228000, 1593
236611, 1593
240825, 1593
247180, 1593
249911, 1593
254392, 1593
265309, 1593
270364, 1593
276066, 1593
278262, 1593
292971, 1593
293573, 1593
295844, 1593
31022, 1592
96113, 1592
132804, 1592
286167, 1592
34243, 1591
49374, 1591
75315, 1591
243966, 1591
271460, 1591
8506, 1588
22239, 1588
166371, 1588
267999, 1588
273335, 1588
277062, 1588
10438, 1587
32308, 1587
36960, 1587
60977, 1587
24731, 1586
143441, 1586
218026, 1586
246513, 1586
256791, 1586
101760, 1585
15038, 1584
17775, 1584
20499, 1584
24228, 1584
45463, 1584
52608, 1584
54823, 1584
55374, 1584
87754, 1584
94250, 1584
111009, 1584
179028, 1584
80595, 1583
123453, 1583
17537, 1582
35453, 1582
40153, 1582
141148, 1582
172824, 1582
223556, 1582
234776, 1582
250544, 1582
270473, 1582
277617, 1582
280507, 1582
42009, 1581
127024, 1581
196895, 1581
18228, 1580
33563, 1580
61411, 1580
65715, 1580
66494, 1580
79239, 1580
5079, 1579
87911, 1579
131508, 1579
275391, 1579
277204, 1579
15295, 1578
84185, 1578
109175, 1578
17670, 1577
117683, 1577
240569, 1577
286223, 1577
77949, 1576
113552, 1576
196406, 1576
198740, 1576
3492, 1575
3772, 1575
68762, 1575
186903, 1575
208304, 1575
7823, 1574
36718, 1574
60552, 1574
118362, 1574
167030, 1574
177040, 1574
251871, 1573
839, 1571
62350, 1571
287180, 1571
9515, 1570
23690, 1570
42729, 1570
52497, 1570
77545, 1570
77962, 1570
106010, 1570
156078, 1570
189830, 1570
217133, 1570
222951, 1570
232521, 1570
15509, 1569
35584, 1569
37912, 1569
41435, 1569
66135, 1569
86515, 1569
111524, 1569
184453, 1569
248526, 1569
287812, 1569
22896, 1568
68015, 1568
99148, 1568
267712, 1568
268561, 1568
276120, 1568
80069, 1566
202826, 1566
204372, 1566
245086, 1566
5120, 1565
39411, 1565
226430, 1565
23536, 1564
29321, 1564
84633, 1564
91763, 1564
146451, 1564
155686, 1564
191807, 1564
214967, 1564
115684, 1563
17135, 1562
30200, 1562
52694, 1562
67630, 1562
71058, 1562
137841, 1562
154306, 1562
158464, 1562
176857, 1562
189676, 1562
208476, 1562
222654, 1562
225538, 1562
110763, 1561
194740, 1561
19733, 1560
125923, 1560
263833, 1560
21303, 1559
25767, 1559
32116, 1559
32539, 1559
32647, 1559
37297, 1559
37988, 1559
48819, 1559
59723, 1559
63643, 1559
65207, 1559
75589, 1559
77377, 1559
80822, 1559
87080, 1559
87799, 1559
154847, 1559
158714, 1559
185001, 1559
238456, 1559
29519, 1557
47080, 1557
123828, 1557
127663, 1557
128626, 1557
19478, 1556
63239, 1556
187261, 1556
200902, 1556
31144, 1555
47655, 1555
10812, 1554
45084, 1554
62605, 1554
65561, 1554
65875, 1554
77349, 1554
92541, 1554
102574, 1554
103930, 1554
141603, 1554
146778, 1554
151488, 1554
162967, 1554
167005, 1554
168056, 1554
168894, 1554
172937, 1554
173880, 1554
189269, 1554
195467, 1554
199126, 1554
238214, 1554
242518, 1554
247331, 1554
252644, 1554
263132, 1554
264498, 1554
268706, 1554
270921, 1554
271834, 1554
281594, 1554
289781, 1554
3194, 1553
63714, 1553
68910, 1553
83099, 1553
111758, 1553
209129, 1553
52535, 1552
276462, 1552
17081, 1551
19948, 1551
22963, 1551
38341, 1551
45390, 1551
46312, 1551
49467, 1551
50396, 1551
51029, 1551
60392, 1551
60505, 1551
84164, 1551
88438, 1551
92890, 1551
101318, 1551
118912, 1551
152262, 1551
153317, 1551
153472, 1551
163282, 1551
172593, 1551
174631, 1551
190397, 1551
205941, 1551
221244, 1551
246613, 1551
291509, 1551
294082, 1551
37899, 1550
69788, 1550
80180, 1550
201654, 1550
38135, 1549
41940, 1549
46137, 1549
94486, 1549
97858, 1549
117091, 1549
132870, 1549
162882, 1549
263745, 1549
738, 1548
81964, 1548
249136, 1548
29131, 1547
41959, 1547
51607, 1547
83174, 1547
130655, 1547
198689, 1547
8978, 1546
9231, 1546
24418, 1546
65299, 1546
76854, 1546
87456, 1546
99632, 1546
101096, 1546
121809, 1546
129200, 1546
152369, 1546
162432, 1546
186927, 1546
23722, 1545
257837, 1545
27050, 1544
34404, 1544
57168, 1544
99427, 1544
33695, 1543
176085, 1543
20289, 1542
20727, 1542
42338, 1542
81511, 1542
141504, 1542
163162, 1542
164752, 1542
191024, 1542
275414, 1542
293599, 1542
927, 1541
3746, 1541
35946, 1541
73041, 1541
83052, 1541
109583, 1541
119199, 1541
126115, 1541
132707, 1541
157887, 1541
200559, 1541
208442, 1541
222472, 1541
238618, 1541
243138, 1541
273738, 1541
273921, 1541
282962, 1541
17760, 1539
99601, 1539
107275, 1539
140720, 1539
200030, 1539
204758, 1539
250486, 1539
270787, 1539
39734, 1538
59117, 1538
102387, 1538
226723, 1538
14926, 1537
60471, 1537
212938, 1537
272394, 1537
39346, 1536
40302, 1536
64599, 1536
87542, 1536
158117, 1536
89270, 1535
63378, 1534
68364, 1534
94461, 1534
179429, 1534
266642, 1534
277108, 1534
20166, 1533
148774, 1533
178841, 1533
211767, 1533
268327, 1533
6097, 1532
95281, 1531
4870, 1530
26274, 1530
55603, 1530
85202, 1530
96004, 1530
101930, 1530
105978, 1530
107870, 1530
112152, 1530
115722, 1530
125570, 1530
127568, 1530
132204, 1530
143603, 1530
156380, 1530
159239, 1530
162862, 1530
169223, 1530
183918, 1530
185407, 1530
189624, 1530
189974, 1530
190207, 1530
192923, 1530
195657, 1530
196437, 1530
197416, 1530
202353, 1530
203991, 1530
214085, 1530
214979, 1530
219506, 1530
221095, 1530
223587, 1530
224023, 1530
231057, 1530
233828, 1530
233930, 1530
234312, 1530
243240, 1530
249214, 1530
249718, 1530
252106, 1530
255034, 1530
258554, 1530
259604, 1530
262732, 1530
266848, 1530
266918, 1530
267026, 1530
267771, 1530
268953, 1530
270038, 1530
271480, 1530
272991, 1530
274038, 1530
277141, 1530
280658, 1530
284327, 1530
285549, 1530
286803, 1530
287707, 1530
287882, 1530
289370, 1530
289778, 1530
290406, 1530
291468, 1530
111253, 1528
177549, 1527
215502, 1527
231454, 1527
263760, 1527
283905, 1527
82221, 1526
24517, 1525
40486, 1525
126628, 1525
134434, 1525
143014, 1525
149944, 1525
152539, 1525
154275, 1525
155375, 1525
165766, 1525
170405, 1525
198815, 1525
240027, 1525
240834, 1525
241781, 1525
256073, 1525
261949, 1525
268190, 1525
273957, 1525
56862, 1524
74312, 1524
122883, 1524
161649, 1524
231333, 1524
266199, 1524
287830, 1524
294873, 1524
169842, 1523
184744, 1523
213124, 1523
165339, 1522
62341, 1521
166609, 1521
260444, 1521
285678, 1521
92, 1520
6250, 1520
28828, 1520
28946, 1520
34901, 1520
36604, 1520
41787, 1520
84241, 1520
147119, 1520
257825, 1520
37870, 1519
57602, 1519
64141, 1519
82611, 1519
116645, 1519
211921, 1519
223270, 1519
244689, 1519
254883, 1519
280577, 1519
295266, 1519
8695, 1518
97430, 1518
202922, 1518
100063, 1517
137134, 1517
205929, 1517
216916, 1517
217055, 1517
260153, 1517
261454, 1517
291012, 1516
20179, 1515
21714, 1514
32595, 1514
65798, 1514
66876, 1514
79996, 1514
108180, 1514
113246, 1514
140557, 1514
170654, 1514
204009, 1514
17711, 1513
150249, 1513
276753, 1513
15097, 1511
15792, 1511
199898, 1511
207883, 1511
218854, 1511
17464, 1510
23200, 1510
200196, 1510
20604, 1509
22112, 1509
29888, 1509
210351, 1508
50491, 1507
115448, 1507
117251, 1507
254328, 1507
5871, 1506
5952, 1506
145471, 1506
224117, 1506
4963, 1504
14015, 1504
28075, 1504
31948, 1504
33265, 1504
57929, 1504
77401, 1504
90438, 1504
92743, 1504
95186, 1504
106028, 1504
113171, 1504
142611, 1504
149344, 1504
177043, 1504
179682, 1504
190444, 1504
192763, 1504
290278, 1504
109598, 1503
35980, 1502
109098, 1502
854, 1501
7886, 1501
9821, 1501
19644, 1501
22308, 1501
46919, 1501
129315, 1501
246058, 1501
5255, 1500
76087, 1500
79730, 1500
116593, 1500
187040, 1500
249140, 1500
270054, 1500
273646, 1500
280203, 1500
289631, 1500
13014, 1499
31220, 1499
41294, 1499
45488, 1499
64941, 1499
87285, 1499
124553, 1499
134991, 1499
172591, 1499
19202, 1498
23051, 1498
30192, 1498
46442, 1498
56467, 1498
67822, 1498
172538, 1498
175754, 1498
241127, 1498
276316, 1498
8744, 1495
29034, 1495
40368, 1495
82059, 1495
153752, 1495
159272, 1495
164245, 1495
24650, 1494
26392, 1494
214385, 1494
234015, 1494
8707, 1492
10104, 1492
20369, 1492
27138, 1492
81557, 1492
101298, 1492
113715, 1492
117724, 1492
132969, 1492
148546, 1492
154734, 1492
157609, 1492
171652, 1492
174358, 1492
189809, 1492
199609, 1492
204179, 1492
225959, 1492
228372, 1492
236584, 1492
244312, 1492
255350, 1492
256952, 1492
278778, 1492
281649, 1492
291146, 1492
294392, 1492
29562, 1491
131002, 1491
208178, 1491
4189, 1490
19719, 1490
29020, 1490
71617, 1490
93437, 1490
152018, 1490
175522, 1490
199562, 1490
257438, 1490
277171, 1490
3053, 1489
8647, 1489
9106, 1489
9863, 1489
13309, 1489
115883, 1489
249190, 1489
289330, 1489
1059, 1488
2941, 1488
3407, 1488
193268, 1488
285273, 1488
8049, 1487
9070, 1487
120799, 1487
187267, 1487
15869, 1485
19346, 1485
27148, 1485
72561, 1485
199582, 1485
10909, 1484
147580, 1484
44068, 1483
73562, 1483
103564, 1483
130516, 1483
150291, 1483
166567, 1483
172388, 1483
181017, 1483
185904, 1483
194577, 1483
203207, 1483
215837, 1483
221846, 1483
238409, 1483
239444, 1483
267958, 1483
271, 1482
81344, 1482
139696, 1482
195374, 1482
210613, 1482
223351, 1482
255234, 1482
256700, 1482
272538, 1482
275584, 1482
277798, 1482
279430, 1482
282262, 1482
286365, 1482
148557, 1481
4772, 1480
8815, 1480
78435, 1480
111594, 1480
185239, 1480
193714, 1480
194263, 1480
244588, 1480
293995, 1480
8283, 1479
40319, 1479
65003, 1479
90260, 1479
233486, 1479
251376, 1479
28027, 1478
56185, 1478
129297, 1478
136949, 1478
140665, 1478
140735, 1478
144086, 1478
152809, 1478
176250, 1478
178837, 1478
190629, 1478
201138, 1478
17380, 1477
56244, 1477
103480, 1477
158258, 1477
276859, 1477
23402, 1476
213282, 1476
48396, 1475
132942, 1475
158015, 1475
17895, 1474
54391, 1474
169218, 1474
571, 1473
900, 1473
4931, 1473
20110, 1473
121011, 1472
261902, 1472
23679, 1471
71273, 1471
154610, 1471
208441, 1471
237171, 1471
247792, 1471
51349, 1470
53437, 1470
136275, 1470
144921, 1470
291746, 1470
30212, 1469
49168, 1469
1332, 1468
2196, 1468
43228, 1468
52366, 1468
96024, 1468
99024, 1468
100939, 1468
103633, 1468
116570, 1468
118883, 1468
122278, 1468
156560, 1468
158544, 1468
162218, 1468
174196, 1468
181232, 1468
187193, 1468
191983, 1468
205422, 1468
223408, 1468
234722, 1468
256894, 1468
285709, 1468
285860, 1468
4838, 1467
14811, 1467
65710, 1467
95148, 1467
101294, 1467
156282, 1467
166574, 1467
4845, 1466
50260, 1466
65684, 1466
102285, 1466
107513, 1466
132009, 1466
143128, 1466
187079, 1466
204822, 1466
228419, 1466
256109, 1466
261146, 1466
265798, 1466
275950, 1466
277397, 1466
280474, 1466
58850, 1465
87288, 1465
91683, 1465
22955, 1464
28978, 1464
79224, 1464
115253, 1464
160056, 1464
33564, 1463
56877, 1463
84142, 1463
120985, 1463
197811, 1463
232070, 1463
251041, 1463
270257, 1463
293026, 1463
16227, 1462
2504, 1461
71976, 1461
122509, 1461
123070, 1461
178051, 1461
181866, 1461
236739, 1461
288761, 1461
3991, 1460
15957, 1460
37322, 1460
40811, 1460
59052, 1460
69172, 1460
71136, 1460
99874, 1460
100849, 1460
102164, 1460
121785, 1460
154261, 1460
240089, 1460
241379, 1460
292517, 1460
848, 1459
192840, 1459
255269, 1459
12843, 1458
63902, 1458
67682, 1458
87290, 1458
96571, 1458
108198, 1458
116872, 1458
123380, 1458
123943, 1458
128733, 1458
130359, 1458
140213, 1458
144409, 1458
151808, 1458
170136, 1458
211949, 1458
275423, 1458
284928, 1458
287888, 1458
65929, 1457
108722, 1457
203395, 1457
210043, 1457
215101, 1457
240509, 1457
242616, 1457
250248, 1457
262138, 1457
271488, 1457
273268, 1457
292300, 1457
6061, 1456
7340, 1456
7881, 1456
46274, 1456
72891, 1456
210389, 1456
6148, 1455
11026, 1455
146198, 1454
150933, 1454
193747, 1454
77206, 1453
227328, 1452
5098, 1451
27769, 1451
32484, 1451
34333, 1451
39620, 1451
58304, 1451
78110, 1451
283870, 1451
12213, 1450
19158, 1450
103830, 1450
105771, 1450
131523, 1450
149788, 1450
204979, 1450
267443, 1450
288776, 1450
289521, 1450
65185, 1449
81520, 1449
131109, 1449
132475, 1449
160752, 1449
165633, 1449
180620, 1449
187989, 1449
201762, 1449
214926, 1449
216252, 1449
217414, 1449
223371, 1449
226609, 1449
230862, 1449
234832, 1449
240300, 1449
243163, 1449
253496, 1449
256245, 1449
267593, 1449
275203, 1449
287870, 1449
294445, 1449
294672, 1449
296615, 1449
12310, 1448
41071, 1448
72283, 1448
103703, 1448
67394, 1447
69537, 1447
126942, 1447
181271, 1447
246614, 1447
255992, 1447
256670, 1447
272003, 1447
285745, 1447
35336, 1446
77553, 1446
80878, 1446
124357, 1446
246151, 1446
58305, 1445
61512, 1445
75992, 1445
92350, 1445
147749, 1445
247852, 1445
254038, 1445
98360, 1444
136537, 1444
150709, 1444
85072, 1443
120049, 1443
125163, 1443
163277, 1443
201404, 1443
202147, 1443
216201, 1443
225669, 1443
238834, 1443
246325, 1443
1678, 1442
91212, 1442
98244, 1442
217869, 1442
32201, 1441
33520, 1441
36329, 1441
50457, 1441
51307, 1441
53675, 1441
57445, 1441
59955, 1441
73207, 1441
129085, 1441
130766, 1441
1168, 1440
4856, 1440
13504, 1440
2897, 1439
50770, 1439
147983, 1439
203772, 1439
39037, 1438
42063, 1438
48343, 1438
64810, 1438
67355, 1438
68628, 1438
77059, 1438
98522, 1438
102974, 1438
136982, 1438
195437, 1438
204625, 1438
217898, 1438
223230, 1438
276535, 1438
278319, 1438
5635, 1437
15643, 1437
39380, 1437
85937, 1437
87402, 1437
91164, 1437
117449, 1437
134749, 1437
146057, 1437
147820, 1437
167626, 1437
169486, 1437
170326, 1437
170971, 1437
195902, 1437
217323, 1437
240671, 1437
247328, 1437
268157, 1437
50881, 1436
121763, 1436
137969, 1436
276105, 1436
18380, 1434
52645, 1434
107609, 1434
107829, 1434
120059, 1434
139030, 1434
150290, 1434
184727, 1434
243682, 1434
246994, 1434
248543, 1434
256102, 1434
269563, 1434
273651, 1434
279272, 1434
283699, 1434
290854, 1434
293076, 1434
293539, 1434
39786, 1433
166707, 1433
12032, 1432
218012, 1432
257915, 1432
145819, 1431
182333, 1431
182965, 1431
190740, 1431
198713, 1431
225086, 1431
288043, 1431
43815, 1430
57735, 1430
72534, 1430
149381, 1430
166233, 1430
182746, 1430
192698, 1430
199641, 1430
219031, 1430
220375, 1430
16025, 1429
16311, 1429
86848, 1429
102456, 1429
122532, 1429
210630, 1429
222415, 1429
245654, 1429
283479, 1429
61784, 1428
88833, 1428
90934, 1428
115648, 1428
157298, 1428
162024, 1428
197334, 1428
215188, 1428
240717, 1428
248715, 1428
32264, 1427
44657, 1427
98882, 1427
116299, 1427
174027, 1427
185772, 1427
194794, 1427
211521, 1427
225174, 1427
236658, 1427
248227, 1427
277308, 1427
287750, 1427
9571, 1426
15941, 1426
56378, 1426
127337, 1426
143615, 1426
193556, 1426
223913, 1426
247691, 1426
16573, 1425
42908, 1425
68769, 1425
77928, 1425
82971, 1425
89481, 1425
90837, 1425
130593, 1425
150306, 1425
154138, 1425
171949, 1425
191566, 1425
199233, 1425
218372, 1425
45595, 1424
57616, 1424
79204, 1424
90266, 1424
94100, 1424
165544, 1424
169649, 1424
185067, 1424
210680, 1424
245697, 1424
248421, 1424
266966, 1424
276777, 1424
278576, 1424
287063, 1424
5944, 1423
37110, 1423
65316, 1423
74427, 1423
2036, 1422
7182, 1422
12367, 1422
13284, 1422
19481, 1422
26589, 1422
30326, 1422
37598, 1422
39327, 1422
65431, 1422
68689, 1422
133786, 1422
166546, 1422
173886, 1422
199684, 1422
221137, 1422
226121, 1422
265446, 1422
103579, 1421
127270, 1421
136494, 1421
33503, 1420
40560, 1420
50978, 1420
94654, 1420
159106, 1420
204549, 1420
248410, 1420
285046, 1420
11363, 1419
72511, 1419
131263, 1419
51262, 1418
55304, 1418
62397, 1418
88602, 1418
97137, 1418
111319, 1418
114558, 1418
115404, 1418
144162, 1418
209902, 1418
219695, 1418
237905, 1418
241758, 1418
257453, 1418
109725, 1417
271465, 1417
19092, 1416
24152, 1416
47801, 1416
85318, 1416
93193, 1416
251664, 1416
104851, 1415
1814, 1414
12928, 1414
39745, 1414
191651, 1414
199142, 1414
9865, 1413
20938, 1413
31387, 1413
75859, 1413
78761, 1413
82028, 1413
88136, 1413
96130, 1413
112982, 1413
143782, 1413
242477, 1413
11452, 1412
20616, 1412
83942, 1412
49506, 1411
206594, 1411
258192, 1411
286213, 1411
486, 1410
40591, 1410
111295, 1410
172197, 1410
210, 1409
15006, 1409
29788, 1409
46977, 1409
57057, 1409
87196, 1409
111872, 1409
122633, 1409
150150, 1409
162010, 1409
180827, 1409
194596, 1409
202134, 1409
294384, 1409
40106, 1408
78249, 1408
142934, 1408
214116, 1408
238447, 1408
265234, 1408
286053, 1408
292857, 1408
10529, 1407
21393, 1407
26977, 1407
32662, 1407
33379, 1407
33614, 1407
36496, 1407
39500, 1407
40433, 1407
42566, 1407
43039, 1407
52499, 1407
62084, 1407
69910, 1407
70310, 1407
76066, 1407
77163, 1407
78193, 1407
79606, 1407
82217, 1407
90709, 1407
100686, 1407
113301, 1407
114869, 1407
116160, 1407
146242, 1407
150008, 1407
159213, 1407
171925, 1407
182997, 1407
189873, 1407
206701, 1407
216590, 1407
217668, 1407
232741, 1407
257268, 1407
266004, 1407
272838, 1407
275530, 1407
285562, 1407
287838, 1407
292520, 1407
292769, 1407
96268, 1406
176674, 1406
15321, 1405
32527, 1405
140868, 1405
189998, 1405
25890, 1404
80457, 1404
95788, 1404
114598, 1404
150387, 1404
160437, 1404
269781, 1404
296445, 1404
32387, 1403
75853, 1403
78185, 1403
88715, 1403
159791, 1403
176077, 1403
230545, 1403
251526, 1403
22341, 1401
23923, 1401
86290, 1401
116979, 1401
141746, 1401
277619, 1401
8189, 1400
68395, 1400
75858, 1400
89418, 1400
157767, 1400
179527, 1400
233357, 1400
242265, 1400
295572, 1400
43818, 1399
55270, 1399
66507, 1399
68941, 1399
83773, 1399
106648, 1399
127705, 1399
162610, 1399
209738, 1399
224914, 1399
235261, 1399
245872, 1399
296211, 1399
27576, 1398
107574, 1398
155079, 1398
168301, 1398
210652, 1398
43240, 1397
69497, 1397
110686, 1396
129458, 1396
272393, 1396
283141, 1396
18215, 1395
39615, 1395
97677, 1395
98848, 1395
132599, 1395
255547, 1395
290671, 1395
18409, 1394
81985, 1394
28527, 1393
51188, 1393
245303, 1393
37195, 1392
42892, 1392
55109, 1392
145903, 1392
147969, 1392
167449, 1392
171573, 1392
217705, 1392
227318, 1392
229907, 1392
232994, 1392
242128, 1392
263361, 1392
264968, 1392
277349, 1392
284187, 1392
284605, 1392
294095, 1392
110908, 1391
111154, 1391
129378, 1391
137459, 1391
178833, 1391
212851, 1391
217020, 1391
261921, 1391
280889, 1391
292222, 1391
22213, 1390
26954, 1390
30645, 1390
64607, 1390
134128, 1390
154677, 1390
205567, 1390
253784, 1390
292393, 1390
61345, 1389
93507, 1389
123436, 1389
140565, 1389
243247, 1389
247171, 1389
97815, 1388
17800, 1387
47795, 1387
82718, 1387
100402, 1387
132334, 1387
278555, 1387
11073, 1386
30409, 1386
35733, 1386
79688, 1386
85388, 1386
93772, 1386
156406, 1386
186783, 1386
274326, 1386
276918, 1386
221112, 1385
259387, 1385
6949, 1384
33405, 1384
68316, 1384
107971, 1383
163687, 1383
186263, 1383
492, 1382
554, 1382
4476, 1382
33444, 1382
47756, 1382
126385, 1382
232149, 1382
257809, 1382
289003, 1382
171739, 1381
225984, 1381
4503, 1380
6979, 1380
14510, 1380
17420, 1380
18498, 1380
32628, 1380
102359, 1380
106973, 1380
123078, 1380
128319, 1380
170214, 1380
230482, 1380
236239, 1380
286576, 1380
287364, 1380
120661, 1379
175121, 1379
194115, 1379
209292, 1379
228680, 1378
287816, 1378
3721, 1377
10255, 1377
128417, 1377
258512, 1377
5743, 1376
12763, 1376
37555, 1376
212812, 1376
61426, 1375
65583, 1375
68136, 1375
88188, 1375
127018, 1375
141087, 1375
220886, 1375
291374, 1375
7963, 1374
76548, 1374
183678, 1374
212610, 1374
80510, 1373
92272, 1373
113952, 1373
247582, 1373
60222, 1372
60583, 1372
61719, 1372
79369, 1372
232153, 1372
233994, 1372
255925, 1372
263194, 1372
283381, 1372
1734, 1370
12073, 1370
32652, 1370
54428, 1370
75287, 1370
86423, 1370
110557, 1370
119999, 1370
132884, 1370
147867, 1370
148809, 1370
150692, 1370
154879, 1370
224618, 1370
256531, 1370
274871, 1370
285841, 1370
46852, 1369
3050, 1368
12931, 1368
40865, 1368
50365, 1368
66139, 1368
67655, 1368
74908, 1368
151795, 1368
187456, 1368
219226, 1368
223066, 1368
10946, 1367
39053, 1367
60585, 1367
68729, 1367
92786, 1367
237640, 1367
262301, 1367
267428, 1367
287650, 1367
28494, 1366
29470, 1366
82880, 1366
232995, 1366
286457, 1366
225516, 1365
7113, 1364
12638, 1364
13586, 1364
17377, 1364
22258, 1364
22290, 1364
24907, 1364
34008, 1364
49475, 1364
55720, 1364
62591, 1364
73420, 1364
88015, 1364
17473, 1363
28897, 1363
123600, 1363
139558, 1363
18755, 1362
110505, 1362
182301, 1362
227129, 1362
12416, 1361
28886, 1361
30383, 1361
36949, 1361
41327, 1361
51960, 1361
55411, 1361
72471, 1361
122302, 1361
146437, 1361
147748, 1361
170785, 1361
171591, 1361
213068, 1361
220110, 1361
277628, 1361
54877, 1360
84029, 1360
106291, 1360
137378, 1360
228670, 1360
268073, 1360
144011, 1359
166449, 1359
195600, 1359
13987, 1358
6392, 1357
13512, 1357
67372, 1357
113037, 1357
204860, 1357
286050, 1357
3548, 1356
114960, 1356
171522, 1356
173017, 1356
181921, 1356
184148, 1356
188947, 1356
189409, 1356
189839, 1356
198448, 1356
200146, 1356
202171, 1356
211500, 1356
213312, 1356
231508, 1356
236604, 1356
243407, 1356
244288, 1356
254884, 1356
281341, 1356
285898, 1356
41789, 1355
93702, 1355
110884, 1355
114899, 1355
124026, 1355
125267, 1355
175428, 1355
183813, 1355
187215, 1355
287854, 1355
161468, 1354
17390, 1353
31327, 1353
47834, 1353
104916, 1353
130975, 1353
162871, 1353
8386, 1352
99172, 1352
133681, 1352
148606, 1352
152508, 1352
3920, 1351
35504, 1351
69692, 1351
71580, 1351
150470, 1351
157683, 1351
180552, 1351
44486, 1350
84753, 1350
56107, 1349
126049, 1349
167220, 1349
185305, 1349
208942, 1349
6164, 1348
6356, 1348
25384, 1348
40684, 1348
45925, 1348
57342, 1348
177342, 1348
246026, 1348
43833, 1347
134608, 1347
177829, 1347
42332, 1346
87682, 1346
102244, 1346
126740, 1346
145377, 1346
157259, 1346
221276, 1346
260926, 1346
284773, 1346
229512, 1345
5044, 1344
5934, 1344
9957, 1344
67003, 1344
69347, 1344
76319, 1344
78584, 1344
121847, 1344
138912, 1344
159754, 1344
172245, 1344
175113, 1344
178914, 1344
189886, 1344
191319, 1344
212964, 1344
225738, 1344
227578, 1344
257802, 1344
293264, 1344
295873, 1344
45088, 1343
140005, 1343
145633, 1343
186424, 1343
201788, 1343
18769, 1342
48209, 1342
56987, 1342
119261, 1342
163767, 1342
190809, 1342
110, 1341
13569, 1341
73024, 1341
93035, 1341
93472, 1341
133222, 1341
134328, 1341
141048, 1341
187779, 1341
234815, 1341
246270, 1341
247716, 1341
255183, 1341
279052, 1341
6602, 1340
52328, 1340
62672, 1340
150798, 1340
181608, 1340
240676, 1340
73164, 1339
73836, 1339
222630, 1339
109630, 1338
138767, 1338
198631, 1338
247894, 1338
253698, 1338
260961, 1338
268690, 1338
67886, 1337
6707, 1336
51310, 1336
83780, 1336
231061, 1336
3786, 1335
58331, 1335
113592, 1335
114941, 1335
165320, 1335
181559, 1335
232240, 1335
280888, 1335
282520, 1335
282733, 1335
284332, 1335
8130, 1334
185447, 1334
1433, 1333
3995, 1333
102583, 1333
109062, 1333
136201, 1333
161187, 1333
216972, 1333
4695, 1332
7628, 1332
8512, 1332
9946, 1332
11408, 1332
12030, 1332
54657, 1332
70270, 1332
76282, 1332
106196, 1332
166782, 1332
176415, 1332
275620, 1332
18959, 1331
30243, 1331
35293, 1331
43031, 1331
50443, 1331
57137, 1331
61541, 1331
73185, 1331
74893, 1331
75137, 1331
88580, 1331
91169, 1331
92059, 1331
95104, 1331
100194, 1331
106414, 1331
109860, 1331
112164, 1331
128051, 1331
128841, 1331
128944, 1331
137216, 1331
141420, 1331
142728, 1331
150438, 1331
152150, 1331
152524, 1331
153652, 1331
156020, 1331
159354, 1331
161131, 1331
162343, 1331
163460, 1331
167558, 1331
187944, 1331
192322, 1331
202600, 1331
203359, 1331
206425, 1331
207214, 1331
212318, 1331
214567, 1331
226129, 1331
228149, 1331
231715, 1331
236585, 1331
244625, 1331
248064, 1331
249064, 1331
252763, 1331
261502, 1331
263677, 1331
272325, 1331
277897, 1331
293101, 1331
20219, 1330
23813, 1330
46797, 1330
62490, 1330
85739, 1330
109143, 1330
119053, 1330
215763, 1330
230019, 1330
649, 1329
4055, 1329
4510, 1329
4773, 1329
41126, 1329
65314, 1329
66990, 1329
81826, 1329
89059, 1329
136257, 1329
155800, 1329
246910, 1329
278652, 1329
1174, 1328
3472, 1328
16909, 1328
34107, 1328
50488, 1328
53029, 1328
68352, 1328
72061, 1328
79870, 1328
80338, 1328
85710, 1328
91355, 1328
134383, 1328
186846, 1328
194087, 1328
273616, 1328
285251, 1328
1370, 1327
71003, 1327
90546, 1327
162616, 1327
4452, 1326
4604, 1326
12523, 1326
241610, 1326
74964, 1325
78607, 1325
105554, 1325
123166, 1325
127959, 1325
170610, 1325
217731, 1325
232406, 1325
76, 1324
1214, 1324
103472, 1324
114817, 1324
211582, 1324
232734, 1324
10441, 1323
28931, 1323
283128, 1323
15121, 1322
24216, 1322
53305, 1322
58284, 1322
66031, 1322
74846, 1322
98763, 1322
110510, 1322
217964, 1322
252897, 1322
259283, 1322
18347, 1321
144623, 1321
182791, 1321
188174, 1321
189786, 1321
16174, 1320
61694, 1320
73925, 1320
88279, 1320
79052, 1319
202754, 1319
223391, 1319
224876, 1319
252181, 1319
259500, 1319
25201, 1318
58457, 1318
164681, 1318
1706, 1317
5566, 1317
7389, 1317
19020, 1317
19993, 1317
77890, 1317
82669, 1317
111251, 1317
111654, 1317
185272, 1317
51747, 1316
259299, 1316
17232, 1315
103557, 1315
275665, 1315
7706, 1314
33412, 1314
37884, 1314
75244, 1314
91651, 1314
117429, 1314
163415, 1314
166135, 1314
247686, 1314
262280, 1314
269988, 1314
271580, 1314
5028, 1313
20653, 1313
21228, 1313
25662, 1313
60526, 1313
92726, 1313
111173, 1313
111462, 1313
130577, 1313
133763, 1313
136671, 1313
163937, 1313
189444, 1313
212856, 1313
216868, 1313
223195, 1313
280925, 1313
283800, 1313
41881, 1312
89073, 1312
100814, 1312
102015, 1312
109581, 1312
133826, 1312
156890, 1312
160839, 1312
164904, 1312
16257, 1311
49794, 1311
52336, 1311
126474, 1311
37274, 1310
63293, 1310
77551, 1310
96394, 1310
136721, 1310
136934, 1310
140610, 1310
142225, 1310
150593, 1310
152553, 1310
163941, 1310
171394, 1310
172733, 1310
177722, 1310
180487, 1310
185185, 1310
194337, 1310
195678, 1310
202929, 1310
208261, 1310
215985, 1310
224256, 1310
225022, 1310
231799, 1310
233328, 1310
239651, 1310
241436, 1310
259664, 1310
269190, 1310
278680, 1310
281692, 1310
39216, 1309
1551, 1308
1733, 1308
2027, 1308
2034, 1308
6142, 1308
12444, 1308
31733, 1308
71125, 1308
77218, 1308
275050, 1308
280617, 1308
289508, 1308
291818, 1308
11000, 1307
215077, 1307
62151, 1305
106749, 1305
160120, 1305
199394, 1305
209948, 1305
280477, 1305
684, 1304
11160, 1304
18176, 1304
27701, 1304
38622, 1304
44555, 1304
46621, 1304
72748, 1304
98817, 1304
157003, 1304
172871, 1304
238807, 1304
288600, 1304
119617, 1303
172826, 1303
219126, 1303
224946, 1303
238097, 1303
280143, 1303
22301, 1302
39655, 1302
66035, 1302
94161, 1302
98570, 1302
145222, 1302
150160, 1302
154212, 1302
201869, 1302
266952, 1302
70455, 1301
161244, 1301
175217, 1301
259172, 1301
6259, 1300
20010, 1300
53366, 1300
78228, 1300
78395, 1300
105534, 1300
105926, 1300
108549, 1300
119185, 1300
130930, 1300
140711, 1300
152096, 1300
162352, 1300
163606, 1300
177267, 1300
197870, 1300
205814, 1300
217736, 1300
234748, 1300
251886, 1300
284095, 1300
32492, 1299
40193, 1299
106616, 1299
118407, 1299
132948, 1299
151000, 1299
163628, 1299
33826, 1298
73227, 1298
122428, 1298
149144, 1298
149636, 1298
192358, 1298
195798, 1298
197641, 1298
229173, 1298
244753, 1298
250780, 1298
264072, 1298
292632, 1298
9625, 1297
9965, 1297
10433, 1297
18054, 1297
18972, 1297
19288, 1297
21466, 1297
22551, 1297
24318, 1297
27653, 1297
37969, 1297
55401, 1297
62322, 1297
81454, 1297
108039, 1297
3069, 1296
25609, 1296
31263, 1296
103436, 1296
112352, 1296
114965, 1296
118148, 1296
130762, 1296
135877, 1296
210138, 1296
272736, 1296
26999, 1295
30723, 1295
69838, 1295
87224, 1295
165884, 1295
180843, 1295
212868, 1295
64863, 1294
94926, 1294
103286, 1294
106847, 1294
111277, 1294
132573, 1294
135681, 1294
188858, 1294
240734, 1294
164687, 1293
130, 1292
29790, 1292
39435, 1292
80378, 1292
2224, 1291
65967, 1291
70795, 1291
92236, 1291
92981, 1291
109730, 1291
111245, 1291
125910, 1291
175932, 1291
205585, 1291
233893, 1291
277648, 1291
6212, 1290
30452, 1290
71769, 1290
83437, 1290
148006, 1290
204024, 1290
236295, 1290
280321, 1290
291267, 1290
11229, 1289
7462, 1288
7744, 1288
20504, 1288
21095, 1288
34078, 1288
49464, 1288
49683, 1288
62228, 1288
138217, 1288
785, 1287
70953, 1287
170888, 1287
192166, 1287
215579, 1287
7877, 1286
47242, 1286
64656, 1286
87604, 1286
134573, 1286
176711, 1286
246460, 1286
255812, 1286
15266, 1285
19096, 1285
21648, 1285
46465, 1285
79764, 1285
118536, 1285
142098, 1285
227854, 1285
259250, 1285
276835, 1285
295410, 1285
3841, 1284
43941, 1284
65034, 1284
98837, 1284
151766, 1284
204039, 1284
280148, 1284
5496, 1283
21358, 1283
275474, 1283
36367, 1282
41975, 1282
64848, 1282
72527, 1282
77716, 1282
81082, 1282
85186, 1282
101978, 1282
120691, 1282
149063, 1282
190707, 1282
9619, 1281
18290, 1281
42866, 1281
60959, 1281
144088, 1281
200547, 1281
281282, 1281
200290, 1280
17766, 1279
61896, 1279
63335, 1279
14716, 1278
43389, 1278
88777, 1278
107656, 1278
137123, 1278
147446, 1278
147485, 1278
161326, 1278
170448, 1278
179589, 1278
220063, 1278
250576, 1278
292863, 1278
25454, 1277
51569, 1277
62932, 1277
80971, 1277
129372, 1277
184250, 1277
734, 1276
9216, 1276
114077, 1276
277696, 1276
15781, 1275
24546, 1275
27946, 1275
52272, 1275
91674, 1275
106618, 1275
109775, 1275
152135, 1275
187723, 1275
245983, 1275
5092, 1274
15770, 1274
51898, 1274
205109, 1274
208564, 1274
20, 1273
23356, 1273
55308, 1273
72332, 1273
78145, 1273
148263, 1273
239972, 1273
16235, 1272
35297, 1272
45492, 1272
49810, 1272
51483, 1272
53175, 1272
58155, 1272
66756, 1272
74624, 1272
75643, 1272
76916, 1272
78276, 1272
78588, 1272
85032, 1272
86780, 1272
103712, 1272
122643, 1272
138364, 1272
145985, 1272
147324, 1272
148075, 1272
150187, 1272
177894, 1272
179110, 1272
180001, 1272
181641, 1272
226714, 1272
249188, 1272
68775, 1271
226710, 1271
15694, 1270
10694, 1269
13233, 1269
52144, 1269
66140, 1269
223059, 1269
255639, 1269
275314, 1269
281420, 1269
287856, 1269
67237, 1268
242621, 1268
3595, 1267
15793, 1267
18458, 1267
119331, 1267
285862, 1267
203676, 1266
225261, 1266
257513, 1266
266749, 1266
15369, 1265
22446, 1265
23028, 1265
48709, 1265
22791, 1264
80076, 1264
27426, 1263
73375, 1263
78647, 1263
80712, 1263
93032, 1263
115733, 1263
122680, 1263
122705, 1263
140380, 1263
189894, 1263
197512, 1263
290207, 1263
58867, 1262
93369, 1262
109227, 1262
114389, 1262
124397, 1262
213004, 1262
223316, 1262
226629, 1262
3359, 1261
109778, 1261
7598, 1260
15184, 1260
23608, 1260
39088, 1260
70748, 1260
103860, 1260
106065, 1260
117017, 1260
196821, 1260
213471, 1260
217070, 1260
510, 1259
1642, 1259
29225, 1259
36538, 1259
52603, 1259
200181, 1259
3062, 1258
4573, 1258
15414, 1258
15490, 1258
16014, 1258
21455, 1258
52294, 1258
170777, 1258
231195, 1258
49904, 1257
92920, 1257
105004, 1257
109131, 1257
126269, 1257
156622, 1257
185292, 1257
205734, 1257
234084, 1257
9133, 1256
18534, 1256
249768, 1256
23731, 1255
136462, 1255
148417, 1255
196415, 1255
205739, 1255
22836, 1254
27927, 1254
31816, 1254
45658, 1254
63231, 1254
134085, 1254
142305, 1254
172927, 1254
174430, 1254
180604, 1254
205703, 1254
227862, 1254
267381, 1254
267438, 1254
296478, 1254
6616, 1253
23121, 1253
55659, 1253
102499, 1253
105308, 1253
174052, 1253
214162, 1253
11831, 1252
13614, 1252
71931, 1252
75181, 1252
91404, 1252
99347, 1252
111132, 1252
174666, 1252
175404, 1252
183374, 1252
296564, 1252
12456, 1251
15491, 1251
35443, 1251
52919, 1251
61002, 1251
79797, 1251
90389, 1251
106713, 1251
129494, 1251
141478, 1251
145143, 1251
160565, 1251
192507, 1251
213127, 1251
217303, 1251
230012, 1251
233870, 1251
239455, 1251
244840, 1251
252437, 1251
258833, 1251
64074, 1250
78137, 1250
91655, 1250
108981, 1250
197631, 1250
213379, 1250
2918, 1249
7410, 1249
15652, 1249
47604, 1249
47624, 1249
64886, 1249
78218, 1249
113450, 1249
131174, 1249
157801, 1249
204677, 1249
284911, 1249
32001, 1248
40945, 1248
106126, 1248
126068, 1248
128296, 1248
139882, 1248
214022, 1248
217149, 1248
218730, 1248
264174, 1248
293414, 1248
70312, 1247
77060, 1247
97292, 1247
208931, 1247
242836, 1247
246247, 1247
258987, 1247
276893, 1247
1910, 1246
2010, 1246
2257, 1246
49033, 1246
56864, 1246
86075, 1246
140841, 1246
198556, 1246
236490, 1246
11701, 1245
25198, 1245
41877, 1245
69201, 1245
100528, 1245
108490, 1245
218830, 1245
251936, 1245
267155, 1245
282048, 1245
175371, 1244
223572, 1244
239943, 1244
6247, 1243
13557, 1243
42281, 1243
55566, 1243
68212, 1243
93501, 1243
119187, 1243
135177, 1243
175826, 1243
198840, 1243
217915, 1243
258299, 1243
284011, 1243
31817, 1242
38391, 1242
65067, 1242
82316, 1242
85748, 1242
90114, 1242
97162, 1242
110606, 1242
166116, 1242
175229, 1242
232245, 1242
277367, 1242
283924, 1242
34945, 1241
42960, 1241
83181, 1241
1283, 1240
1609, 1240
1686, 1240
1759, 1240
1803, 1240
1835, 1240
1907, 1240
17790, 1240
22240, 1240
23022, 1240
57962, 1240
72815, 1240
128324, 1240
150444, 1240
228760, 1240
11940, 1239
170245, 1239
224141, 1239
259708, 1239
14359, 1238
67765, 1238
117158, 1238
132484, 1238
133378, 1238
228835, 1238
266449, 1238
271862, 1238
36810, 1237
71331, 1237
165391, 1237
48813, 1236
66120, 1236
66946, 1236
116187, 1236
141616, 1236
142605, 1236
155061, 1236
177525, 1236
193055, 1236
227845, 1236
235355, 1236
286557, 1236
117385, 1235
128900, 1235
196696, 1235
224304, 1235
21, 1234
13282, 1234
61008, 1234
73742, 1234
95578, 1234
137629, 1234
154534, 1234
188597, 1234
189548, 1234
204264, 1234
207859, 1234
233877, 1234
247047, 1234
28306, 1233
60917, 1233
287006, 1233
7034, 1232
7676, 1232
8286, 1232
20353, 1232
33250, 1232
34983, 1232
55069, 1232
57479, 1232
63228, 1232
64268, 1232
69413, 1232
85946, 1232
99636, 1232
116856, 1232
134036, 1232
161884, 1232
168919, 1232
179396, 1232
200969, 1232
204130, 1232
214297, 1232
226529, 1232
237904, 1232
249653, 1232
296477, 1232
13377, 1231
31572, 1231
57166, 1231
60043, 1231
84844, 1231
132747, 1231
148480, 1231
213230, 1231
224528, 1231
265046, 1231
7849, 1230
9741, 1230
12979, 1230
26722, 1230
48397, 1230
50503, 1230
59082, 1230
62073, 1230
65462, 1230
65697, 1230
107804, 1230
225482, 1230
268078, 1230
10861, 1229
22760, 1229
118216, 1229
134603, 1229
181162, 1229
202823, 1229
57628, 1228
73601, 1228
137888, 1228
32922, 1227
135175, 1227
292793, 1227
2082, 1226
67803, 1226
78419, 1226
82516, 1226
85242, 1226
85936, 1226
92557, 1226
100563, 1226
116320, 1226
194074, 1226
197097, 1226
207034, 1226
207949, 1226
232553, 1226
246280, 1226
282756, 1226
283179, 1226
288085, 1226
6310, 1225
9881, 1225
27767, 1225
102078, 1225
226005, 1225
226050, 1225
295439, 1225
11758, 1224
19974, 1224
38593, 1224
67198, 1224
186548, 1224
215559, 1224
217110, 1224
263929, 1224
49677, 1223
62652, 1223
102662, 1223
140679, 1223
222094, 1223
278025, 1223
1730, 1222
1778, 1222
26009, 1222
44906, 1222
58667, 1222
72987, 1222
101632, 1222
176677, 1222
188105, 1222
249354, 1222
267634, 1222
294323, 1222
42172, 1221
45224, 1221
67340, 1221
141645, 1221
149349, 1221
183112, 1221
223639, 1221
224915, 1221
238349, 1221
259012, 1221
11778, 1220
26500, 1220
45025, 1220
69303, 1220
143949, 1220
264678, 1220
18605, 1219
32849, 1219
46899, 1219
63747, 1219
69756, 1219
106466, 1219
123590, 1219
182302, 1219
191270, 1219
219659, 1219
231173, 1219
239619, 1219
244968, 1219
281778, 1219
281825, 1219
296125, 1219
17553, 1218
28537, 1218
59370, 1218
64146, 1218
83472, 1218
132180, 1218
146627, 1218
153404, 1218
159430, 1218
207636, 1218
248440, 1218
5781, 1217
22011, 1217
108666, 1217
126909, 1217
134567, 1217
1729, 1216
1821, 1216
1867, 1216
1920, 1216
1937, 1216
1938, 1216
1964, 1216
2019, 1216
2042, 1216
16666, 1216
22464, 1216
41532, 1216
68362, 1216
83605, 1216
94228, 1216
96000, 1216
98800, 1216
102320, 1216
125145, 1216
174329, 1216
205244, 1216
229389, 1216
264155, 1216
296105, 1216
916, 1215
13553, 1215
20318, 1215
35090, 1215
38786, 1215
38891, 1215
49081, 1215
74333, 1215
84783, 1215
106686, 1215
171711, 1215
182358, 1215
186156, 1215
189365, 1215
239177, 1215
247049, 1215
261742, 1215
285184, 1215
2919, 1214
10979, 1214
18080, 1214
24845, 1214
29389, 1214
43899, 1214
44714, 1214
69666, 1214
100217, 1214
102177, 1214
125906, 1214
128010, 1214
142138, 1214
154238, 1214
159223, 1214
170126, 1214
195022, 1214
235290, 1214
270401, 1214
271425, 1214
143099, 1213
280535, 1213
11704, 1212
22915, 1212
58229, 1212
67053, 1212
247945, 1212
251859, 1212
33181, 1211
42251, 1211
47062, 1211
49939, 1211
62323, 1211
70691, 1211
82346, 1211
95048, 1211
128379, 1211
135379, 1211
210793, 1211
218137, 1211
237369, 1211
250448, 1211
13121, 1210
42066, 1210
59842, 1210
170066, 1210
254094, 1210
258181, 1210
265435, 1210
270289, 1210
10645, 1209
35684, 1209
37177, 1209
138120, 1209
200026, 1209
61517, 1208
127790, 1208
31754, 1207
32079, 1207
115481, 1207
143273, 1207
256409, 1207
262997, 1207
31607, 1206
50740, 1206
87305, 1206
118668, 1206
123306, 1206
137232, 1206
284528, 1206
286146, 1206
6892, 1205
49003, 1205
49828, 1205
54120, 1205
86974, 1205
91367, 1205
131091, 1205
139710, 1205
152029, 1205
179656, 1205
192443, 1205
205769, 1205
205915, 1205
223691, 1205
227458, 1205
11905, 1204
13516, 1204
13650, 1204
30745, 1204
70710, 1204
71138, 1204
84931, 1204
96547, 1204
104000, 1204
135359, 1204
148031, 1204
151798, 1204
261687, 1204
51134, 1203
58279, 1203
81899, 1203
85660, 1203
108288, 1203
143262, 1203
158244, 1203
175587, 1203
176001, 1203
186811, 1203
223884, 1203
276645, 1203
17980, 1202
65872, 1201
159335, 1201
180150, 1201
204348, 1201
288727, 1201
293269, 1201
92371, 1200
170103, 1200
170253, 1200
202882, 1200
272535, 1200
293191, 1200
1784, 1199
1997, 1199
2641, 1199
2891, 1199
5967, 1199
17087, 1199
18777, 1199
53515, 1199
54169, 1199
76234, 1199
146461, 1199
177297, 1199
197579, 1199
254391, 1199
265765, 1199
59867, 1198
62955, 1198
83134, 1198
90764, 1198
93243, 1198
9994, 1197
16312, 1197
67770, 1197
163229, 1197
26519, 1196
29464, 1196
33839, 1196
214662, 1196
230712, 1196
25513, 1195
29446, 1195
34881, 1195
51223, 1195
80603, 1195
105310, 1195
107564, 1195
118609, 1195
118901, 1195
193758, 1195
231592, 1195
14159, 1194
32949, 1194
63694, 1194
150644, 1194
171799, 1194
200894, 1194
256931, 1194
263483, 1194
22073, 1193
49892, 1193
55219, 1193
218606, 1193
14458, 1192
19927, 1192
27643, 1192
35989, 1192
54795, 1192
63516, 1192
68642, 1192
102766, 1192
169955, 1192
209803, 1192
265543, 1192
265819, 1192
5520, 1191
7580, 1191
80735, 1191
89776, 1191
1621, 1190
4944, 1190
23125, 1190
31544, 1190
34787, 1190
61807, 1190
62941, 1190
150170, 1190
178392, 1190
200899, 1190
228078, 1190
243299, 1190
244074, 1190
268207, 1190
40495, 1189
43069, 1189
74679, 1189
86096, 1189
120965, 1189
245670, 1189
2661, 1188
9916, 1188
22562, 1188
36694, 1188
80042, 1188
130298, 1188
216455, 1188
242577, 1188
70137, 1187
127308, 1187
155533, 1187
177218, 1187
189450, 1187
212467, 1187
251010, 1187
285690, 1187
18155, 1186
71343, 1186
78558, 1186
83109, 1186
187232, 1186
6884, 1185
32817, 1185
45667, 1185
83633, 1185
196313, 1185
242411, 1185
6384, 1184
6397, 1184
19059, 1184
20360, 1184
58175, 1184
110938, 1184
136488, 1184
140355, 1184
155720, 1184
177638, 1184
247423, 1184
251854, 1184
277928, 1184
1368, 1183
2957, 1183
6176, 1183
21978, 1183
47414, 1183
60950, 1183
69125, 1183
79148, 1183
84953, 1183
89856, 1183
109658, 1183
113728, 1183
164556, 1183
171382, 1183
283990, 1183
6081, 1182
14917, 1182
33556, 1182
34327, 1182
43970, 1182
46255, 1182
68866, 1182
75778, 1182
92831, 1182
105485, 1182
116108, 1182
140325, 1182
172225, 1182
175089, 1182
183470, 1182
247360, 1182
259291, 1182
266964, 1182
7427, 1181
8832, 1181
107691, 1181
193755, 1181
217604, 1181
241563, 1181
118686, 1180
135320, 1180
137486, 1180
141676, 1180
154132, 1180
175035, 1180
280484, 1180
22751, 1179
71712, 1179
89115, 1179
102492, 1179
120488, 1179
152017, 1179
184922, 1179
211689, 1179
220046, 1179
50868, 1178
59298, 1178
73888, 1178
147122, 1178
151979, 1178
279305, 1178
1316, 1177
6803, 1177
28084, 1177
94149, 1177
109076, 1177
112624, 1177
139503, 1177
171841, 1177
268187, 1177
1711, 1176
2187, 1176
2556, 1176
3735, 1176
5202, 1176
5214, 1176
5661, 1176
59567, 1176
64837, 1176
89703, 1176
97787, 1176
179864, 1176
247637, 1176
57642, 1175
126718, 1175
171139, 1175
171893, 1175
178629, 1175
214983, 1175
255937, 1175
286218, 1175
9273, 1174
26261, 1174
133290, 1174
159023, 1174
200502, 1174
232091, 1174
16381, 1173
52431, 1173
76646, 1173
173820, 1173
213779, 1173
1159, 1172
21540, 1172
74683, 1172
89038, 1172
117918, 1172
120522, 1172
142435, 1172
155441, 1172
170942, 1172
247108, 1172
265299, 1172
105659, 1171
218310, 1171
291780, 1171
4895, 1170
11383, 1170
12090, 1170
15067, 1170
18340, 1170
62634, 1170
77212, 1170
78332, 1170
78661, 1170
96722, 1170
104304, 1170
282564, 1170
15153, 1169
18912, 1169
27352, 1169
127697, 1169
9400, 1168
10492, 1168
67784, 1168
107548, 1168
100655, 1167
125700, 1167
38086, 1166
106985, 1166
112640, 1166
139714, 1166
203008, 1166
211777, 1166
12008, 1165
55736, 1165
66435, 1165
74349, 1165
86847, 1165
151841, 1165
170144, 1165
271501, 1165
18640, 1164
35552, 1164
39622, 1164
59045, 1164
121986, 1164
192464, 1164
195875, 1164
196152, 1164
199713, 1164
220876, 1164
276967, 1164
282972, 1164
39955, 1163
57663, 1163
102770, 1163
112899, 1163
145307, 1163
155238, 1163
167862, 1163
207895, 1163
240095, 1163
288394, 1163
1707, 1162
11980, 1162
54317, 1162
119845, 1162
169669, 1162
13591, 1161
49279, 1161
71532, 1161
87769, 1161
99350, 1161
103174, 1161
193663, 1161
1285, 1160
2157, 1160
7120, 1160
22300, 1160
44250, 1160
87063, 1160
185643, 1160
261773, 1160
35856, 1159
153437, 1159
229213, 1159
250840, 1159
258291, 1159
8540, 1158
24591, 1158
80070, 1158
124257, 1158
175879, 1158
183083, 1158
209912, 1158
218113, 1158
251873, 1158
263923, 1158
267452, 1158
17348, 1157
17609, 1157
19545, 1157
30315, 1157
116330, 1157
167423, 1157
262287, 1157
21711, 1156
35568, 1156
64635, 1156
203004, 1156
212322, 1156
213437, 1156
274184, 1156
14742, 1155
25691, 1155
36996, 1155
39988, 1155
77569, 1155
86904, 1155
114925, 1155
131747, 1155
145394, 1155
198067, 1155
250363, 1155
1467, 1154
28802, 1154
35415, 1154
83334, 1154
140656, 1154
220219, 1154
224209, 1154
272521, 1154
2429, 1153
31531, 1153
36295, 1153
76103, 1153
196899, 1153
257376, 1153
26015, 1152
57685, 1152
109825, 1152
119457, 1152
135717, 1152
149021, 1152
165219, 1152
182966, 1152
203054, 1152
215586, 1152
217951, 1152
220579, 1152
236539, 1152
261673, 1152
265100, 1152
286579, 1152
3795, 1151
7501, 1151
15976, 1151
20564, 1151
41254, 1151
49935, 1151
66985, 1151
180518, 1151
10602, 1150
54775, 1150
128551, 1150
144946, 1150
165209, 1150
239625, 1150
239996, 1150
286922, 1150
6064, 1149
46291, 1149
53697, 1149
79634, 1149
110623, 1149
115820, 1149
166181, 1149
244720, 1149
254160, 1149
2060, 1148
6875, 1148
14864, 1148
57549, 1148
67127, 1148
90159, 1148
111581, 1148
163528, 1148
197174, 1148
42003, 1147
134988, 1147
144675, 1147
159251, 1147
171286, 1147
210922, 1147
13423, 1146
14246, 1146
41038, 1146
46206, 1146
62678, 1146
135581, 1146
161554, 1146
180558, 1146
236153, 1146
252235, 1146
16987, 1145
68571, 1145
105934, 1145
176447, 1145
201381, 1145
255846, 1145
3606, 1144
33172, 1144
61201, 1144
65864, 1144
132563, 1144
209770, 1144
29922, 1143
47039, 1143
49244, 1143
57716, 1143
64193, 1143
103402, 1143
137587, 1143
189684, 1143
231626, 1143
232019, 1143
235506, 1143
243854, 1143
261675, 1143
2063, 1142
11699, 1142
25737, 1142
39057, 1142
42472, 1142
61765, 1142
74096, 1142
75975, 1142
80968, 1142
84197, 1142
84360, 1142
102193, 1142
104704, 1142
109631, 1142
115685, 1142
119903, 1142
121456, 1142
131429, 1142
140341, 1142
144390, 1142
159551, 1142
162856, 1142
168568, 1142
169493, 1142
175917, 1142
181018, 1142
200213, 1142
201177, 1142
216621, 1142
218982, 1142
5476, 1141
13242, 1141
25417, 1141
117835, 1141
154069, 1141
181277, 1141
217191, 1141
237470, 1141
244108, 1141
272706, 1141
295499, 1141
5955, 1140
13039, 1140
34117, 1140
75699, 1140
162671, 1140
229341, 1140
277054, 1140
1359, 1139
8364, 1139
22542, 1139
60086, 1139
193965, 1139
3613, 1138
6931, 1138
9088, 1138
11834, 1138
30435, 1138
43410, 1138
51435, 1138
91731, 1138
100049, 1138
146935, 1138
164165, 1138
221202, 1138
229278, 1138
265068, 1138
13072, 1137
15847, 1137
28595, 1137
29626, 1137
35619, 1137
63935, 1137
66003, 1137
68375, 1137
79421, 1137
85046, 1137
91361, 1137
96520, 1137
102405, 1137
117642, 1137
141386, 1137
261563, 1137
292122, 1137
296230, 1137
4142, 1136
13964, 1136
16604, 1136
21038, 1136
104940, 1136
193661, 1136
14132, 1135
19852, 1135
10331, 1134
58980, 1134
66362, 1134
99820, 1134
107817, 1134
133364, 1134
177583, 1134
198845, 1134
235414, 1134
284557, 1134
1077, 1133
19181, 1133
24692, 1133
26760, 1133
29026, 1133
71811, 1133
121144, 1133
126603, 1133
149086, 1133
150227, 1133
151240, 1133
213950, 1133
243756, 1133
5413, 1132
21396, 1132
24245, 1132
38946, 1132
40442, 1132
49148, 1132
53418, 1132
55966, 1132
57145, 1132
61663, 1132
68566, 1132
69161, 1132
74442, 1132
81834, 1132
84126, 1132
85954, 1132
91107, 1132
92246, 1132
93466, 1132
97463, 1132
99250, 1132
111146, 1132
112160, 1132
112332, 1132
114072, 1132
114227, 1132
123911, 1132
124125, 1132
132704, 1132
134738, 1132
141401, 1132
151456, 1132
155276, 1132
159968, 1132
170813, 1132
171386, 1132
177707, 1132
179444, 1132
184782, 1132
188470, 1132
190856, 1132
191589, 1132
193903, 1132
200965, 1132
204843, 1132
207254, 1132
224232, 1132
234053, 1132
235035, 1132
243776, 1132
250843, 1132
251968, 1132
252654, 1132
253362, 1132
255438, 1132
259216, 1132
263328, 1132
263774, 1132
265050, 1132
265603, 1132
266415, 1132
291663, 1132
292717, 1132
6495, 1131
29885, 1131
72242, 1131
81842, 1131
106229, 1131
148614, 1131
154098, 1131
186297, 1131
197703, 1131
211562, 1131
219781, 1131
237911, 1131
250173, 1131
272570, 1131
845, 1130
9600, 1130
24026, 1130
41565, 1130
70642, 1130
90069, 1130
120386, 1130
155770, 1130
186058, 1130
192097, 1130
225795, 1130
267083, 1130
19106, 1129
275133, 1129
279622, 1129
287041, 1129
287860, 1129
7051, 1128
64542, 1128
79380, 1128
85029, 1128
88938, 1128
138291, 1128
93445, 1127
104021, 1127
138365, 1127
242011, 1127
293969, 1127
14108, 1126
20491, 1126
29557, 1126
83809, 1126
91439, 1126
110373, 1126
111545, 1126
119600, 1126
175780, 1126
175885, 1126
196379, 1126
217902, 1126
234599, 1126
20311, 1125
28250, 1125
41939, 1125
55784, 1125
100480, 1125
106706, 1125
136647, 1125
153867, 1125
159087, 1125
185035, 1125
241553, 1125
252653, 1125
19031, 1124
34043, 1124
179026, 1124
269485, 1124
11274, 1123
48193, 1123
57317, 1123
68074, 1123
69674, 1123
124725, 1123
171014, 1123
214903, 1123
235050, 1123
284184, 1123
282602, 1122
5674, 1121
15034, 1121
17597, 1121
34790, 1121
40923, 1121
49072, 1121
81814, 1121
86496, 1121
153307, 1121
163598, 1121
176864, 1121
179739, 1121
184931, 1121
194453, 1121
276156, 1121
54181, 1120
72192, 1120
7390, 1119
14357, 1119
35812, 1119
42627, 1119
48332, 1119
110252, 1119
147910, 1119
186075, 1119
268345, 1119
1162, 1118
1312, 1118
1343, 1118
45297, 1118
59555, 1118
61133, 1118
173159, 1118
175694, 1118
208322, 1118
227072, 1118
274889, 1118
276015, 1118
33173, 1117
84631, 1117
90725, 1117
109434, 1117
169130, 1117
179263, 1117
185351, 1117
185691, 1117
276822, 1117
296566, 1117
909, 1116
1702, 1116
21256, 1116
25390, 1116
47518, 1116
66186, 1116
67677, 1116
98902, 1116
165497, 1116
171176, 1116
171933, 1116
206052, 1116
209402, 1116
211707, 1116
1470, 1115
61157, 1115
68747, 1115
125083, 1115
140858, 1115
166016, 1115
27953, 1114
46829, 1114
47934, 1114
67931, 1114
74016, 1114
217051, 1114
252747, 1114
254512, 1114
4466, 1113
11486, 1113
11600, 1113
16321, 1113
19596, 1113
38724, 1113
53952, 1113
84626, 1113
155711, 1113
25962, 1112
35833, 1112
37631, 1112
236203, 1112
1372, 1111
1557, 1111
4040, 1111
6145, 1111
18682, 1111
28514, 1111
73305, 1111
87273, 1111
107118, 1111
230134, 1111
255922, 1111
2835, 1110
5847, 1110
35849, 1110
89392, 1110
119479, 1110
161714, 1110
164618, 1110
232409, 1110
265281, 1110
281392, 1110
48944, 1109
78486, 1109
80511, 1109
95671, 1109
123315, 1109
157416, 1109
170396, 1109
30376, 1108
31332, 1108
87165, 1108
96969, 1108
113653, 1108
142539, 1108
154994, 1108
180971, 1108
202242, 1108
223043, 1108
12196, 1107
50100, 1107
97288, 1107
103504, 1107
149884, 1107
163285, 1107
168454, 1107
180295, 1107
180954, 1107
185203, 1107
197329, 1107
216395, 1107
235547, 1107
239159, 1107
239356, 1107
245469, 1107
248260, 1107
288893, 1107
4801, 1106
13741, 1106
34144, 1106
127239, 1106
190887, 1106
284021, 1106
13386, 1105
57402, 1105
95168, 1105
133178, 1105
138706, 1105
167985, 1105
174724, 1105
219076, 1105
233454, 1105
256941, 1105
289485, 1105
1275, 1104
1311, 1104
22033, 1104
33313, 1104
49980, 1104
52346, 1104
70779, 1104
78069, 1104
81416, 1104
81526, 1104
86076, 1104
92950, 1104
117341, 1104
135887, 1104
159359, 1104
180822, 1104
201190, 1104
4825, 1103
7642, 1103
143539, 1103
157902, 1103
176589, 1103
259442, 1103
18273, 1102
21884, 1102
22824, 1102
25035, 1102
81766, 1102
115121, 1102
150813, 1102
294654, 1102
27472, 1101
45339, 1101
70434, 1101
83380, 1101
88225, 1101
102296, 1101
102833, 1101
133552, 1101
151451, 1101
201287, 1101
223612, 1101
42950, 1100
57028, 1100
78363, 1100
78462, 1100
86211, 1100
115304, 1100
127321, 1100
142763, 1100
148648, 1100
9181, 1099
35665, 1099
64632, 1099
87903, 1099
160183, 1099
216317, 1099
216762, 1099
50341, 1098
78522, 1098
92445, 1098
134588, 1098
145938, 1098
172485, 1098
204255, 1098
249657, 1098
251100, 1098
251463, 1098
266075, 1098
3950, 1097
8575, 1097
11826, 1097
38184, 1097
48795, 1097
104161, 1097
124759, 1097
141364, 1097
251950, 1097
259563, 1097
7684, 1096
8758, 1096
14639, 1096
15211, 1096
26100, 1096
32868, 1096
43754, 1096
49242, 1096
49368, 1096
56702, 1096
61483, 1096
76651, 1096
82425, 1096
96466, 1096
98028, 1096
105066, 1096
107613, 1096
108267, 1096
228919, 1096
245887, 1096
261833, 1096
265528, 1096
271911, 1096
279562, 1096
284830, 1096
18939, 1095
31722, 1095
49561, 1095
113416, 1095
131997, 1095
145476, 1095
187546, 1095
242583, 1095
24268, 1094
44387, 1094
75526, 1094
86924, 1094
136445, 1094
190203, 1094
205790, 1094
232475, 1094
258844, 1094
260503, 1094
279959, 1094
19195, 1093
22621, 1093
61680, 1093
69338, 1093
124493, 1093
157895, 1093
164683, 1093
172799, 1093
172816, 1093
209421, 1093
216525, 1093
242486, 1093
29171, 1092
41828, 1092
57211, 1092
140366, 1092
151745, 1092
189603, 1092
210161, 1092
228525, 1091
242682, 1091
259021, 1091
293384, 1091
6937, 1090
11367, 1090
16484, 1090
18843, 1090
25174, 1090
32112, 1090
48615, 1090
72525, 1090
87316, 1090
89313, 1090
151322, 1090
189586, 1090
262110, 1090
276723, 1090
16510, 1089
20468, 1089
47296, 1089
55429, 1089
62710, 1089
111306, 1089
135473, 1089
214482, 1089
280464, 1089
12384, 1088
15087, 1088
15762, 1088
20692, 1088
21595, 1088
23508, 1088
23944, 1088
27941, 1088
29785, 1088
29980, 1088
37283, 1088
39578, 1088
41118, 1088
42891, 1088
43498, 1088
54840, 1088
56325, 1088
63008, 1088
82179, 1088
86761, 1088
88645, 1088
89903, 1088
93394, 1088
93461, 1088
94046, 1088
107229, 1088
116343, 1088
128991, 1088
139214, 1088
146632, 1088
149388, 1088
149688, 1088
155604, 1088
162766, 1088
163304, 1088
173491, 1088
176404, 1088
184888, 1088
188573, 1088
204118, 1088
204939, 1088
234713, 1088
239298, 1088
275525, 1088
279773, 1088
281629, 1088
288590, 1088
10752, 1087
14180, 1087
203374, 1087
1284, 1086
3740, 1086
4186, 1086
38686, 1086
46801, 1086
64108, 1086
146368, 1086
173995, 1086
175177, 1086
178532, 1086
183436, 1086
185504, 1086
260031, 1086
270422, 1086
286160, 1086
166325, 1085
15919, 1084
80453, 1084
141277, 1084
253305, 1084
7258, 1083
65679, 1083
91047, 1083
107608, 1083
133772, 1083
175074, 1083
274159, 1083
294004, 1083
66428, 1082
139237, 1082
161142, 1082
202305, 1082
280130, 1082
62649, 1081
96393, 1081
115384, 1081
221811, 1081
1448, 1080
124771, 1080
187439, 1080
247634, 1080
253831, 1080
279025, 1080
15627, 1079
22306, 1079
76014, 1079
76156, 1079
103934, 1079
104785, 1079
205685, 1079
207318, 1079
221857, 1079
252977, 1079
277870, 1079
2239, 1078
13253, 1078
18845, 1078
37339, 1078
62209, 1078
86897, 1078
97319, 1078
115631, 1078
132514, 1078
193811, 1078
236752, 1078
19160, 1077
56564, 1077
79948, 1077
132691, 1077
152246, 1077
160746, 1077
188364, 1077
190050, 1077
207909, 1077
260152, 1077
20830, 1076
70256, 1076
105240, 1076
217620, 1076
227961, 1076
275061, 1076
10266, 1075
24723, 1075
29752, 1075
30666, 1075
34615, 1075
41043, 1075
42698, 1075
77332, 1075
193108, 1075
271214, 1075
12684, 1074
37567, 1074
37956, 1074
74926, 1074
155505, 1074
158199, 1074
168736, 1074
196642, 1074
37937, 1073
40710, 1073
93463, 1073
160829, 1073
179937, 1073
212180, 1073
217199, 1073
221125, 1073
259828, 1073
270249, 1073
291333, 1073
1471, 1072
1496, 1072
3030, 1072
69383, 1072
80444, 1072
108171, 1072
110756, 1072
131323, 1072
159997, 1072
179646, 1072
295001, 1072
9352, 1071
14853, 1071
35206, 1071
58442, 1071
70739, 1071
120634, 1071
124745, 1071
172822, 1071
272762, 1071
293524, 1071
19091, 1070
21252, 1070
24860, 1070
25310, 1070
32407, 1070
63144, 1070
63859, 1070
90578, 1070
105324, 1070
158793, 1070
211196, 1070
250032, 1070
278348, 1070
3256, 1069
6613, 1069
31480, 1069
41063, 1069
70871, 1069
94912, 1069
103122, 1069
122224, 1069
128950, 1069
129143, 1069
193858, 1069
206805, 1069
218184, 1069
225748, 1069
231738, 1069
235691, 1069
254484, 1069
13972, 1068
58923, 1068
76157, 1068
78527, 1068
95117, 1068
134025, 1068
170876, 1068
177884, 1068
251608, 1068
284916, 1068
8220, 1067
20461, 1067
37128, 1067
39713, 1067
43946, 1067
57573, 1067
68471, 1067
96979, 1067
125026, 1067
143943, 1067
150129, 1067
155332, 1067
163067, 1067
183418, 1067
184938, 1067
185420, 1067
195088, 1067
200719, 1067
243394, 1067
253052, 1067
271779, 1067
275273, 1067
278283, 1067
279874, 1067
35950, 1066
114280, 1066
152563, 1066
168707, 1066
183759, 1066
200607, 1066
206043, 1066
206347, 1066
294472, 1066
19400, 1065
65698, 1065
71156, 1065
76759, 1065
104307, 1065
105825, 1065
130860, 1065
199681, 1065
205434, 1065
219046, 1065
280209, 1065
131778, 1064
199115, 1064
212399, 1064
285914, 1064
16155, 1063
36068, 1063
93808, 1063
102182, 1063
103110, 1063
149243, 1063
176032, 1063
200521, 1063
211295, 1063
219683, 1063
295259, 1063
1090, 1062
7420, 1062
106053, 1062
112703, 1062
142421, 1062
179932, 1062
235426, 1062
254037, 1062
269084, 1062
285910, 1062
13840, 1061
13981, 1061
20519, 1061
20688, 1061
21632, 1061
31580, 1061
53742, 1061
64414, 1061
69489, 1061
107027, 1061
114755, 1061
127344, 1061
138162, 1061
163300, 1061
9948, 1060
19315, 1060
41545, 1060
76703, 1060
132729, 1060
143527, 1060
204991, 1060
248552, 1060
6900, 1059
17239, 1059
26621, 1059
26740, 1059
91817, 1059
92606, 1059
107056, 1059
220208, 1059
226136, 1059
3347, 1058
3590, 1058
5851, 1058
8191, 1058
9188, 1058
10584, 1058
12131, 1058
13782, 1058
18427, 1058
18719, 1058
25125, 1058
31490, 1058
38294, 1058
57742, 1058
64684, 1058
96064, 1058
184535, 1058
207897, 1058
208836, 1058
3713, 1057
11053, 1057
19965, 1057
20909, 1057
29123, 1057
34251, 1057
41390, 1057
47730, 1057
49035, 1057
65283, 1057
86301, 1057
94199, 1057
94372, 1057
104760, 1057
121676, 1057
154923, 1057
197617, 1057
241756, 1057
249820, 1057
251827, 1057
254023, 1057
969, 1056
14539, 1056
23472, 1056
44719, 1056
67013, 1056
96185, 1056
134068, 1056
154291, 1056
167090, 1056
192160, 1056
6131, 1055
6243, 1055
13578, 1055
67676, 1055
172007, 1055
187524, 1055
199286, 1055
1105, 1054
11863, 1054
19408, 1054
35298, 1054
59189, 1054
147652, 1054
171070, 1054
216107, 1054
235498, 1054
20117, 1053
57804, 1053
68542, 1053
2445, 1052
3498, 1052
13953, 1052
19078, 1052
33775, 1052
33929, 1052
51404, 1052
65985, 1052
67995, 1052
70728, 1052
124841, 1052
223773, 1052
119, 1051
5610, 1051
8750, 1051
23096, 1051
27116, 1051
29540, 1051
51983, 1051
57060, 1051
77767, 1051
128761, 1051
129310, 1051
135742, 1051
255804, 1051
270985, 1051
7280, 1050
17092, 1050
37628, 1050
38032, 1050
38301, 1050
40721, 1050
62181, 1050
76576, 1050
82420, 1050
83207, 1050
5576, 1049
24683, 1049
26946, 1049
47279, 1049
48411, 1049
50407, 1049
66706, 1049
99171, 1049
104040, 1049
174748, 1049
186400, 1049
191409, 1049
8392, 1048
80400, 1048
125446, 1048
135952, 1048
156972, 1048
167887, 1048
242091, 1048
254077, 1048
1167, 1047
1363, 1047
6153, 1047
36532, 1047
90278, 1047
136832, 1047
147425, 1047
194212, 1047
280065, 1047
1313, 1046
1689, 1046
2873, 1046
12967, 1046
32298, 1046
53959, 1046
55650, 1046
60633, 1046
82230, 1046
98901, 1046
99255, 1046
132783, 1046
151489, 1046
193222, 1046
272536, 1046
33, 1045
7267, 1045
18721, 1045
77374, 1045
107674, 1045
114124, 1045
116996, 1045
121489, 1045
167681, 1045
185116, 1045
254451, 1045
276438, 1045
289802, 1045
7025, 1044
17782, 1044
175205, 1044
177444, 1044
211559, 1044
214208, 1044
1138, 1043
9197, 1043
15742, 1043
23291, 1043
79610, 1043
105951, 1043
141878, 1043
189482, 1043
226886, 1043
2086, 1042
16402, 1042
36174, 1042
44898, 1042
57777, 1042
64791, 1042
74473, 1042
80569, 1042
95988, 1042
123806, 1042
141223, 1042
146048, 1042
150776, 1042
262223, 1042
273185, 1042
410, 1041
31364, 1041
39237, 1041
61152, 1041
62143, 1041
64357, 1041
64807, 1041
72747, 1041
84481, 1041
123342, 1041
139370, 1041
141948, 1041
150080, 1041
175255, 1041
178305, 1041
182822, 1041
229954, 1041
246978, 1041
274189, 1041
1567, 1040
9765, 1040
10200, 1040
27837, 1040
49747, 1040
62413, 1040
908, 1039
22489, 1039
40952, 1039
41753, 1039
48273, 1039
51888, 1039
52876, 1039
81512, 1039
84742, 1039
107845, 1039
117351, 1039
154185, 1039
178689, 1039
180965, 1039
206253, 1039
264911, 1039
46896, 1038
76018, 1038
107738, 1038
108261, 1038
123880, 1038
195729, 1038
203468, 1038
205935, 1038
239064, 1038
240253, 1038
270189, 1038
295123, 1038
1206, 1037
24048, 1037
25807, 1037
42838, 1037
58011, 1037
75205, 1037
82026, 1037
97902, 1037
98947, 1037
100141, 1037
101211, 1037
121741, 1037
144138, 1037
173325, 1037
183713, 1037
234119, 1037
277862, 1037
10290, 1036
17140, 1036
31672, 1036
41647, 1036
47211, 1036
79413, 1036
85985, 1036
95315, 1036
106193, 1036
109640, 1036
135993, 1036
142756, 1036
157120, 1036
176429, 1036
179358, 1036
180842, 1036
204042, 1036
204774, 1036
238402, 1036
280538, 1036
39627, 1035
76327, 1035
99883, 1035
146622, 1035
231872, 1035
46181, 1034
67075, 1034
70375, 1034
83132, 1034
90684, 1034
106212, 1034
148794, 1034
182326, 1034
182451, 1034
195258, 1034
196594, 1034
211578, 1034
239071, 1034
245522, 1034
260306, 1034
260386, 1034
266484, 1034
278614, 1034
295365, 1034
8150, 1033
16600, 1033
20541, 1033
24155, 1033
32801, 1033
37182, 1033
44076, 1033
59343, 1033
117357, 1033
242497, 1033
1306, 1032
6865, 1032
21050, 1032
21746, 1032
23680, 1032
46685, 1032
50852, 1032
56541, 1032
70303, 1032
74645, 1032
101609, 1032
102106, 1032
167441, 1032
193958, 1032
194131, 1032
208138, 1032
220099, 1032
295705, 1032
4095, 1031
15408, 1031
31758, 1031
117437, 1031
132476, 1031
140930, 1031
152000, 1031
174127, 1031
207385, 1031
5313, 1030
22296, 1030
35400, 1030
39280, 1030
40090, 1030
59186, 1030
82045, 1030
107183, 1030
130005, 1030
134694, 1030
146794, 1030
160554, 1030
161607, 1030
172141, 1030
200312, 1030
247326, 1030
249934, 1030
251556, 1030
251734, 1030
273730, 1030
2673, 1029
3285, 1029
10661, 1029
12927, 1029
20309, 1029
30920, 1029
34842, 1029
57378, 1029
73448, 1029
87375, 1029
104179, 1029
105287, 1029
122145, 1029
231381, 1029
256100, 1029
20120, 1028
23646, 1028
27449, 1028
38096, 1028
128483, 1028
148830, 1028
181746, 1028
197570, 1028
203621, 1028
214546, 1028
233999, 1028
282031, 1028
121426, 1027
122534, 1027
162507, 1027
217061, 1027
243984, 1027
13347, 1026
27680, 1026
53597, 1026
88133, 1026
137182, 1026
177408, 1026
246173, 1026
275655, 1026
3234, 1025
10900, 1025
11624, 1025
16896, 1025
36102, 1025
39738, 1025
89407, 1025
95432, 1025
108879, 1025
113128, 1025
121806, 1025
188158, 1025
207811, 1025
2929, 1024
25498, 1024
91931, 1024
153969, 1024
199029, 1024
296492, 1024
41358, 1023
94319, 1023
150015, 1023
180786, 1023
274210, 1023
1012, 1022
3362, 1022
22938, 1022
42572, 1022
50144, 1022
72297, 1022
100869, 1022
117491, 1022
126443, 1022
136540, 1022
161750, 1022
196137, 1022
222861, 1022
295631, 1022
13914, 1021
38290, 1021
59763, 1021
189138, 1021
236312, 1021
246398, 1021
292891, 1021
13052, 1020
14628, 1020
20398, 1020
46228, 1020
57264, 1020
98306, 1020
120411, 1020
137688, 1020
196430, 1020
213759, 1020
3850, 1019
11973, 1019
29514, 1019
128237, 1019
128684, 1019
130123, 1019
142356, 1019
142577, 1019
145497, 1019
197243, 1019
198812, 1019
215204, 1019
217653, 1019
239756, 1019
14660, 1018
33881, 1018
55110, 1018
58378, 1018
64972, 1018
88006, 1018
89784, 1018
112391, 1018
124582, 1018
180748, 1018
185491, 1018
1060, 1017
32577, 1017
82175, 1017
87930, 1017
116479, 1017
174367, 1017
188961, 1017
290794, 1017
40047, 1016
48808, 1016
68126, 1016
112011, 1016
118029, 1016
141356, 1016
217453, 1016
257292, 1016
4221, 1015
11374, 1015
14757, 1015
112830, 1015
119231, 1015
140759, 1015
152725, 1015
166973, 1015
169088, 1015
184376, 1015
199850, 1015
240609, 1015
13919, 1014
67279, 1014
68343, 1014
68991, 1014
73000, 1014
76301, 1014
82286, 1014
85542, 1014
90869, 1014
100266, 1014
108529, 1014
111962, 1014
153967, 1014
200438, 1014
203789, 1014
243187, 1014
264624, 1014
264780, 1014
283094, 1014
760, 1013
1357, 1013
8603, 1013
33885, 1013
146521, 1013
157966, 1013
249635, 1013
9439, 1012
24522, 1012
28109, 1012
41589, 1012
62796, 1012
138293, 1012
7414, 1011
39174, 1011
50841, 1011
72786, 1011
81762, 1011
104260, 1011
208570, 1011
1441, 1010
6235, 1010
11425, 1010
24737, 1010
27944, 1010
40691, 1010
58315, 1010
90647, 1010
102791, 1010
125938, 1010
131466, 1010
140261, 1010
154059, 1010
161788, 1010
168610, 1010
180891, 1010
190543, 1010
192429, 1010
221570, 1010
221883, 1010
227017, 1010
248762, 1010
10077, 1009
16499, 1009
25519, 1009
29416, 1009
86739, 1009
104635, 1009
117137, 1009
131314, 1009
169334, 1009
182711, 1009
183218, 1009
205489, 1009
214226, 1009
229254, 1009
242110, 1009
249538, 1009
253473, 1009
275, 1008
21267, 1008
31342, 1008
50058, 1008
79698, 1008
82918, 1008
87082, 1008
149398, 1008
150021, 1008
173811, 1008
185776, 1008
190393, 1008
191499, 1008
259011, 1008
5943, 1007
6708, 1007
7632, 1007
15460, 1007
27687, 1007
35883, 1007
38062, 1007
63043, 1007
71694, 1007
86764, 1007
104373, 1007
127624, 1007
186219, 1007
187376, 1007
193396, 1007
197451, 1007
201596, 1007
206083, 1007
230974, 1007
238344, 1007
246305, 1007
253459, 1007
262764, 1007
281418, 1007
5931, 1006
38718, 1006
148389, 1006
174858, 1006
194007, 1006
238387, 1006
276411, 1006
9447, 1005
23004, 1005
29473, 1005
75987, 1005
91870, 1005
93411, 1005
97256, 1005
99647, 1005
124283, 1005
217719, 1005
238652, 1005
247260, 1005
267942, 1005
5213, 1004
27629, 1004
44311, 1004
88480, 1004
96158, 1004
115188, 1004
118347, 1004
144104, 1004
215398, 1004
215583, 1004
232960, 1004
233819, 1004
237537, 1004
285149, 1004
8963, 1003
11594, 1003
57074, 1003
62133, 1003
107175, 1003
133922, 1003
139457, 1003
144885, 1003
156184, 1003
160145, 1003
190278, 1003
193389, 1003
6452, 1002
57095, 1002
66470, 1002
70040, 1002
84611, 1002
92306, 1002
106986, 1002
172334, 1002
205440, 1002
287950, 1002
15709, 1001
26564, 1001
26809, 1001
51428, 1001
79493, 1001
106136, 1001
118651, 1001
120714, 1001
125251, 1001
138594, 1001
162484, 1001
182490, 1001
193772, 1001
243728, 1001
274509, 1001
291067, 1001
14011, 1000
38948, 1000
47737, 1000
60851, 1000
108614, 1000
162294, 1000
250831, 1000
274255, 1000
