24571, 58362
25465, 58362
25679, 58362
27383, 58362
27567, 58362
28166, 58362
28541, 58362
33986, 58362
35655, 58362
40098, 58362
47535, 58362
52193, 58362
55468, 58362
58017, 58362
58029, 58362
73025, 58362
88593, 58362
112860, 58362
144908, 58362
158894, 58362
174451, 58362
250128, 58362
274700, 58362
294589, 58362
260456, 2512
161085, 2509
165337, 2497
227594, 2492
253425, 2492
154614, 2485
226989, 2485
258748, 2485
144657, 2483
87131, 2476
129175, 2476
201786, 2476
107926, 2474
270927, 2474
94079, 2473
248291, 2473
96845, 2471
118862, 2471
119372, 2471
158912, 2471
161791, 2471
185302, 2471
201620, 2471
204105, 2471
215862, 2471
216277, 2471
220421, 2471
259841, 2471
220602, 2465
240583, 2465
148083, 2455
189655, 2455
218880, 2455
263657, 2455
116362, 2454
162761, 2454
173827, 2454
241908, 2454
259588, 2448
213266, 2445
73258, 2436
95592, 2436
124183, 2436
126931, 2436
129493, 2436
210012, 2436
54287, 2432
95575, 2432
138733, 2432
158338, 2432
207468, 2432
213866, 2432
192739, 2431
235138, 2431
96020, 2423
105055, 2423
184008, 2423
50218, 2409
80887, 2409
82928, 2409
84145, 2409
84674, 2409
114917, 2409
150073, 2409
161320, 2409
226926, 2409
247479, 2409
269360, 2409
187386, 2408
194510, 2408
252680, 2406
187148, 2404
62038, 2403
285831, 2403
295863, 2400
70681, 2393
88551, 2393
113566, 2393
119541, 2393
152530, 2393
257400, 2393
62171, 2390
178835, 2390
67749, 2387
158535, 2387
241991, 2383
141021, 2379
155579, 2379
292954, 2379
119874, 2377
116072, 2373
197519, 2372
268360, 2372
194252, 2364
246940, 2363
222399, 2358
267005, 2358
138832, 2357
180795, 2357
248755, 2357
249534, 2357
265623, 2357
174350, 2355
233492, 2355
115547, 2354
118238, 2354
227333, 2354
231138, 2354
100635, 2353
121405, 2353
163012, 2353
274502, 2353
223785, 2350
123409, 2348
139675, 2348
255270, 2348
66207, 2346
152374, 2346
121734, 2343
214851, 2342
227237, 2342
226292, 2332
168262, 2327
93325, 2326
156144, 2326
240816, 2326
263907, 2326
141850, 2325
155456, 2319
190209, 2319
210771, 2315
56153, 2312
204401, 2311
110520, 2309
139469, 2309
165786, 2309
136383, 2303
209326, 2299
241849, 2299
181719, 2295
225521, 2295
211119, 2294
87241, 2293
227229, 2291
264552, 2291
179437, 2289
227176, 2289
259402, 2287
167165, 2282
215418, 2282
157343, 2281
258948, 2281
267329, 2281
128447, 2280
232217, 2279
156870, 2278
286396, 2278
289918, 2278
70660, 2277
283487, 2277
149730, 2275
244408, 2272
231997, 2261
254781, 2261
256948, 2261
263616, 2261
265618, 2261
286806, 2261
72829, 2259
217076, 2259
269358, 2259
26144, 2258
282618, 2258
59771, 2255
105783, 2255
116044, 2255
131339, 2255
226521, 2254
217574, 2253
220898, 2253
221912, 2253
280146, 2253
8674, 2252
123237, 2252
136089, 2252
286269, 2252
295111, 2252
279922, 2251
164239, 2247
80314, 2240
229914, 2239
209848, 2236
265584, 2236
143541, 2234
280286, 2233
94713, 2230
172208, 2230
192135, 2230
201633, 2230
221020, 2230
249515, 2230
249817, 2230
271489, 2228
184066, 2227
187512, 2227
273099, 2221
104700, 2218
106038, 2218
175426, 2218
67833, 2216
81431, 2216
130720, 2216
141687, 2216
161090, 2216
163449, 2216
161503, 2215
250352, 2215
130746, 2212
138433, 2208
287695, 2208
199933, 2207
207139, 2206
156752, 2204
39815, 2203
137916, 2203
171017, 2203
177804, 2203
201803, 2203
267638, 2203
67527, 2200
101982, 2200
134292, 2200
167007, 2200
221255, 2200
143331, 2197
39081, 2196
58293, 2196
114019, 2196
119808, 2196
270405, 2196
217811, 2193
59533, 2181
72161, 2181
211314, 2181
214949, 2179
231964, 2179
93391, 2176
224544, 2176
140003, 2168
156468, 2168
208321, 2168
216063, 2168
232326, 2168
74299, 2163
132151, 2163
183095, 2163
192795, 2163
215776, 2163
276395, 2163
283712, 2163
41530, 2162
94963, 2162
134461, 2162
207006, 2162
48508, 2158
247811, 2157
63312, 2156
151125, 2156
178882, 2156
247673, 2155
39060, 2154
63475, 2154
98049, 2154
99443, 2154
110944, 2154
162922, 2154
164577, 2154
178604, 2154
207679, 2154
230288, 2154
77756, 2149
124811, 2149
138997, 2149
146341, 2149
163382, 2149
179988, 2149
228591, 2149
244983, 2147
76124, 2143
119223, 2143
137364, 2143
184708, 2143
42840, 2142
94693, 2142
164854, 2142
81890, 2141
214953, 2141
246828, 2140
65384, 2139
75775, 2139
114337, 2139
164689, 2139
167223, 2139
212516, 2139
64555, 2137
244649, 2137
89497, 2135
43084, 2134
90896, 2134
104206, 2134
110388, 2134
142918, 2134
161527, 2134
179720, 2134
71411, 2133
147540, 2133
165906, 2133
224870, 2133
280222, 2133
287795, 2133
288848, 2133
180363, 2132
240630, 2132
2726, 2127
163244, 2127
55347, 2121
58174, 2121
60984, 2121
68727, 2121
69441, 2121
69823, 2121
78196, 2121
133743, 2121
155013, 2121
155336, 2121
202778, 2121
247019, 2121
169518, 2120
170739, 2120
239820, 2120
125877, 2117
189900, 2117
246390, 2117
281933, 2117
66293, 2116
158615, 2116
206400, 2116
772, 2115
93047, 2115
132637, 2115
139126, 2115
171935, 2115
263158, 2115
268905, 2115
283736, 2115
30985, 2112
69181, 2112
71518, 2112
79655, 2112
94788, 2112
103132, 2112
125564, 2112
130028, 2112
146008, 2112
146949, 2112
196337, 2112
209009, 2112
210081, 2112
255363, 2112
102172, 2110
131229, 2110
173501, 2110
215067, 2110
235181, 2110
289441, 2110
190223, 2109
201557, 2109
236402, 2109
296493, 2108
236655, 2107
135626, 2105
261731, 2105
184347, 2104
260146, 2104
271057, 2104
147164, 2102
267548, 2100
74940, 2096
87598, 2096
172656, 2096
191634, 2096
194353, 2096
213940, 2096
221230, 2096
250903, 2096
254466, 2096
273188, 2096
274426, 2096
280196, 2096
181406, 2093
51013, 2092
179327, 2089
227133, 2089
61173, 2088
185817, 2088
253290, 2088
53781, 2085
81472, 2085
89810, 2085
104382, 2085
197429, 2085
163232, 2083
192427, 2083
218577, 2083
237655, 2083
257371, 2083
266306, 2083
107946, 2081
165840, 2081
103235, 2077
237221, 2076
275223, 2076
289407, 2076
110299, 2074
86928, 2072
131031, 2072
144078, 2072
150179, 2072
218963, 2072
32781, 2069
194163, 2069
221271, 2069
232970, 2069
216307, 2065
236171, 2065
238318, 2065
259309, 2065
270391, 2065
115465, 2063
226791, 2063
250558, 2063
275403, 2063
293542, 2063
84744, 2058
71822, 2057
73619, 2057
194824, 2056
114566, 2055
116663, 2055
151198, 2055
171902, 2055
228634, 2055
232596, 2055
88045, 2053
125909, 2053
149291, 2053
179250, 2053
180004, 2053
185546, 2053
219380, 2053
241678, 2053
251724, 2053
253592, 2053
264423, 2053
284290, 2053
149297, 2046
174713, 2046
253423, 2046
32222, 2044
79803, 2044
81657, 2044
90724, 2044
98196, 2044
110159, 2044
134560, 2044
144048, 2044
156835, 2044
174098, 2044
186250, 2044
250078, 2044
264467, 2044
256469, 2039
217015, 2038
296349, 2038
70186, 2035
177879, 2034
183917, 2034
58623, 2030
213724, 2030
221763, 2030
36551, 2026
114481, 2023
166541, 2023
211490, 2020
99313, 2019
232290, 2019
281469, 2017
210765, 2012
249589, 2012
259892, 2010
283839, 2010
287340, 2010
211553, 2007
169782, 2003
193065, 2003
49814, 1999
182025, 1999
259124, 1999
282458, 1999
109314, 1997
180373, 1997
200078, 1997
212265, 1996
267308, 1996
115662, 1995
246473, 1995
119975, 1992
166560, 1992
188192, 1992
242857, 1992
62479, 1990
71587, 1990
228210, 1990
146157, 1989
296500, 1989
243634, 1986
269964, 1986
93006, 1985
122636, 1985
165904, 1984
215913, 1982
248251, 1982
59565, 1981
193927, 1981
280654, 1981
82672, 1980
120432, 1976
224046, 1973
108538, 1972
159973, 1970
184991, 1970
204796, 1970
261206, 1970
44146, 1969
237012, 1969
87035, 1966
95566, 1966
135345, 1966
179064, 1966
204364, 1966
253531, 1966
263916, 1966
165400, 1962
236556, 1962
191063, 1961
110864, 1960
102653, 1959
190618, 1959
116632, 1957
161028, 1955
219127, 1955
268472, 1955
108273, 1953
240629, 1953
288492, 1953
140544, 1951
91162, 1950
200793, 1950
289730, 1950
90997, 1949
209105, 1948
290874, 1947
252556, 1946
169971, 1942
256435, 1942
256906, 1942
271098, 1942
286155, 1942
32866, 1941
92744, 1941
117175, 1941
137466, 1941
213475, 1941
236105, 1941
282953, 1941
266447, 1937
125772, 1935
261247, 1935
49905, 1934
93580, 1934
169169, 1934
210668, 1934
242778, 1934
21003, 1930
160462, 1930
160698, 1930
219813, 1930
201624, 1928
286701, 1928
175085, 1927
191077, 1927
257765, 1927
12636, 1922
36121, 1922
165194, 1922
242916, 1922
72917, 1919
103638, 1917
114464, 1917
169264, 1917
159105, 1912
247229, 1912
279267, 1912
98859, 1908
128525, 1908
130341, 1908
217641, 1908
223036, 1908
240829, 1908
270215, 1908
76883, 1907
185743, 1907
219459, 1907
241609, 1907
97224, 1906
285469, 1905
231467, 1904
212032, 1903
220435, 1903
207279, 1897
219020, 1897
242109, 1897
73184, 1896
150547, 1896
273171, 1896
137380, 1887
212708, 1887
214867, 1887
244582, 1887
250185, 1887
226853, 1878
245044, 1878
217214, 1877
16540, 1875
130291, 1870
136172, 1866
56001, 1865
107033, 1865
189735, 1865
291491, 1865
260615, 1862
215934, 1859
180280, 1852
204489, 1849
91606, 1848
213250, 1848
133833, 1846
187169, 1846
149928, 1845
193950, 1845
263605, 1845
263953, 1845
90406, 1844
198087, 1842
286681, 1842
146856, 1838
243491, 1838
296517, 1838
189095, 1837
69904, 1835
140706, 1833
208829, 1833
288863, 1833
56535, 1831
59718, 1831
65063, 1831
104933, 1831
109461, 1831
127602, 1831
134892, 1831
136472, 1831
150192, 1831
152779, 1831
153079, 1831
172595, 1831
236814, 1831
240915, 1831
254413, 1831
268663, 1831
271444, 1831
275215, 1831
287792, 1831
180436, 1830
242350, 1830
213342, 1829
35982, 1821
61198, 1821
91460, 1821
109553, 1821
126641, 1821
147668, 1821
148405, 1821
173211, 1821
233384, 1821
237697, 1821
251218, 1821
276062, 1821
290043, 1821
157698, 1817
67661, 1816
106173, 1816
267024, 1816
157522, 1812
135805, 1811
190123, 1811
245345, 1807
280470, 1807
108143, 1800
77119, 1796
81083, 1796
139859, 1796
159253, 1796
159669, 1796
209886, 1796
225176, 1796
234634, 1796
246213, 1796
262719, 1796
160818, 1794
79960, 1793
184897, 1792
124718, 1790
141530, 1783
178244, 1759
281800, 1759
95771, 1754
253658, 1754
144053, 1750
204318, 1748
96862, 1743
68999, 1736
94093, 1736
296171, 1735
193598, 1732
118811, 1728
161965, 1726
253094, 1725
271941, 1724
278326, 1720
111077, 1717
111819, 1717
158597, 1717
194448, 1717
199225, 1717
208678, 1717
241811, 1717
267518, 1717
276282, 1717
278238, 1717
187167, 1716
223565, 1708
179410, 1707
93938, 1705
113429, 1700
223364, 1700
250541, 1700
292388, 1700
75276, 1699
112852, 1699
206449, 1699
210258, 1699
174509, 1697
240933, 1697
293983, 1697
219541, 1693
51369, 1689
101542, 1689
107993, 1689
217367, 1689
218444, 1689
220788, 1689
249836, 1689
93948, 1688
238552, 1688
246932, 1687
279278, 1687
261476, 1671
202635, 1669
266507, 1669
272357, 1667
260274, 1664
274844, 1664
294657, 1657
133577, 1655
200177, 1655
228213, 1655
275999, 1655
295754, 1655
168737, 1653
64581, 1651
71023, 1651
258621, 1651
267997, 1651
295160, 1651
118631, 1650
48249, 1649
121344, 1644
198947, 1641
201992, 1641
270874, 1641
293386, 1640
178849, 1637
115310, 1633
126873, 1633
130870, 1633
136844, 1633
141097, 1633
187860, 1633
273480, 1633
119403, 1632
145676, 1632
243629, 1632
62584, 1630
165332, 1630
168845, 1630
192248, 1630
218150, 1630
229074, 1630
256704, 1630
287365, 1630
116344, 1628
161499, 1628
249620, 1628
61598, 1626
181064, 1626
114093, 1623
236129, 1621
275087, 1620
181365, 1619
238112, 1619
172606, 1618
186451, 1616
123628, 1615
171941, 1615
143938, 1614
293951, 1614
94634, 1613
163729, 1613
144559, 1612
60309, 1607
146261, 1607
256949, 1607
75830, 1605
125420, 1605
136069, 1605
163280, 1605
66894, 1603
79489, 1603
92691, 1603
139990, 1603
162756, 1603
237834, 1603
263977, 1603
289507, 1603
294026, 1603
154317, 1602
187491, 1602
191315, 1602
206716, 1602
240021, 1602
249761, 1602
249983, 1602
295293, 1602
84895, 1597
122865, 1597
292002, 1597
199353, 1596
87576, 1594
248799, 1594
138205, 1591
178313, 1590
232898, 1588
64904, 1587
102748, 1587
67659, 1585
97957, 1585
107295, 1585
136415, 1585
253901, 1585
213671, 1583
225740, 1583
257916, 1583
260161, 1583
289009, 1583
291749, 1583
223536, 1577
135147, 1575
197343, 1574
219154, 1574
269982, 1574
88606, 1572
135472, 1572
173667, 1572
208901, 1572
257790, 1572
238058, 1570
152190, 1569
240556, 1569
96012, 1568
106050, 1568
114877, 1568
50375, 1567
185339, 1567
187068, 1567
196655, 1567
273073, 1567
92276, 1566
97991, 1566
158441, 1565
245389, 1565
285833, 1565
75022, 1564
201857, 1564
203396, 1564
245717, 1564
277853, 1564
157186, 1563
290764, 1563
263475, 1561
282304, 1561
37639, 1558
295113, 1558
45070, 1557
48254, 1557
48948, 1557
56308, 1557
67510, 1557
85105, 1557
113997, 1557
120355, 1557
131707, 1557
195931, 1557
222121, 1557
227432, 1557
136072, 1556
264989, 1555
82430, 1554
120278, 1554
181617, 1554
209528, 1554
287637, 1554
52427, 1553
73398, 1553
107003, 1553
136487, 1553
144792, 1553
192361, 1553
206374, 1553
27401, 1552
54622, 1552
61076, 1552
104780, 1552
116724, 1552
127522, 1552
133331, 1552
137733, 1552
143329, 1552
192069, 1552
229908, 1552
253281, 1552
255905, 1552
261355, 1552
266233, 1552
280268, 1552
288462, 1552
247111, 1551
224654, 1550
44678, 1549
75194, 1549
117513, 1549
152657, 1549
178938, 1549
204211, 1549
221836, 1549
237382, 1549
50620, 1548
59802, 1548
73956, 1548
77616, 1548
92160, 1548
142860, 1548
143002, 1548
151810, 1548
166496, 1548
211292, 1548
280663, 1548
281688, 1548
286090, 1548
293495, 1548
293588, 1548
110127, 1547
155688, 1547
192928, 1547
216912, 1547
233852, 1547
274890, 1547
294895, 1547
100383, 1546
108351, 1546
108619, 1546
114286, 1546
133549, 1546
180833, 1546
197258, 1546
256827, 1546
83845, 1544
131329, 1544
237969, 1544
296475, 1544
50458, 1543
174160, 1543
176689, 1543
223914, 1543
295673, 1543
44014, 1542
95406, 1542
122397, 1542
134446, 1542
194538, 1542
200128, 1542
265210, 1542
296380, 1542
90443, 1541
58014, 1539
103852, 1539
124399, 1539
149465, 1539
200339, 1539
206192, 1539
221560, 1539
221567, 1539
230654, 1539
241218, 1539
248494, 1539
259444, 1539
271692, 1539
273932, 1539
289245, 1539
291285, 1539
104768, 1538
215765, 1538
84598, 1537
138621, 1537
162914, 1537
169295, 1537
172984, 1537
179902, 1537
241559, 1537
256428, 1537
280691, 1537
294802, 1537
87927, 1536
252852, 1536
254720, 1536
282717, 1536
274716, 1534
20383, 1533
73576, 1533
98714, 1533
112755, 1533
134444, 1533
162716, 1533
163998, 1533
182334, 1533
208909, 1533
214272, 1533
221880, 1533
224086, 1533
224733, 1533
228127, 1533
240278, 1533
262743, 1533
267282, 1533
268410, 1533
38013, 1530
49300, 1530
77219, 1530
87818, 1530
96076, 1530
113574, 1530
121291, 1530
126686, 1530
129475, 1530
135427, 1530
137731, 1530
143683, 1530
152412, 1530
157644, 1530
159687, 1530
160500, 1530
164631, 1530
175478, 1530
181937, 1530
196373, 1530
198399, 1530
199156, 1530
206411, 1530
217094, 1530
227414, 1530
228946, 1530
237418, 1530
237813, 1530
244769, 1530
264357, 1530
277951, 1530
286902, 1530
85404, 1529
219444, 1529
244825, 1529
70846, 1528
94225, 1528
208298, 1528
148903, 1527
80504, 1526
220851, 1526
224846, 1526
163356, 1525
167705, 1525
196099, 1525
204632, 1525
253289, 1525
256292, 1525
286598, 1525
191192, 1524
196761, 1524
234962, 1523
237881, 1523
284485, 1523
236222, 1522
171398, 1521
230268, 1521
188845, 1519
228613, 1518
263961, 1518
250640, 1517
142710, 1516
87890, 1511
101388, 1511
137975, 1511
182952, 1511
152250, 1509
246892, 1509
29036, 1508
52971, 1508
57595, 1508
65192, 1508
70774, 1508
77577, 1508
92036, 1508
127991, 1508
160438, 1508
190340, 1508
198462, 1508
224414, 1508
241498, 1508
264621, 1508
274921, 1508
277979, 1508
285175, 1508
66448, 1506
75278, 1506
140228, 1506
174761, 1506
179307, 1506
180720, 1506
187648, 1506
199998, 1506
224746, 1506
236084, 1506
237326, 1506
245327, 1506
256575, 1506
272807, 1506
289726, 1506
71967, 1505
114830, 1505
183142, 1505
238242, 1505
276820, 1505
97059, 1504
171332, 1504
84622, 1503
287800, 1503
170520, 1501
240554, 1501
30966, 1500
78579, 1500
81084, 1500
93280, 1500
228818, 1500
166007, 1499
255209, 1499
114837, 1498
130913, 1498
132880, 1498
151239, 1498
249762, 1498
144640, 1497
157549, 1497
252245, 1497
144021, 1496
170273, 1496
215323, 1496
219275, 1496
220796, 1495
21727, 1493
50596, 1493
65088, 1491
165968, 1491
188718, 1491
219509, 1491
221434, 1491
268919, 1491
125799, 1490
140476, 1490
165372, 1490
221122, 1490
93132, 1489
155322, 1489
249944, 1489
288728, 1489
128862, 1488
130470, 1488
145914, 1488
157463, 1488
159993, 1488
169516, 1488
223375, 1488
236600, 1488
270788, 1488
63795, 1487
84349, 1487
158613, 1487
169049, 1487
209275, 1487
219828, 1487
226957, 1487
256420, 1487
273742, 1487
280833, 1487
285655, 1487
120065, 1486
184779, 1486
216936, 1486
222997, 1486
262647, 1486
34614, 1485
126354, 1485
279554, 1485
52299, 1484
64622, 1484
75372, 1484
80405, 1484
82324, 1484
99993, 1484
100268, 1484
101075, 1484
110692, 1484
113262, 1484
117117, 1484
119875, 1484
139528, 1484
140037, 1484
147414, 1484
147599, 1484
152182, 1484
160246, 1484
179318, 1484
180689, 1484
183508, 1484
199966, 1484
202621, 1484
215143, 1484
217271, 1484
217831, 1484
246348, 1484
253287, 1484
257055, 1484
259795, 1484
260980, 1484
266211, 1484
266869, 1484
279847, 1484
282280, 1484
293896, 1484
294503, 1484
28952, 1483
36936, 1483
40655, 1483
51007, 1483
60645, 1483
63016, 1483
71493, 1483
79800, 1483
137119, 1483
203005, 1483
223149, 1483
231420, 1483
39525, 1482
70912, 1482
108951, 1482
131813, 1482
137185, 1482
147530, 1482
236971, 1482
281337, 1482
193534, 1481
216319, 1481
221895, 1481
251509, 1481
274580, 1481
23401, 1480
47280, 1480
49521, 1480
56271, 1480
59483, 1480
61352, 1480
61461, 1480
73327, 1480
77340, 1480
77642, 1480
78546, 1480
81201, 1480
84579, 1480
86405, 1480
88073, 1480
92226, 1480
93453, 1480
93929, 1480
95107, 1480
97415, 1480
103390, 1480
104297, 1480
104726, 1480
105879, 1480
106337, 1480
108863, 1480
126452, 1480
127883, 1480
129657, 1480
132852, 1480
149287, 1480
174043, 1480
177105, 1480
181366, 1480
184621, 1480
188974, 1480
200551, 1480
207132, 1480
209256, 1480
223949, 1480
224297, 1480
237385, 1480
260989, 1480
264768, 1480
277148, 1480
284839, 1480
12775, 1479
53451, 1479
56799, 1479
57089, 1479
91307, 1479
126261, 1479
147239, 1479
149701, 1479
216771, 1479
231775, 1479
235730, 1479
284750, 1479
131166, 1478
192053, 1478
99858, 1477
149995, 1477
178326, 1477
179712, 1477
209991, 1477
211902, 1477
211960, 1477
81677, 1475
101002, 1475
140458, 1475
207505, 1475
259941, 1475
269240, 1475
269092, 1474
276485, 1474
108909, 1473
196790, 1472
234236, 1472
61623, 1471
82592, 1471
88295, 1471
110799, 1471
150393, 1471
158938, 1471
174161, 1471
206171, 1471
238131, 1471
286916, 1471
99954, 1470
105675, 1470
147946, 1470
166811, 1470
202782, 1470
212545, 1470
221050, 1470
100740, 1469
99375, 1466
160840, 1466
255265, 1466
187239, 1465
220285, 1465
230107, 1465
284638, 1465
83900, 1464
171200, 1464
177929, 1464
279695, 1464
92529, 1463
26037, 1461
63392, 1461
67346, 1461
93107, 1461
115385, 1461
117807, 1461
125694, 1461
128585, 1461
132078, 1461
134304, 1461
146952, 1461
161301, 1461
162891, 1461
169319, 1461
180260, 1461
187039, 1461
187599, 1461
207877, 1461
246670, 1461
218676, 1460
111565, 1459
113155, 1458
123738, 1458
201062, 1458
212452, 1458
243300, 1458
253920, 1458
254455, 1458
257947, 1458
292317, 1458
198844, 1455
283613, 1455
35216, 1454
44567, 1454
79941, 1454
90455, 1454
94263, 1454
99419, 1454
100115, 1454
102345, 1454
116546, 1454
123729, 1454
127090, 1454
159567, 1454
160077, 1454
161411, 1454
167727, 1454
202753, 1454
205624, 1454
217272, 1454
223078, 1454
246391, 1454
32056, 1452
72598, 1452
89824, 1452
90796, 1452
137788, 1452
164561, 1452
171208, 1452
188576, 1452
224795, 1452
266261, 1452
25041, 1451
69528, 1451
96011, 1451
96326, 1451
108588, 1451
131151, 1451
131575, 1451
144057, 1451
149795, 1451
170850, 1451
173042, 1451
177670, 1451
178456, 1451
187545, 1451
216469, 1451
259280, 1451
263485, 1451
168176, 1450
251964, 1450
256096, 1450
266450, 1450
240955, 1449
104585, 1448
148404, 1448
75674, 1447
125660, 1447
185842, 1447
203101, 1447
257035, 1447
275769, 1447
176312, 1446
257341, 1446
265890, 1445
269602, 1445
260745, 1444
51580, 1443
73059, 1443
99307, 1443
186114, 1443
241452, 1443
252283, 1443
269471, 1443
289909, 1443
96140, 1442
164127, 1441
106322, 1440
120496, 1440
159067, 1440
246819, 1440
252273, 1440
267549, 1440
272666, 1440
34936, 1439
50084, 1439
60647, 1439
62427, 1439
70445, 1439
85173, 1439
90530, 1439
93256, 1439
101570, 1439
113305, 1439
121603, 1439
121927, 1439
128642, 1439
162444, 1439
278997, 1439
89035, 1438
198199, 1438
221552, 1438
76098, 1437
116020, 1437
168671, 1437
179852, 1437
268018, 1437
272959, 1437
85565, 1436
90675, 1436
124188, 1436
125615, 1436
152056, 1436
174432, 1436
235517, 1436
284841, 1436
176716, 1435
86555, 1434
195219, 1434
49768, 1433
74518, 1433
145759, 1433
148172, 1433
169840, 1433
211835, 1433
232090, 1433
252564, 1433
256995, 1433
257730, 1433
268168, 1433
275971, 1433
80346, 1432
206259, 1432
218705, 1432
257564, 1432
268266, 1431
150680, 1430
153165, 1430
35760, 1429
70131, 1429
112466, 1429
130942, 1429
152460, 1429
159929, 1429
188183, 1429
208447, 1429
251512, 1429
278957, 1429
280392, 1429
170454, 1425
173098, 1425
94224, 1422
122625, 1422
177633, 1422
222774, 1422
253369, 1422
17158, 1421
46088, 1421
63514, 1421
79563, 1421
95610, 1421
98095, 1421
105232, 1421
124069, 1421
226026, 1421
245573, 1418
62131, 1417
63759, 1417
150710, 1417
158846, 1416
217600, 1416
221229, 1416
282871, 1416
285724, 1416
204645, 1415
219891, 1415
208881, 1413
233711, 1413
126700, 1411
130701, 1409
141789, 1409
224772, 1409
59979, 1407
83931, 1407
84298, 1407
109487, 1407
134927, 1406
242666, 1406
261871, 1406
21787, 1405
27547, 1405
48601, 1405
53511, 1405
83398, 1405
89237, 1405
92209, 1405
96719, 1405
101092, 1405
104284, 1405
111192, 1405
262693, 1405
116732, 1403
279905, 1403
100967, 1402
55279, 1400
83177, 1400
198825, 1400
234234, 1400
169934, 1399
78718, 1398
91750, 1398
101351, 1398
134178, 1398
204729, 1398
101774, 1397
259663, 1396
43227, 1395
65491, 1395
70450, 1395
107274, 1395
151579, 1395
201878, 1395
204330, 1395
209369, 1395
209426, 1395
237367, 1395
262585, 1395
273599, 1395
291337, 1395
292281, 1395
23983, 1393
47157, 1393
120346, 1393
169420, 1393
191583, 1393
197335, 1393
269779, 1392
66166, 1390
66896, 1390
100174, 1390
117463, 1390
37653, 1388
69307, 1387
82130, 1387
143318, 1387
144812, 1387
188098, 1387
204306, 1387
244749, 1387
265750, 1387
271216, 1387
272081, 1387
203097, 1386
113206, 1384
128202, 1384
135302, 1384
140973, 1384
142855, 1384
158635, 1384
201969, 1384
223812, 1384
238638, 1384
262826, 1384
282492, 1384
87747, 1383
92794, 1383
143986, 1383
154513, 1383
216446, 1383
257882, 1383
94398, 1378
123730, 1378
126932, 1378
133927, 1378
140547, 1378
147222, 1378
171550, 1378
197744, 1378
251570, 1378
278687, 1376
89372, 1375
130963, 1375
63972, 1374
69852, 1374
82995, 1374
133367, 1374
168627, 1374
284646, 1374
291484, 1374
29240, 1373
48346, 1373
97559, 1373
130526, 1373
147235, 1373
151244, 1373
153636, 1373
157184, 1373
188061, 1373
194040, 1373
225202, 1373
244257, 1373
145437, 1372
154880, 1372
161828, 1372
171767, 1372
214474, 1372
215486, 1372
246376, 1372
255425, 1372
258234, 1372
281654, 1372
150664, 1371
159364, 1371
171041, 1371
28337, 1370
51210, 1370
55072, 1370
71684, 1370
74048, 1370
77581, 1370
80043, 1370
97107, 1370
109493, 1370
115974, 1370
118390, 1370
136362, 1370
144672, 1370
147435, 1370
158565, 1370
176482, 1370
210371, 1370
219288, 1370
224237, 1370
239834, 1370
292046, 1370
112656, 1369
160989, 1369
163422, 1369
166613, 1369
171530, 1369
195493, 1369
196669, 1369
198920, 1369
201769, 1369
209867, 1369
217441, 1369
230618, 1369
276979, 1369
280969, 1369
282708, 1369
282956, 1369
60082, 1368
63257, 1368
81387, 1368
137826, 1368
147849, 1368
158977, 1368
164442, 1368
181902, 1368
189919, 1368
199300, 1368
206084, 1368
211253, 1368
224705, 1368
187878, 1367
206862, 1366
120182, 1365
119626, 1364
233489, 1364
277263, 1364
137296, 1363
270630, 1363
73464, 1360
141396, 1360
177717, 1360
183017, 1360
190266, 1360
222709, 1360
277571, 1359
182913, 1358
23285, 1357
28804, 1357
45235, 1357
68128, 1357
259052, 1357
34611, 1356
73865, 1356
104341, 1356
125025, 1356
188451, 1356
221608, 1356
284708, 1356
206349, 1353
227468, 1353
89807, 1352
95946, 1352
221809, 1352
60383, 1349
164750, 1349
173789, 1349
217395, 1349
223849, 1349
269080, 1349
276392, 1349
284196, 1349
231478, 1348
288658, 1348
88084, 1347
193726, 1347
237715, 1347
87228, 1346
253021, 1346
141458, 1345
59282, 1343
66577, 1343
107702, 1343
115713, 1343
173212, 1343
185426, 1343
74672, 1342
94047, 1342
119706, 1342
135008, 1342
134881, 1341
159686, 1341
212183, 1341
77782, 1340
89311, 1340
124264, 1340
126551, 1340
131879, 1340
140577, 1340
145459, 1340
162379, 1340
185495, 1340
191369, 1340
283967, 1340
122044, 1339
273097, 1339
26973, 1337
67776, 1337
88421, 1337
110397, 1337
115020, 1337
133027, 1337
142858, 1337
174141, 1337
179387, 1337
180602, 1337
196515, 1337
270648, 1337
34334, 1336
58682, 1336
88706, 1336
123492, 1336
128214, 1336
135244, 1336
160858, 1336
279656, 1336
296061, 1336
21064, 1335
183549, 1335
186136, 1335
133678, 1330
164240, 1330
251621, 1330
87777, 1329
149872, 1329
43376, 1328
208088, 1328
227696, 1328
110823, 1327
136999, 1327
187022, 1327
209807, 1327
225662, 1327
238389, 1327
278409, 1327
293344, 1327
154752, 1326
155294, 1326
241396, 1326
29485, 1323
53888, 1323
58559, 1323
82559, 1323
86420, 1323
94364, 1323
139188, 1323
152189, 1323
164663, 1323
178318, 1323
218754, 1323
227287, 1323
238394, 1323
252289, 1323
280112, 1323
95718, 1322
132667, 1322
142671, 1322
194942, 1322
111918, 1320
111574, 1319
191696, 1317
78543, 1316
46326, 1315
70160, 1315
195645, 1315
210837, 1315
236534, 1315
255229, 1315
264160, 1315
223500, 1314
177271, 1313
75646, 1312
188884, 1312
26197, 1311
40470, 1310
162890, 1310
136485, 1308
228839, 1308
71654, 1307
119034, 1307
279700, 1306
194656, 1305
270815, 1305
80088, 1304
86061, 1304
87779, 1304
141906, 1304
144327, 1303
263801, 1303
103770, 1302
11345, 1301
72076, 1300
140457, 1300
177587, 1300
181444, 1300
75447, 1298
232365, 1298
25136, 1297
54582, 1297
162173, 1296
100589, 1295
218353, 1295
85140, 1294
147908, 1294
211958, 1294
218822, 1294
280456, 1294
88531, 1293
199856, 1293
220017, 1293
267836, 1293
147011, 1292
62549, 1291
80062, 1291
88700, 1291
103340, 1291
118952, 1291
125959, 1291
141004, 1291
180864, 1291
198630, 1291
208710, 1291
231671, 1291
83737, 1290
128384, 1290
145642, 1290
266698, 1290
124328, 1289
248461, 1288
220870, 1287
228945, 1287
151591, 1286
199573, 1286
203452, 1286
234113, 1286
27302, 1285
244701, 1285
27681, 1284
45968, 1284
56960, 1284
61889, 1284
69766, 1284
83101, 1284
85843, 1284
97800, 1284
102001, 1284
110907, 1284
114050, 1284
195767, 1284
196161, 1284
181470, 1283
213841, 1283
224539, 1283
7616, 1281
69061, 1281
112781, 1281
115382, 1281
281368, 1281
79898, 1280
124500, 1280
200745, 1280
52335, 1279
178544, 1279
259274, 1279
70300, 1278
123407, 1278
167632, 1278
235117, 1278
40422, 1277
58961, 1277
262207, 1277
53469, 1276
70810, 1276
107198, 1276
206775, 1276
211004, 1276
270424, 1276
119133, 1275
128666, 1275
140811, 1275
223743, 1275
258668, 1275
262363, 1275
279211, 1275
143555, 1274
204711, 1274
205383, 1274
259352, 1274
275090, 1274
101791, 1273
105128, 1273
147443, 1273
171633, 1273
179608, 1273
183935, 1273
216251, 1273
235615, 1273
23156, 1272
201181, 1272
160525, 1271
177111, 1271
199674, 1271
207333, 1271
216553, 1271
138527, 1269
158798, 1269
189251, 1269
234294, 1269
246386, 1269
258569, 1269
287588, 1269
293511, 1269
53810, 1268
43294, 1267
78367, 1267
133598, 1267
145512, 1267
153322, 1267
186350, 1267
188021, 1267
188726, 1267
193247, 1267
198685, 1267
276201, 1267
293761, 1267
295040, 1267
35963, 1266
40317, 1266
58982, 1266
68162, 1266
87261, 1266
125144, 1266
147227, 1266
147397, 1266
156408, 1266
174852, 1266
191189, 1266
202196, 1266
211889, 1266
44596, 1265
56500, 1265
146312, 1265
179412, 1265
224990, 1265
227336, 1265
52803, 1264
67110, 1264
81327, 1264
101811, 1264
126825, 1264
174112, 1264
176466, 1264
223063, 1264
143558, 1263
289924, 1263
63683, 1262
65621, 1262
126918, 1262
137438, 1262
187593, 1262
238540, 1262
185184, 1261
191234, 1261
210373, 1261
258319, 1261
259719, 1261
279920, 1261
111572, 1260
47427, 1258
175155, 1258
186535, 1258
211244, 1258
286507, 1258
19966, 1257
149615, 1257
252113, 1257
150599, 1255
178072, 1255
201470, 1255
103872, 1254
132555, 1254
162618, 1254
178639, 1254
216233, 1254
52161, 1253
54414, 1253
55608, 1253
64315, 1253
95663, 1253
134023, 1253
136895, 1253
142193, 1253
149683, 1253
172763, 1253
196262, 1253
129862, 1252
71607, 1250
94146, 1250
122318, 1250
270579, 1250
117069, 1249
192271, 1249
289137, 1249
31712, 1248
91287, 1248
94834, 1248
99549, 1248
148239, 1248
158926, 1248
175164, 1248
175849, 1248
212069, 1248
247500, 1248
273252, 1248
274232, 1248
274800, 1248
292921, 1248
58683, 1247
94363, 1247
136486, 1247
275246, 1247
19851, 1246
48817, 1246
66329, 1246
86852, 1246
93354, 1246
126753, 1246
126910, 1246
128401, 1246
154488, 1246
208685, 1246
272527, 1246
292941, 1246
25966, 1245
57117, 1245
60414, 1245
60610, 1245
109589, 1244
273172, 1244
138674, 1243
174604, 1243
246082, 1243
82402, 1242
134287, 1242
148151, 1242
202250, 1242
120660, 1241
134909, 1241
149721, 1241
232627, 1241
238208, 1241
250000, 1241
265357, 1241
55852, 1240
84378, 1240
100422, 1240
209964, 1240
109607, 1239
112338, 1239
226726, 1239
104089, 1238
267870, 1238
27111, 1237
69191, 1237
152075, 1237
155236, 1237
201252, 1237
236872, 1237
237735, 1237
248842, 1237
267763, 1237
272840, 1237
274521, 1237
279802, 1237
80322, 1236
152636, 1236
240501, 1236
19093, 1235
51367, 1235
56871, 1235
61229, 1235
152592, 1235
164079, 1235
208386, 1235
267537, 1235
287550, 1235
113314, 1233
127208, 1233
266771, 1233
59916, 1232
76992, 1232
169310, 1232
107192, 1231
170941, 1231
242754, 1231
279277, 1231
288649, 1231
289099, 1231
292555, 1231
113028, 1230
135643, 1230
211753, 1230
211897, 1230
220275, 1230
242094, 1230
265896, 1230
273544, 1230
294507, 1230
184348, 1229
132463, 1228
136010, 1228
237134, 1228
252207, 1228
270080, 1228
275785, 1228
102796, 1227
131212, 1227
181369, 1227
215020, 1227
160978, 1225
179660, 1225
184893, 1225
64481, 1224
92936, 1224
173551, 1224
49847, 1223
256547, 1223
19585, 1222
44993, 1222
74233, 1222
94603, 1222
116939, 1222
136358, 1222
138173, 1222
139074, 1222
147080, 1222
178770, 1222
202391, 1222
219979, 1222
252909, 1222
258704, 1222
280325, 1222
26667, 1221
83083, 1221
229904, 1221
243282, 1221
274660, 1221
288031, 1221
295018, 1221
90169, 1220
102142, 1220
185962, 1220
264824, 1220
118169, 1219
146035, 1219
67384, 1218
51956, 1217
204519, 1217
224708, 1217
233433, 1217
276009, 1217
136979, 1215
18924, 1213
127566, 1213
214899, 1213
47883, 1212
174058, 1212
190990, 1212
59469, 1211
162595, 1211
179017, 1211
180794, 1211
253719, 1211
69374, 1210
74856, 1210
92477, 1210
102882, 1210
212963, 1210
262565, 1210
149389, 1207
144971, 1206
147792, 1206
204015, 1206
125898, 1205
218325, 1205
91717, 1204
156944, 1204
174740, 1204
175306, 1204
190068, 1204
217388, 1204
265510, 1204
253565, 1203
238501, 1202
252049, 1202
252891, 1202
295869, 1202
149265, 1201
186763, 1201
207197, 1201
236720, 1201
259048, 1201
275464, 1201
287672, 1200
294746, 1199
133514, 1198
149624, 1198
233133, 1198
174547, 1197
279601, 1197
292226, 1197
46568, 1196
73342, 1196
111418, 1196
133478, 1195
288505, 1195
143777, 1193
143534, 1191
152213, 1191
166996, 1191
170371, 1191
174210, 1191
186547, 1190
165096, 1189
220385, 1189
251050, 1189
222336, 1188
232554, 1188
255026, 1188
263481, 1188
112603, 1187
125786, 1187
161196, 1187
180087, 1187
184762, 1187
201981, 1187
202138, 1187
213723, 1187
227132, 1187
228827, 1187
240688, 1187
49288, 1186
70229, 1186
80690, 1186
188533, 1186
214732, 1186
282413, 1186
59948, 1185
84832, 1185
93604, 1185
133172, 1185
157732, 1185
193400, 1185
236946, 1185
257323, 1185
24565, 1184
121668, 1183
142608, 1183
286042, 1182
222963, 1181
71564, 1180
83732, 1180
122010, 1180
177839, 1180
217247, 1180
232214, 1180
292835, 1180
115509, 1179
136321, 1179
175268, 1178
177047, 1178
226388, 1178
65556, 1177
189587, 1177
227954, 1177
274765, 1177
295383, 1177
67162, 1176
81176, 1176
158868, 1176
255003, 1176
52591, 1174
131685, 1174
149591, 1174
155068, 1174
159197, 1174
239238, 1174
120704, 1173
48989, 1172
67031, 1172
195772, 1172
208331, 1172
231107, 1172
145965, 1171
149417, 1171
262425, 1171
275380, 1171
288891, 1171
290667, 1171
295799, 1171
214539, 1170
223944, 1170
110182, 1169
136343, 1169
152244, 1169
160781, 1169
28929, 1168
36419, 1168
49525, 1168
50221, 1168
62395, 1168
94718, 1168
96953, 1168
113083, 1168
153774, 1168
160945, 1168
177184, 1168
178867, 1168
234747, 1168
253505, 1168
45018, 1166
51271, 1166
235559, 1166
264216, 1166
166576, 1163
199663, 1163
202712, 1163
228720, 1163
271781, 1163
75396, 1161
82529, 1161
105840, 1160
50879, 1159
80843, 1159
122116, 1159
220112, 1159
223402, 1159
21678, 1158
63784, 1158
201932, 1158
202349, 1158
253974, 1157
207765, 1156
175756, 1155
40566, 1154
215440, 1154
118221, 1153
123007, 1153
150098, 1153
182111, 1153
206693, 1153
213938, 1153
226763, 1153
235596, 1153
185996, 1151
76065, 1150
169553, 1149
39671, 1146
95720, 1146
101909, 1146
123067, 1146
146283, 1146
132762, 1142
142280, 1142
151905, 1142
181446, 1142
230508, 1142
240482, 1142
244239, 1142
246778, 1142
249842, 1142
283271, 1142
289642, 1142
291320, 1142
181543, 1141
142896, 1140
233974, 1140
287942, 1140
120467, 1139
223423, 1137
285354, 1137
261407, 1136
269867, 1136
240174, 1133
248100, 1133
137887, 1132
163132, 1132
178931, 1132
230850, 1132
264503, 1132
271258, 1132
75817, 1131
84929, 1131
221214, 1131
262453, 1131
128376, 1130
55226, 1128
83698, 1128
88780, 1128
155670, 1128
156992, 1128
180398, 1128
187082, 1128
201689, 1128
220528, 1128
263314, 1128
250353, 1127
13115, 1126
27364, 1126
37888, 1126
52712, 1126
68824, 1126
81272, 1126
98089, 1126
103834, 1126
121884, 1126
146631, 1126
170130, 1126
171135, 1126
175373, 1126
180529, 1126
191146, 1126
215885, 1126
280066, 1126
289045, 1126
220829, 1125
7584, 1124
129369, 1124
213989, 1124
260946, 1124
106394, 1123
61515, 1121
69597, 1118
122692, 1118
186053, 1118
168101, 1117
24266, 1116
103675, 1116
10302, 1115
46163, 1115
62648, 1115
73189, 1115
88245, 1115
107772, 1115
115038, 1115
115043, 1115
122024, 1115
122925, 1115
123922, 1115
152042, 1115
153502, 1115
218268, 1115
222052, 1115
267639, 1115
70162, 1113
83330, 1113
103602, 1113
10253, 1112
29729, 1112
34207, 1112
43430, 1112
48290, 1112
48766, 1112
53748, 1112
54908, 1112
64312, 1112
65817, 1112
76966, 1112
85004, 1112
86773, 1112
88339, 1112
94585, 1112
110061, 1112
110628, 1112
110778, 1112
127264, 1112
152680, 1112
159735, 1112
188073, 1112
204460, 1112
254989, 1112
266569, 1112
275573, 1112
46523, 1111
98537, 1111
111332, 1111
126952, 1111
145868, 1111
175850, 1111
178686, 1111
189143, 1111
249353, 1111
254706, 1111
223975, 1110
53791, 1109
143769, 1109
161893, 1109
167390, 1109
203945, 1109
247128, 1109
4872, 1108
115146, 1108
248450, 1108
289780, 1108
128410, 1107
183229, 1107
202855, 1107
213715, 1107
247472, 1107
26053, 1106
86014, 1106
60743, 1105
75290, 1105
150543, 1105
218659, 1105
225104, 1105
258129, 1105
33239, 1104
46209, 1104
155312, 1104
164982, 1104
199416, 1104
278876, 1104
86609, 1103
127233, 1103
175881, 1103
195667, 1103
273724, 1103
207168, 1102
27500, 1099
53967, 1099
131658, 1099
136067, 1099
161136, 1099
170238, 1099
175891, 1099
176532, 1099
181143, 1099
183925, 1099
194931, 1099
196232, 1099
226318, 1099
237495, 1099
238075, 1099
244329, 1099
254674, 1099
258594, 1099
267890, 1099
291192, 1099
26340, 1098
222738, 1098
117877, 1097
119602, 1097
153535, 1097
162801, 1097
253506, 1097
280129, 1097
132241, 1096
160144, 1096
250611, 1095
288131, 1095
21570, 1094
127357, 1094
281930, 1094
294769, 1094
276841, 1093
57247, 1091
149030, 1090
180829, 1090
232400, 1090
96890, 1089
208834, 1089
220161, 1089
60013, 1088
64620, 1088
73232, 1088
93678, 1088
101677, 1088
102556, 1088
118722, 1088
135587, 1088
138669, 1088
139911, 1088
145274, 1088
154298, 1088
159503, 1088
165286, 1088
175322, 1088
216486, 1088
252551, 1088
46565, 1087
115313, 1087
138253, 1087
141511, 1087
144151, 1087
210215, 1087
225196, 1087
228462, 1087
237273, 1087
238887, 1087
279774, 1087
280492, 1087
64846, 1086
102547, 1086
119402, 1086
152897, 1086
161865, 1086
231520, 1086
26328, 1085
94919, 1085
169641, 1085
195594, 1085
248830, 1085
259197, 1085
261037, 1085
79294, 1084
89979, 1084
95746, 1084
122158, 1084
131793, 1084
182980, 1084
220365, 1084
242849, 1084
264360, 1084
268137, 1084
275427, 1084
287095, 1084
187149, 1083
269946, 1083
49418, 1082
139309, 1082
195572, 1082
33988, 1081
153274, 1081
155814, 1081
181852, 1081
201572, 1081
201639, 1081
218351, 1081
244987, 1081
245799, 1081
249743, 1081
256755, 1081
74891, 1080
112975, 1080
157920, 1080
21216, 1079
177551, 1079
267202, 1078
96618, 1077
98628, 1077
130735, 1075
179459, 1075
234268, 1075
262415, 1075
265257, 1074
207414, 1073
220229, 1073
292718, 1072
165451, 1071
167274, 1071
197743, 1071
120101, 1070
228459, 1070
20435, 1069
206528, 1069
242334, 1069
265738, 1069
97467, 1068
98195, 1068
198755, 1068
270079, 1068
132225, 1067
38448, 1066
230412, 1066
249555, 1066
184971, 1065
253337, 1065
290294, 1065
225673, 1064
233455, 1064
234914, 1064
270162, 1064
150848, 1063
216173, 1063
248673, 1063
88059, 1061
119284, 1060
232716, 1060
290210, 1060
31549, 1059
71926, 1059
85042, 1058
57438, 1057
215787, 1057
185050, 1055
102045, 1054
123952, 1054
127338, 1054
195632, 1054
255708, 1053
118473, 1052
127126, 1052
124389, 1050
144375, 1050
210890, 1050
241946, 1050
258450, 1050
60450, 1048
61159, 1048
127827, 1048
194816, 1048
131453, 1047
216393, 1047
246187, 1047
71999, 1046
127882, 1046
135829, 1046
179203, 1046
261413, 1046
292155, 1046
79929, 1045
102813, 1045
175679, 1045
213328, 1045
246489, 1045
39617, 1044
94689, 1044
121998, 1044
157870, 1044
68349, 1043
74972, 1043
82141, 1043
87550, 1043
95609, 1043
106456, 1043
106545, 1043
143687, 1043
174779, 1043
200268, 1043
251980, 1043
256018, 1043
269922, 1043
273652, 1043
57956, 1042
169762, 1042
217802, 1042
272835, 1042
280082, 1042
141242, 1041
29789, 1040
44978, 1040
243778, 1040
253340, 1040
136964, 1039
158660, 1039
110996, 1038
133232, 1038
157755, 1038
146519, 1037
182518, 1037
42939, 1036
66927, 1035
87321, 1035
183755, 1035
216257, 1035
280786, 1035
2756, 1034
87372, 1034
220654, 1034
292780, 1034
91098, 1032
111606, 1032
137257, 1032
143265, 1032
180578, 1032
219742, 1032
239825, 1032
241502, 1032
272549, 1032
277120, 1032
261910, 1031
280211, 1031
284235, 1031
294584, 1031
19639, 1030
126304, 1030
225136, 1028
288700, 1028
68497, 1027
147148, 1027
195615, 1027
220633, 1027
224754, 1027
231834, 1027
244528, 1027
283300, 1027
132666, 1026
214037, 1026
250455, 1026
269705, 1026
281684, 1025
43374, 1024
51992, 1024
95054, 1024
137242, 1024
147644, 1024
225393, 1024
38776, 1023
51413, 1023
86838, 1022
108533, 1022
217952, 1021
286361, 1021
64297, 1020
90014, 1020
160608, 1020
206442, 1020
227900, 1020
230229, 1020
276971, 1020
237479, 1019
266276, 1019
50772, 1018
100734, 1018
148342, 1018
169332, 1018
176489, 1018
224468, 1018
241800, 1018
85868, 1017
85940, 1017
135996, 1017
183941, 1017
284596, 1017
41072, 1016
139793, 1016
141547, 1016
156537, 1016
231686, 1016
240442, 1016
252065, 1016
92348, 1015
106067, 1015
168368, 1015
273744, 1015
163891, 1014
211136, 1014
239051, 1014
240577, 1014
278239, 1014
8798, 1013
56703, 1013
61074, 1013
71567, 1013
84437, 1013
90450, 1013
268406, 1013
2811, 1012
57704, 1012
185261, 1012
81222, 1011
104801, 1011
168070, 1011
227252, 1011
155328, 1010
107235, 1009
254301, 1009
260915, 1009
278889, 1009
7874, 1008
270625, 1008
25731, 1007
30000, 1007
80935, 1007
145941, 1007
163869, 1007
166832, 1007
170318, 1007
175194, 1007
185080, 1007
192367, 1007
208267, 1007
209002, 1007
217529, 1007
228276, 1007
266862, 1007
272355, 1007
291005, 1007
162145, 1006
264699, 1006
264578, 1005
288493, 1005
111818, 1004
148839, 1004
164878, 1004
176269, 1004
15335, 1003
213762, 1003
234308, 1003
240733, 1003
186552, 1002
203917, 1002
27376, 1001
155693, 1001
230886, 1001
242961, 1001
252322, 1001
107875, 1000
235542, 1000
267946, 1000
