18374, 67052
23629, 67052
38117, 67052
160182, 67052
7926, 66226
11325, 66226
12098, 66226
12489, 66226
15451, 66226
15876, 66226
19382, 66226
19907, 66226
21738, 66226
23297, 66226
24461, 66226
26016, 66226
28236, 66226
29027, 66226
29414, 66226
29625, 66226
30792, 66226
33579, 66226
34825, 66226
35872, 66226
38164, 66226
38821, 66226
39682, 66226
42252, 66226
44321, 66226
44805, 66226
45175, 66226
45217, 66226
51039, 66226
54503, 66226
56084, 66226
56643, 66226
57978, 66226
59578, 66226
62068, 66226
62158, 66226
67965, 66226
68346, 66226
70399, 66226
71836, 66226
72059, 66226
74429, 66226
75427, 66226
76185, 66226
76501, 66226
78871, 66226
81563, 66226
92826, 66226
95725, 66226
97375, 66226
102670, 66226
103514, 66226
114724, 66226
40437, 66065
536, 65864
872, 65864
1885, 65864
2709, 65864
3652, 65864
3916, 65864
3955, 65864
5752, 65864
11070, 65864
136573, 65864
163238, 65864
165291, 65864
214366, 65864
231554, 65864
267664, 65864
277685, 65864
3216, 65391
4732, 65391
255595, 65391
265928, 65391
462, 63482
532, 63482
9513, 62478
28279, 62478
30146, 62478
61730, 62478
48618, 62438
58596, 62438
69652, 62438
74457, 62438
76537, 62438
82813, 62438
96656, 62438
2214, 62433
6652, 62433
14733, 62433
195866, 62433
295066, 62433
64703, 62288
75996, 62288
77109, 62288
82064, 62288
65, 61964
246, 61964
10403, 61871
30781, 61871
18886, 61238
59374, 60764
3231, 55381
4145, 55381
4693, 55381
12848, 55381
57722, 55381
213990, 55381
1, 53335
5, 53335
18, 53335
164, 50334
107144, 49128
116, 22112
279863, 19404
3112, 18558
2065, 18448
194472, 16787
137315, 16254
152999, 16254
185964, 16254
231327, 16254
63528, 15683
101716, 15683
110593, 15683
140467, 15683
171402, 15683
241761, 15683
248758, 15683
288569, 15683
75042, 15617
80452, 15617
99040, 15617
116685, 15617
133907, 15617
134343, 15617
172688, 15617
176581, 15617
222215, 15617
224044, 15617
224698, 15617
228797, 15617
233030, 15617
238550, 15617
242964, 15617
245648, 15617
274131, 15617
277764, 15617
287381, 15617
288898, 15617
294007, 15617
163913, 15550
168805, 15550
6189, 15534
13172, 15534
32382, 15534
41860, 15534
52025, 15534
52592, 15534
60445, 15534
69801, 15534
70201, 15534
92280, 15534
102094, 15534
103220, 15534
107978, 15534
110022, 15534
119700, 15534
123913, 15534
126896, 15534
144534, 15534
148462, 15534
154367, 15534
163986, 15534
169953, 15534
194615, 15534
196160, 15534
196653, 15534
200022, 15534
228223, 15534
237000, 15534
238091, 15534
238350, 15534
248213, 15534
248894, 15534
248924, 15534
251779, 15534
255593, 15534
256954, 15534
267497, 15534
269617, 15534
272045, 15534
272753, 15534
280022, 15534
289604, 15534
290789, 15534
3402, 15513
4587, 15500
11218, 15500
127136, 15500
144005, 15500
168512, 15500
6218, 15416
8095, 15416
23697, 15416
33232, 15416
36818, 15416
41652, 15416
43807, 15416
44997, 15416
47915, 15416
54229, 15416
64055, 15416
66097, 15416
66478, 15416
66634, 15416
69739, 15416
78258, 15416
78648, 15416
84053, 15416
90833, 15416
104372, 15416
105309, 15416
112522, 15416
114536, 15416
115046, 15416
119075, 15416
119976, 15416
127903, 15416
128615, 15416
137441, 15416
150829, 15416
152756, 15416
153284, 15416
153738, 15416
178558, 15416
182155, 15416
185471, 15416
200062, 15416
200393, 15416
202972, 15416
212565, 15416
239245, 15416
243336, 15416
259311, 15416
259951, 15416
267421, 15416
269136, 15416
272850, 15416
274778, 15416
15204, 15256
17251, 15256
22515, 15256
24473, 15256
37729, 15256
37944, 15256
47265, 15256
47517, 15256
48697, 15256
49601, 15256
49856, 15256
50562, 15256
53558, 15256
55117, 15256
63233, 15256
70328, 15256
72056, 15256
72163, 15256
74875, 15256
78200, 15256
87269, 15256
89117, 15256
92130, 15256
92844, 15256
95231, 15256
99464, 15256
105842, 15256
106501, 15256
110863, 15256
110954, 15256
112138, 15256
112534, 15256
113598, 15256
115924, 15256
123275, 15256
124551, 15256
124963, 15256
127771, 15256
129251, 15256
129331, 15256
129560, 15256
134477, 15256
136515, 15256
140052, 15256
140551, 15256
142354, 15256
144239, 15256
147839, 15256
151330, 15256
154905, 15256
155191, 15256
155329, 15256
159307, 15256
159365, 15256
167731, 15256
170740, 15256
171595, 15256
173761, 15256
177651, 15256
179959, 15256
180992, 15256
183648, 15256
184969, 15256
185805, 15256
187813, 15256
188019, 15256
188391, 15256
190957, 15256
193741, 15256
194044, 15256
195288, 15256
198514, 15256
204659, 15256
204884, 15256
207800, 15256
207998, 15256
208011, 15256
208143, 15256
209708, 15256
211415, 15256
211954, 15256
212416, 15256
212840, 15256
213020, 15256
213377, 15256
213913, 15256
216539, 15256
218275, 15256
218293, 15256
221018, 15256
232020, 15256
235679, 15256
235844, 15256
236378, 15256
238848, 15256
240362, 15256
240918, 15256
243751, 15256
243820, 15256
245989, 15256
250901, 15256
252973, 15256
255463, 15256
261334, 15256
261696, 15256
262691, 15256
262845, 15256
263266, 15256
264088, 15256
266246, 15256
268124, 15256
268978, 15256
269007, 15256
269998, 15256
270151, 15256
271926, 15256
272187, 15256
273892, 15256
274461, 15256
277896, 15256
287446, 15256
287798, 15256
287940, 15256
287964, 15256
292037, 15256
294086, 15256
296057, 15256
4305, 15133
5298, 15133
6431, 15133
8264, 15133
10786, 15133
20829, 15133
30203, 15133
37097, 15133
42444, 15133
46740, 15133
49108, 15133
54844, 15133
62461, 15133
66736, 15133
68295, 15133
70773, 15133
71383, 15133
72296, 15133
74656, 15133
74861, 15133
79602, 15133
85463, 15133
86969, 15133
90742, 15133
92793, 15133
93907, 15133
95040, 15133
95112, 15133
97897, 15133
122496, 15133
126005, 15133
129166, 15133
138213, 15133
158261, 15133
180274, 15133
221021, 15133
229014, 15133
261313, 15128
7638, 15117
9046, 15117
12469, 15117
16802, 15117
16804, 15117
24526, 15117
24852, 15117
25671, 15117
48228, 15117
62871, 15117
64681, 15117
79651, 15117
83798, 15117
95524, 15117
98692, 15117
99941, 15117
109071, 15117
114404, 15117
116587, 15117
117636, 15117
118533, 15117
119527, 15117
119811, 15117
121204, 15117
121530, 15117
124234, 15117
129040, 15117
135019, 15117
138577, 15117
144263, 15117
150110, 15117
151326, 15117
152477, 15117
160874, 15117
165147, 15117
166058, 15117
166321, 15117
177182, 15117
177607, 15117
184202, 15117
198762, 15117
202892, 15117
208654, 15117
208959, 15117
212197, 15117
212995, 15117
219929, 15117
225388, 15117
236398, 15117
243767, 15117
245603, 15117
249099, 15117
264026, 15117
269144, 15117
269392, 15117
276055, 15117
281539, 15117
110347, 15102
124095, 15102
153872, 15102
159052, 15102
166963, 15102
173378, 15102
176022, 15102
179136, 15102
189304, 15102
195927, 15102
206605, 15102
208005, 15102
215878, 15102
221426, 15102
256361, 15102
272164, 15102
290689, 15102
6083, 14995
66696, 14995
211143, 14946
21559, 14940
23215, 14940
80124, 14939
111993, 14939
6226, 14934
10646, 14934
30764, 14934
33657, 14934
41085, 14934
43339, 14934
47458, 14934
54057, 14934
58163, 14934
99508, 14934
55033, 14890
65472, 14890
112802, 14890
113887, 14890
97867, 14852
101361, 14852
116852, 14852
139072, 14852
183999, 14852
246830, 14852
29093, 14814
51360, 14814
60629, 14814
187488, 14814
170483, 14808
10013, 14787
15354, 14787
113453, 14787
115817, 14787
212627, 14787
249378, 14764
54003, 14742
127960, 14742
15188, 14717
27067, 14717
51397, 14717
59583, 14717
69708, 14717
76077, 14717
181798, 14717
222194, 14717
46847, 14698
48590, 14698
55425, 14698
69300, 14698
78125, 14698
82417, 14698
92518, 14698
81813, 14693
136796, 14693
138429, 14693
178199, 14693
196677, 14693
205371, 14693
214404, 14693
223388, 14693
236529, 14693
240091, 14693
260568, 14693
286895, 14693
26196, 14656
99769, 14656
43045, 14641
51549, 14641
103935, 14641
118348, 14641
149885, 14641
184952, 14641
189705, 14641
232823, 14641
280573, 14641
37308, 14631
56939, 14631
71568, 14631
73431, 14626
81481, 14611
130430, 14611
90519, 14608
123057, 14608
127650, 14608
182528, 14608
17637, 14590
22723, 14590
24283, 14590
170237, 14590
173843, 14590
230022, 14590
15852, 14586
22778, 14586
23413, 14586
31629, 14586
33636, 14586
35491, 14586
39879, 14586
44064, 14586
47454, 14586
96475, 14584
104399, 14584
126898, 14584
160566, 14584
169947, 14584
151439, 14544
43146, 14489
51865, 14489
76448, 14489
79956, 14489
91100, 14489
94720, 14489
120210, 14489
216942, 14489
4513, 14400
51361, 14327
158822, 14327
21806, 14302
188311, 14297
23319, 14242
50087, 14242
58243, 14242
116595, 14242
146325, 14242
12067, 14161
57015, 14161
84408, 14161
85523, 14161
91232, 14161
98473, 14161
111763, 14161
148818, 14161
271756, 14093
197180, 14071
206578, 14053
264326, 14053
281125, 14053
282566, 14053
294973, 14053
23043, 13994
144992, 13994
16944, 13873
91467, 13873
212, 13862
14185, 13862
31400, 13862
48154, 13862
54282, 13862
88294, 13862
93018, 13862
106840, 13862
117464, 13862
193473, 13862
197422, 13862
221139, 13862
252603, 13862
254786, 13862
278931, 13862
223245, 13821
221585, 13813
226647, 13809
113605, 13785
60441, 13757
13094, 13753
284616, 13743
148819, 13722
4738, 13679
39778, 13676
47323, 13676
52106, 13676
55739, 13676
62538, 13676
63836, 13676
75998, 13676
85615, 13676
86451, 13676
92698, 13676
95064, 13676
138149, 13676
16129, 13519
23897, 13519
28831, 13519
75076, 13519
81358, 13519
92270, 13519
112949, 13519
119081, 13519
163720, 13519
197117, 13459
267246, 13455
2500, 13441
12318, 13439
46458, 13439
66535, 13439
98132, 13439
109122, 13439
117274, 13439
141143, 13439
167781, 13439
184185, 13439
199404, 13439
236169, 13439
237190, 13439
256425, 13439
3010, 13362
122411, 13335
27975, 13325
44938, 13325
64962, 13325
259593, 13315
37640, 13290
123463, 13290
31035, 13252
34580, 13252
38268, 13252
39990, 13252
40790, 13252
43579, 13252
47676, 13252
54984, 13252
59261, 13252
62272, 13252
63948, 13252
66401, 13252
68593, 13252
108718, 13252
132161, 13252
120244, 13219
111652, 13172
14234, 13169
295772, 13169
24434, 13167
27432, 13167
28627, 13167
49542, 13167
50862, 13167
83278, 13167
104958, 13167
105397, 13167
200179, 13139
15367, 13087
18671, 13087
20040, 13087
30617, 13087
164851, 13087
18996, 13080
8045, 13073
98591, 13051
26948, 13048
64457, 13048
65082, 13048
86199, 13048
103997, 13048
113483, 13048
161459, 13048
22372, 12958
31148, 12958
155209, 12958
193104, 12958
211186, 12958
221998, 12958
231342, 12958
246924, 12958
253375, 12958
14755, 12931
14892, 12931
20827, 12931
28840, 12931
20124, 12921
28068, 12921
82136, 12921
12746, 12896
13168, 12896
18630, 12896
127130, 12896
166742, 12896
212298, 12896
2081, 12809
14567, 12798
101216, 12798
126351, 12798
63974, 12787
99106, 12787
107545, 12787
204167, 12787
257759, 12787
262615, 12787
273854, 12787
288981, 12787
293041, 12787
86815, 12763
154358, 12763
163303, 12763
203890, 12763
150861, 12755
172865, 12755
224190, 12755
12092, 12719
43368, 12719
47693, 12719
49234, 12719
60436, 12719
88509, 12719
91276, 12719
102509, 12719
112079, 12719
127761, 12719
128831, 12719
139341, 12719
160303, 12719
160658, 12719
166335, 12719
187601, 12719
188141, 12719
194432, 12719
194962, 12719
196055, 12719
198022, 12719
203949, 12719
222326, 12719
223791, 12719
250590, 12719
7698, 12693
208907, 12635
245258, 12590
8133, 12570
273150, 12564
200162, 12556
277142, 12556
285144, 12556
5804, 12502
6840, 12502
8012, 12464
8836, 12464
12809, 12464
13021, 12464
121299, 12464
123559, 12464
127158, 12452
276679, 12413
4026, 12401
4409, 12401
124996, 12401
134906, 12401
138921, 12401
155621, 12401
173094, 12401
215930, 12401
278577, 12401
247681, 12349
1591, 12283
95405, 12283
13697, 12237
152546, 12205
222266, 12178
294812, 12178
8765, 11746
269582, 11529
35289, 11512
50116, 11512
54286, 11512
80819, 11512
181089, 11512
65096, 11369
3927, 11334
49907, 11267
138060, 11178
2773, 11117
70191, 11117
196648, 11117
260815, 11117
206357, 11085
67354, 11024
64524, 11002
54310, 10942
188186, 10832
97487, 10817
215757, 10412
224820, 10412
122958, 10399
143080, 10399
149267, 10399
150409, 10399
155665, 10399
157249, 10399
159075, 10399
163445, 10399
252827, 10399
290198, 10399
105224, 10378
118071, 10378
118949, 10378
119086, 10378
120146, 10378
128155, 10378
130100, 10378
130292, 10378
131255, 10378
133447, 10378
133627, 10378
136367, 10378
137805, 10378
138318, 10378
139532, 10378
139618, 10378
140214, 10378
141358, 10378
142169, 10378
143417, 10378
144618, 10378
144927, 10378
146328, 10378
146846, 10378
147429, 10378
148012, 10378
149603, 10378
150564, 10378
152204, 10378
152818, 10378
153361, 10378
153593, 10378
154598, 10378
155695, 10378
156671, 10378
160506, 10378
160939, 10378
166874, 10378
167120, 10378
168096, 10378
169699, 10378
170243, 10378
171266, 10378
172305, 10378
174057, 10378
175386, 10378
176782, 10378
177144, 10378
177155, 10378
177309, 10378
177319, 10378
178106, 10378
184152, 10378
186055, 10378
187422, 10378
187655, 10378
188485, 10378
189424, 10378
191078, 10378
192161, 10378
192275, 10378
192412, 10378
193558, 10378
194904, 10378
197770, 10378
200028, 10378
200995, 10378
202815, 10378
207561, 10378
209866, 10378
210817, 10378
213899, 10378
214430, 10378
215294, 10378
216774, 10378
218135, 10378
219014, 10378
219561, 10378
219996, 10378
223151, 10378
223527, 10378
225080, 10378
225887, 10378
227795, 10378
229836, 10378
229976, 10378
231119, 10378
231416, 10378
231482, 10378
231708, 10378
232175, 10378
237149, 10378
237424, 10378
238879, 10378
240580, 10378
242383, 10378
243170, 10378
247759, 10378
248740, 10378
252686, 10378
252797, 10378
253458, 10378
255605, 10378
256687, 10378
257103, 10378
257252, 10378
257724, 10378
260117, 10378
263236, 10378
264177, 10378
264955, 10378
267743, 10378
267983, 10378
268279, 10378
268780, 10378
273322, 10378
275470, 10378
277396, 10378
278596, 10378
290796, 10378
291384, 10378
293559, 10378
294876, 10378
142731, 10352
144369, 10352
147825, 10352
159874, 10352
160693, 10352
165569, 10352
166905, 10352
174788, 10352
179057, 10352
179416, 10352
190872, 10352
200722, 10352
202637, 10352
206241, 10352
222648, 10352
222662, 10352
232516, 10352
238497, 10352
246087, 10352
272121, 10352
131497, 10346
145937, 10346
173379, 10346
174300, 10346
189872, 10346
195856, 10346
200488, 10346
202625, 10346
205909, 10346
208375, 10346
211497, 10346
218173, 10346
243205, 10346
263135, 10346
266370, 10346
159721, 10328
188463, 10328
250861, 10328
96495, 10312
114108, 10312
136254, 10312
140570, 10312
146711, 10312
156703, 10312
159418, 10312
159490, 10312
165449, 10312
168765, 10312
172500, 10312
177257, 10312
183607, 10312
184089, 10312
190473, 10312
191230, 10312
193913, 10312
195643, 10312
199773, 10312
209468, 10312
211504, 10312
217976, 10312
224359, 10312
224728, 10312
231837, 10312
232366, 10312
238536, 10312
243072, 10312
243917, 10312
244261, 10312
254573, 10312
255105, 10312
258058, 10312
261237, 10312
281022, 10312
286791, 10312
288324, 10312
180083, 10274
246969, 10274
276358, 10274
118315, 10256
142560, 10256
146670, 10256
180703, 10256
192051, 10256
193842, 10256
223512, 10256
242974, 10256
243219, 10256
254168, 10256
259040, 10256
260792, 10256
261909, 10256
272262, 10256
276390, 10256
276637, 10256
284018, 10256
284954, 10256
154844, 10139
240416, 10139
43474, 10133
108082, 10133
168312, 10104
240978, 10104
151277, 10013
145634, 9970
226287, 9970
278689, 9925
89221, 9826
2655, 9748
9843, 9676
196258, 9398
193407, 9334
130107, 9324
141126, 9302
93515, 9273
79894, 9255
91648, 9255
103017, 9255
115531, 9255
120043, 9255
120113, 9255
120517, 9255
121970, 9255
125300, 9255
128392, 9255
129861, 9255
131960, 9255
133203, 9255
135270, 9255
138969, 9255
140134, 9255
140504, 9255
141837, 9255
141960, 9255
142384, 9255
144139, 9255
145502, 9255
145686, 9255
146713, 9255
147171, 9255
147898, 9255
148007, 9255
148952, 9255
150014, 9255
150063, 9255
150224, 9255
150452, 9255
150608, 9255
151949, 9255
152845, 9255
152975, 9255
154199, 9255
157062, 9255
158414, 9255
160742, 9255
162166, 9255
163591, 9255
164301, 9255
164789, 9255
166531, 9255
166786, 9255
166993, 9255
167599, 9255
167933, 9255
169483, 9255
169690, 9255
172311, 9255
173260, 9255
177290, 9255
179332, 9255
181012, 9255
185795, 9255
188904, 9255
188926, 9255
189464, 9255
191916, 9255
192809, 9255
193216, 9255
194308, 9255
194838, 9255
195423, 9255
199600, 9255
200569, 9255
200990, 9255
201191, 9255
202852, 9255
203089, 9255
204597, 9255
205215, 9255
205499, 9255
207737, 9255
207838, 9255
207984, 9255
208550, 9255
208607, 9255
208948, 9255
209483, 9255
210292, 9255
210952, 9255
211548, 9255
212599, 9255
212603, 9255
214751, 9255
219151, 9255
220784, 9255
221482, 9255
222509, 9255
223217, 9255
226149, 9255
228653, 9255
233368, 9255
234313, 9255
235683, 9255
236212, 9255
238323, 9255
238717, 9255
239118, 9255
239862, 9255
242370, 9255
242525, 9255
243830, 9255
244332, 9255
244454, 9255
244882, 9255
245300, 9255
246226, 9255
246421, 9255
246996, 9255
247480, 9255
248056, 9255
248433, 9255
248691, 9255
251640, 9255
254050, 9255
256052, 9255
256259, 9255
256915, 9255
258431, 9255
260708, 9255
260780, 9255
261777, 9255
265478, 9255
266207, 9255
266833, 9255
267780, 9255
270833, 9255
271075, 9255
272157, 9255
272202, 9255
277203, 9255
279122, 9255
281020, 9255
281477, 9255
282796, 9255
288035, 9255
291796, 9255
293371, 9255
294120, 9255
796, 9246
1400, 9246
91504, 9246
94687, 9246
101219, 9246
105871, 9246
106026, 9246
108634, 9246
110511, 9246
110530, 9246
111889, 9246
112016, 9246
114294, 9246
114434, 9246
114449, 9246
114832, 9246
114876, 9246
116600, 9246
116867, 9246
116887, 9246
118877, 9246
120679, 9246
121102, 9246
122447, 9246
124629, 9246
125021, 9246
125744, 9246
126070, 9246
126365, 9246
126888, 9246
126917, 9246
127237, 9246
127271, 9246
130552, 9246
130698, 9246
132501, 9246
133459, 9246
134208, 9246
134737, 9246
135155, 9246
135364, 9246
136241, 9246
136373, 9246
136417, 9246
136621, 9246
136638, 9246
136720, 9246
136877, 9246
137624, 9246
138271, 9246
139112, 9246
140937, 9246
141651, 9246
141753, 9246
141930, 9246
141953, 9246
142301, 9246
142661, 9246
143544, 9246
143678, 9246
143876, 9246
144940, 9246
145734, 9246
145973, 9246
145980, 9246
146076, 9246
146673, 9246
146694, 9246
147879, 9246
147987, 9246
148210, 9246
148332, 9246
148627, 9246
148847, 9246
149105, 9246
149635, 9246
149946, 9246
150081, 9246
150368, 9246
150633, 9246
150717, 9246
151690, 9246
151769, 9246
152384, 9246
152407, 9246
152554, 9246
152882, 9246
153899, 9246
154004, 9246
154040, 9246
154308, 9246
154755, 9246
155246, 9246
156569, 9246
156678, 9246
156861, 9246
157222, 9246
157505, 9246
157591, 9246
157694, 9246
157866, 9246
159493, 9246
160353, 9246
160816, 9246
161139, 9246
161930, 9246
161972, 9246
162508, 9246
162591, 9246
162631, 9246
163018, 9246
163081, 9246
163090, 9246
163330, 9246
163335, 9246
164659, 9246
164837, 9246
165383, 9246
165471, 9246
165520, 9246
165902, 9246
166182, 9246
166642, 9246
167958, 9246
168065, 9246
168348, 9246
168416, 9246
169003, 9246
169485, 9246
170193, 9246
171785, 9246
172667, 9246
172762, 9246
172914, 9246
173572, 9246
173621, 9246
173774, 9246
174109, 9246
174186, 9246
174558, 9246
174729, 9246
174979, 9246
175014, 9246
175430, 9246
176171, 9246
177149, 9246
177461, 9246
178512, 9246
179143, 9246
179671, 9246
180149, 9246
180219, 9246
180449, 9246
180589, 9246
181159, 9246
181272, 9246
181867, 9246
182008, 9246
182081, 9246
182285, 9246
182388, 9246
182638, 9246
183033, 9246
183304, 9246
183370, 9246
183489, 9246
183637, 9246
183988, 9246
184967, 9246
185917, 9246
185946, 9246
186016, 9246
186345, 9246
186522, 9246
186573, 9246
186587, 9246
186628, 9246
187614, 9246
187955, 9246
188261, 9246
188686, 9246
188850, 9246
189623, 9246
190388, 9246
190479, 9246
191147, 9246
191522, 9246
191625, 9246
191635, 9246
192519, 9246
192718, 9246
193089, 9246
193782, 9246
194297, 9246
194310, 9246
194476, 9246
194627, 9246
194817, 9246
194974, 9246
195294, 9246
196294, 9246
197430, 9246
198585, 9246
198918, 9246
199072, 9246
199364, 9246
199390, 9246
200319, 9246
200939, 9246
200947, 9246
201239, 9246
201251, 9246
201763, 9246
201880, 9246
202686, 9246
202730, 9246
202755, 9246
203266, 9246
203515, 9246
203610, 9246
204123, 9246
205771, 9246
206368, 9246
206634, 9246
206773, 9246
206798, 9246
207086, 9246
207194, 9246
207444, 9246
208058, 9246
208184, 9246
208692, 9246
208741, 9246
209158, 9246
209184, 9246
210393, 9246
210538, 9246
210944, 9246
211661, 9246
211822, 9246
211883, 9246
211920, 9246
212713, 9246
213492, 9246
214377, 9246
214680, 9246
214759, 9246
215497, 9246
215675, 9246
215894, 9246
216255, 9246
216542, 9246
216593, 9246
218270, 9246
218820, 9246
219558, 9246
220060, 9246
220382, 9246
221176, 9246
221349, 9246
221401, 9246
221609, 9246
222070, 9246
222378, 9246
222395, 9246
222602, 9246
222788, 9246
222901, 9246
223249, 9246
223624, 9246
225230, 9246
225377, 9246
225675, 9246
225972, 9246
226057, 9246
226115, 9246
226422, 9246
226438, 9246
226460, 9246
226755, 9246
226784, 9246
227245, 9246
227575, 9246
228340, 9246
228786, 9246
228854, 9246
230020, 9246
230083, 9246
230159, 9246
230285, 9246
230348, 9246
230596, 9246
231076, 9246
231088, 9246
231198, 9246
231460, 9246
231613, 9246
232320, 9246
232405, 9246
232774, 9246
233157, 9246
233748, 9246
233817, 9246
234714, 9246
236670, 9246
236734, 9246
237985, 9246
238030, 9246
238123, 9246
239065, 9246
239119, 9246
239490, 9246
240505, 9246
240652, 9246
240761, 9246
241076, 9246
241980, 9246
242111, 9246
242468, 9246
242717, 9246
243162, 9246
243583, 9246
243818, 9246
243909, 9246
243930, 9246
246821, 9246
247076, 9246
247334, 9246
247346, 9246
247886, 9246
248785, 9246
249371, 9246
249577, 9246
249669, 9246
250003, 9246
250100, 9246
250139, 9246
250197, 9246
250265, 9246
250859, 9246
251442, 9246
251894, 9246
251995, 9246
252553, 9246
253121, 9246
253135, 9246
253314, 9246
253542, 9246
253800, 9246
253912, 9246
254216, 9246
254462, 9246
254710, 9246
254941, 9246
255253, 9246
255478, 9246
255875, 9246
256032, 9246
256092, 9246
256337, 9246
256456, 9246
256766, 9246
256858, 9246
257042, 9246
257266, 9246
258130, 9246
258210, 9246
258690, 9246
259379, 9246
260056, 9246
260401, 9246
261649, 9246
261933, 9246
262011, 9246
262035, 9246
262879, 9246
263238, 9246
264714, 9246
265161, 9246
265481, 9246
265627, 9246
265724, 9246
266406, 9246
266519, 9246
266775, 9246
266876, 9246
267134, 9246
267510, 9246
267717, 9246
268056, 9246
268400, 9246
268659, 9246
268678, 9246
269014, 9246
269030, 9246
269228, 9246
269614, 9246
269743, 9246
269845, 9246
270366, 9246
270615, 9246
271191, 9246
271239, 9246
271882, 9246
272456, 9246
272737, 9246
273151, 9246
273315, 9246
273844, 9246
274277, 9246
274361, 9246
274376, 9246
275011, 9246
275371, 9246
275436, 9246
276412, 9246
276910, 9246
277303, 9246
277539, 9246
278493, 9246
279289, 9246
279583, 9246
279859, 9246
280050, 9246
280077, 9246
281156, 9246
282675, 9246
283672, 9246
283691, 9246
283698, 9246
284024, 9246
284046, 9246
284176, 9246
284197, 9246
284449, 9246
284488, 9246
284795, 9246
285035, 9246
285500, 9246
285513, 9246
285886, 9246
286083, 9246
286881, 9246
287352, 9246
287450, 9246
287759, 9246
288457, 9246
289288, 9246
289405, 9246
289487, 9246
289949, 9246
290116, 9246
290717, 9246
291072, 9246
291401, 9246
291983, 9246
291996, 9246
292106, 9246
292205, 9246
293557, 9246
293626, 9246
293831, 9246
293880, 9246
294901, 9246
294946, 9246
295367, 9246
295524, 9246
296587, 9246
111028, 9226
179227, 9226
225431, 9226
288917, 9226
89706, 9225
97678, 9225
100378, 9225
112037, 9225
113482, 9225
114423, 9225
114852, 9225
118547, 9225
123048, 9225
134870, 9225
135313, 9225
140961, 9225
141817, 9225
142084, 9225
144210, 9225
145681, 9225
164514, 9225
173868, 9225
176249, 9225
179280, 9225
179305, 9225
183225, 9225
194774, 9225
196618, 9225
198129, 9225
199386, 9225
204523, 9225
206606, 9225
208681, 9225
208805, 9225
210939, 9225
220692, 9225
226859, 9225
227762, 9225
227784, 9225
240439, 9225
240814, 9225
249539, 9225
250612, 9225
253385, 9225
255816, 9225
256167, 9225
256169, 9225
261946, 9225
264103, 9225
270361, 9225
281031, 9225
281968, 9225
288337, 9225
288374, 9225
288704, 9225
293513, 9225
295295, 9225
295806, 9225
285505, 9221
142020, 9206
151408, 9206
153638, 9206
177037, 9206
217419, 9206
243898, 9206
249415, 9206
265829, 9206
276792, 9206
279325, 9206
282168, 9206
294098, 9206
96716, 9202
97140, 9202
124130, 9202
125822, 9202
126900, 9202
130645, 9202
131461, 9202
133092, 9202
133810, 9202
134998, 9202
135729, 9202
135777, 9202
136313, 9202
136907, 9202
138153, 9202
139089, 9202
141663, 9202
142793, 9202
143107, 9202
143188, 9202
144045, 9202
144049, 9202
147057, 9202
147678, 9202
149711, 9202
150033, 9202
150183, 9202
150643, 9202
150740, 9202
153227, 9202
153611, 9202
156677, 9202
157451, 9202
158099, 9202
160179, 9202
160313, 9202
161903, 9202
162065, 9202
162163, 9202
162179, 9202
164234, 9202
165001, 9202
165965, 9202
168142, 9202
169973, 9202
169976, 9202
170009, 9202
170011, 9202
170235, 9202
170875, 9202
171761, 9202
174121, 9202
174535, 9202
176855, 9202
178330, 9202
178659, 9202
179405, 9202
180685, 9202
181140, 9202
183696, 9202
185552, 9202
186047, 9202
186162, 9202
186571, 9202
187353, 9202
188574, 9202
190922, 9202
192286, 9202
192484, 9202
193649, 9202
193917, 9202
193948, 9202
194417, 9202
196026, 9202
196530, 9202
197030, 9202
197342, 9202
198185, 9202
198578, 9202
202010, 9202
202687, 9202
203045, 9202
203751, 9202
204882, 9202
206147, 9202
206511, 9202
207103, 9202
207661, 9202
208336, 9202
212334, 9202
212494, 9202
212560, 9202
213814, 9202
213911, 9202
213925, 9202
214057, 9202
215701, 9202
215914, 9202
216040, 9202
216498, 9202
216776, 9202
217345, 9202
219148, 9202
219312, 9202
220159, 9202
220896, 9202
223954, 9202
224270, 9202
224848, 9202
226682, 9202
227917, 9202
228507, 9202
229311, 9202
229344, 9202
230804, 9202
231158, 9202
233323, 9202
233456, 9202
233796, 9202
233887, 9202
234152, 9202
234156, 9202
234329, 9202
235170, 9202
235962, 9202
239085, 9202
240206, 9202
240742, 9202
242244, 9202
242342, 9202
243168, 9202
243266, 9202
244667, 9202
244957, 9202
245929, 9202
247091, 9202
247215, 9202
248872, 9202
249347, 9202
249931, 9202
250699, 9202
251044, 9202
251620, 9202
252303, 9202
252415, 9202
252466, 9202
252468, 9202
252498, 9202
253194, 9202
254118, 9202
254302, 9202
254315, 9202
254325, 9202
254643, 9202
254824, 9202
255641, 9202
255803, 9202
256016, 9202
256022, 9202
256583, 9202
256807, 9202
256818, 9202
257448, 9202
257704, 9202
257733, 9202
258585, 9202
258691, 9202
259316, 9202
260368, 9202
260633, 9202
261393, 9202
261496, 9202
261931, 9202
262365, 9202
263842, 9202
264583, 9202
266635, 9202
266931, 9202
267472, 9202
267710, 9202
268007, 9202
269102, 9202
269491, 9202
271334, 9202
271498, 9202
271687, 9202
271964, 9202
274211, 9202
274249, 9202
275923, 9202
276611, 9202
277069, 9202
277524, 9202
278553, 9202
278615, 9202
279013, 9202
279428, 9202
280136, 9202
280176, 9202
280863, 9202
281312, 9202
282022, 9202
282800, 9202
282890, 9202
283240, 9202
283432, 9202
284683, 9202
285432, 9202
285679, 9202
285845, 9202
286974, 9202
287835, 9202
289714, 9202
289801, 9202
290607, 9202
292922, 9202
292978, 9202
293162, 9202
293794, 9202
293874, 9202
294421, 9202
294541, 9202
122953, 9190
125722, 9190
130387, 9190
150266, 9190
155827, 9190
157553, 9190
160977, 9190
162358, 9190
162360, 9190
168261, 9190
170123, 9190
181207, 9190
189181, 9190
199439, 9190
201736, 9190
220156, 9190
244608, 9190
252962, 9190
259637, 9190
269807, 9190
270839, 9190
283655, 9190
284930, 9190
291515, 9190
292893, 9190
294310, 9190
151966, 9186
163997, 9186
114228, 9184
173829, 9184
181135, 9184
213716, 9171
166722, 9169
183212, 9169
206981, 9169
230470, 9169
242698, 9169
252875, 9169
261558, 9169
87580, 9165
106966, 9165
121622, 9165
147892, 9165
149445, 9165
179632, 9165
182851, 9165
191306, 9165
200359, 9165
201907, 9165
206098, 9165
210484, 9165
211006, 9165
214957, 9165
215532, 9165
216856, 9165
219641, 9165
220155, 9165
220684, 9165
222021, 9165
229124, 9165
229636, 9165
230191, 9165
233651, 9165
234331, 9165
235784, 9165
238971, 9165
240097, 9165
241899, 9165
243262, 9165
247690, 9165
250357, 9165
255016, 9165
259061, 9165
261473, 9165
264446, 9165
264692, 9165
273193, 9165
276996, 9165
278490, 9165
278608, 9165
279646, 9165
281275, 9165
282021, 9165
282542, 9165
285182, 9165
286220, 9165
286375, 9165
286814, 9165
288222, 9165
288705, 9165
290179, 9165
290288, 9165
290299, 9165
291890, 9165
295636, 9165
95404, 9163
113154, 9163
152705, 9163
187138, 9163
205842, 9163
222404, 9163
242291, 9163
258267, 9163
277987, 9163
279897, 9163
285095, 9163
285191, 9163
285504, 9163
288150, 9163
244651, 9147
290793, 9147
280856, 9132
86895, 9130
91170, 9130
99129, 9130
108939, 9130
115672, 9130
118806, 9130
132962, 9130
143126, 9130
153929, 9130
168290, 9130
178649, 9130
205978, 9130
229731, 9130
283346, 9130
284563, 9130
290745, 9130
100944, 9126
133119, 9126
232100, 9122
270733, 9122
154810, 9120
204251, 9120
220347, 9120
133734, 9117
139005, 9117
141159, 9117
148412, 9117
150898, 9117
160492, 9117
183417, 9117
198341, 9117
227492, 9117
230198, 9117
231503, 9117
259245, 9117
272271, 9117
282522, 9117
284394, 9117
296019, 9117
96084, 9110
128967, 9110
137703, 9110
154894, 9110
158349, 9110
170686, 9110
194531, 9110
196044, 9110
196483, 9110
200412, 9110
244650, 9110
273755, 9110
293684, 9110
136163, 9108
175896, 9108
210290, 9108
217868, 9108
222590, 9108
278833, 9108
285212, 9108
164727, 9100
132340, 9097
142419, 9097
228063, 9097
195505, 9090
256611, 9090
2893, 9087
167963, 9084
172057, 9084
203010, 9071
206087, 9071
252295, 9071
293833, 9064
211297, 9061
149931, 9060
160859, 9060
254821, 9058
177311, 9053
233462, 9053
159722, 9038
246189, 9038
249746, 9022
188623, 9013
255331, 9009
141213, 8968
89137, 8950
167355, 8942
246518, 8935
130661, 8912
135269, 8912
146998, 8912
166456, 8912
198645, 8912
218323, 8912
233522, 8912
247278, 8912
198600, 8902
228105, 8902
252489, 8902
197572, 8874
204968, 8851
122550, 8843
159668, 8829
247029, 8782
124782, 8774
206675, 8774
287751, 8774
184543, 8762
209301, 8753
198354, 8750
249736, 8750
156575, 8669
178996, 8651
181661, 8639
192514, 8639
228849, 8639
150785, 8621
227712, 8621
159274, 8615
242578, 8615
202638, 8583
250245, 8492
280505, 8458
94137, 8423
183452, 8302
240729, 8250
283370, 8143
166984, 8139
169644, 8038
135097, 7983
199607, 7983
202283, 7983
154053, 7949
188056, 7949
255801, 7813
210139, 7761
128303, 7758
6169, 7731
252569, 7601
130376, 7527
109792, 7124
211597, 6725
169569, 6609
174539, 6340
81151, 6085
278336, 5610
294214, 5545
119789, 5540
222272, 5349
250350, 5349
95876, 5129
240156, 3804
288820, 3804
105601, 3667
119572, 3667
154741, 3607
150502, 3440
640, 3296
991, 3296
10192, 3296
61708, 3296
73602, 3296
83279, 3296
102890, 3296
116090, 3296
122922, 3296
124757, 3296
129820, 3296
130139, 3296
142056, 3296
145495, 3296
161309, 3296
165165, 3296
169029, 3296
173656, 3296
190135, 3296
198107, 3296
198858, 3296
200783, 3296
202589, 3296
206307, 3296
206910, 3296
210688, 3296
212473, 3296
212878, 3296
214629, 3296
215307, 3296
216279, 3296
218952, 3296
222029, 3296
224479, 3296
225383, 3296
229467, 3296
230812, 3296
234319, 3296
236719, 3296
237154, 3296
237557, 3296
244445, 3296
245677, 3296
247897, 3296
251714, 3296
255258, 3296
256144, 3296
261717, 3296
269660, 3296
273152, 3296
273734, 3296
277059, 3296
279182, 3296
279819, 3296
280318, 3296
283228, 3296
286516, 3296
292242, 3296
296366, 3296
239441, 3279
258921, 3279
714, 3262
52554, 3262
52679, 3262
79592, 3262
88131, 3262
90141, 3262
90664, 3262
93322, 3262
99742, 3262
99895, 3262
99909, 3262
100222, 3262
100871, 3262
106467, 3262
107250, 3262
112498, 3262
116549, 3262
135158, 3262
137743, 3262
147768, 3262
150385, 3262
160660, 3262
161452, 3262
171418, 3262
172977, 3262
174981, 3262
178197, 3262
179236, 3262
189775, 3262
193245, 3262
194871, 3262
205484, 3262
205810, 3262
211507, 3262
213756, 3262
217417, 3262
220598, 3262
223374, 3262
226880, 3262
238721, 3262
262434, 3262
265440, 3262
47210, 3254
112437, 3248
148381, 3248
227613, 3248
2594, 3239
54331, 3239
65648, 3239
94685, 3239
115137, 3239
134715, 3239
142387, 3239
143756, 3239
161474, 3239
163475, 3239
170248, 3239
185695, 3239
186937, 3239
189483, 3239
190159, 3239
194906, 3239
199922, 3239
220806, 3239
222939, 3239
237637, 3239
238920, 3239
273728, 3239
291220, 3239
52454, 3202
55396, 3202
71655, 3202
82820, 3202
138639, 3202
151726, 3202
159593, 3202
162674, 3202
196220, 3202
203707, 3202
208967, 3202
217501, 3202
221906, 3202
229252, 3202
230947, 3202
233722, 3202
244265, 3202
256317, 3202
263799, 3202
265566, 3202
278884, 3202
282290, 3202
289737, 3202
285, 3201
53408, 3182
194797, 3182
84980, 3171
139494, 3171
220736, 3171
257814, 3171
158737, 3169
208109, 3169
122115, 3132
210733, 3132
249308, 3132
78023, 3115
78081, 3115
259321, 3096
81306, 3080
62246, 3078
64263, 3078
145411, 3078
221645, 3078
261278, 3078
278406, 3073
197251, 3058
65077, 3033
185224, 3033
225463, 3033
278498, 3033
289456, 3033
659, 3029
278120, 3015
140255, 3007
152900, 3007
189205, 3007
201794, 3007
228058, 2990
214748, 2970
163292, 2959
225693, 2959
139058, 2769
83074, 2657
97479, 2657
116202, 2657
159564, 2657
163340, 2657
203044, 2657
232487, 2657
26278, 2631
31530, 2631
46915, 2631
51889, 2631
59706, 2631
60876, 2631
69841, 2631
70916, 2631
73296, 2631
74799, 2631
78919, 2631
80944, 2631
82745, 2631
86553, 2631
87962, 2631
93244, 2631
96502, 2631
101949, 2631
107016, 2631
108458, 2631
120204, 2631
132088, 2631
135673, 2631
147348, 2631
156913, 2631
160665, 2631
163336, 2631
165474, 2631
174289, 2631
185559, 2631
200130, 2631
211793, 2631
221637, 2631
227010, 2631
44322, 2630
138843, 2630
237983, 2630
289934, 2630
232208, 2625
251136, 2625
24443, 2612
25302, 2612
34142, 2612
36987, 2612
37838, 2612
52829, 2612
56074, 2612
71605, 2612
99124, 2612
119015, 2612
126621, 2612
127898, 2612
137346, 2612
169681, 2612
185707, 2612
202787, 2612
224789, 2612
246137, 2612
170782, 2574
185215, 2574
209039, 2574
218831, 2574
226002, 2574
242282, 2574
259186, 2574
148026, 2565
203978, 2565
260391, 2565
260883, 2565
290633, 2565
94278, 2557
134629, 2537
253507, 2537
193464, 2477
13227, 2472
20631, 2472
20650, 2472
30257, 2472
40638, 2472
44695, 2472
59386, 2472
66417, 2472
73465, 2472
85654, 2472
86853, 2472
87684, 2472
95990, 2472
97713, 2472
114754, 2472
139599, 2472
160691, 2472
163690, 2472
261412, 2472
10848, 2460
14267, 2460
23247, 2460
46006, 2460
56470, 2460
61791, 2460
76528, 2460
151393, 2460
172003, 2460
208801, 2460
243949, 2460
253267, 2450
160759, 2440
235430, 2422
243711, 2422
248983, 2422
255497, 2422
262243, 2422
263954, 2422
271661, 2422
274611, 2422
274780, 2422
280141, 2422
280703, 2422
288400, 2422
117588, 2417
125950, 2417
149411, 2417
153957, 2417
154934, 2417
158603, 2417
158900, 2417
176224, 2417
179014, 2417
188696, 2417
192364, 2417
194820, 2417
227852, 2417
229713, 2417
231155, 2417
231332, 2417
238299, 2417
238877, 2417
246494, 2417
249379, 2417
250096, 2417
255262, 2417
256581, 2417
260085, 2417
267129, 2417
268217, 2417
271213, 2417
271377, 2417
274657, 2417
275385, 2417
279353, 2417
286437, 2417
292410, 2417
295824, 2417
3265, 2414
103223, 2388
177713, 2388
180520, 2388
189366, 2388
193261, 2388
196968, 2388
197272, 2388
202833, 2388
207358, 2388
208072, 2388
208795, 2388
215010, 2388
216081, 2388
217534, 2388
231269, 2388
237618, 2388
238973, 2388
239737, 2388
251188, 2388
254119, 2388
261713, 2388
262414, 2388
263582, 2388
263967, 2388
264666, 2388
264926, 2388
266627, 2388
266798, 2388
267502, 2388
270720, 2388
276605, 2388
279189, 2388
280726, 2388
282211, 2388
284217, 2388
285692, 2388
287552, 2388
287712, 2388
292363, 2388
147521, 2368
211686, 2368
277399, 2368
220641, 2356
180601, 2342
184314, 2342
204506, 2342
204603, 2342
205306, 2342
214097, 2342
260677, 2342
264405, 2342
285394, 2342
18533, 2329
128171, 2329
141730, 2329
140654, 2312
184372, 2312
193229, 2312
197367, 2312
212271, 2312
219688, 2312
227448, 2312
234111, 2312
238403, 2312
244596, 2312
250372, 2312
275278, 2312
276249, 2312
220419, 2271
121251, 2263
121303, 2259
18758, 2254
292752, 2254
101587, 2253
131148, 2253
148582, 2253
176428, 2253
177031, 2253
179447, 2253
183589, 2253
190335, 2253
203681, 2253
205356, 2253
209144, 2253
225246, 2253
229903, 2253
230235, 2253
259928, 2253
290213, 2248
225454, 2243
75465, 2238
105740, 2238
122614, 2238
127531, 2238
130649, 2238
139573, 2238
142052, 2238
147108, 2238
177613, 2238
118207, 2178
125915, 2178
175637, 2178
221574, 2178
230117, 2178
235670, 2178
252635, 2178
287978, 2178
288835, 2178
6075, 2153
222909, 2152
253018, 2152
72277, 2148
109042, 2148
205471, 2148
64935, 2136
92088, 2136
275601, 2133
176675, 2095
273654, 2090
146857, 2087
232519, 2087
118237, 2015
137398, 2015
142952, 2015
145586, 2015
200388, 2015
256108, 1994
289723, 1994
158748, 1962
124485, 1956
126129, 1956
84562, 1939
197131, 1921
216397, 1921
261340, 1921
283797, 1921
179967, 1912
237227, 1908
240175, 1908
272723, 1908
12544, 1882
227566, 1882
217377, 1850
172249, 1823
105437, 1808
118158, 1808
158066, 1808
158695, 1808
251911, 1770
137457, 1721
90693, 1648
110261, 1648
124778, 1648
6887, 1563
24278, 1563
1680, 1562
84, 1551
262, 1544
104, 1526
117, 1526
122, 1526
139, 1526
51837, 1525
57249, 1525
73436, 1525
143, 1523
168, 1523
223, 1523
124, 1516
146, 1516
136407, 1503
1015, 1493
188367, 1491
174752, 1486
200107, 1486
217176, 1486
220329, 1486
221134, 1486
236465, 1486
237386, 1486
140, 1483
218, 1483
253, 1483
314, 1483
212115, 1479
969, 1478
42424, 1478
43457, 1478
44794, 1478
193751, 1477
966, 1463
1021, 1463
45346, 1456
45809, 1456
267781, 1456
2170, 1450
913, 1447
764, 1441
996, 1439
188528, 1433
3599, 1431
43138, 1427
43975, 1427
54559, 1427
903, 1425
959, 1425
939, 1422
962, 1422
76419, 1421
83183, 1421
99085, 1421
146335, 1420
186779, 1418
217140, 1418
256644, 1418
278558, 1418
249162, 1411
752, 1410
798, 1410
351, 1409
355, 1409
221361, 1406
54473, 1402
60381, 1402
185509, 1397
186840, 1397
242081, 1397
252230, 1397
861, 1396
869, 1396
577, 1392
614, 1392
73797, 1391
83147, 1391
90556, 1391
265761, 1389
81864, 1384
166844, 1379
201918, 1379
2056, 1372
290836, 1362
205026, 1360
139661, 1352
144450, 1352
217226, 1352
120850, 1351
122503, 1351
184747, 1347
254567, 1347
934, 1343
1001, 1343
1518, 1341
810, 1334
683, 1328
713, 1328
164432, 1325
203107, 1325
200694, 1323
269, 1318
827, 1311
931, 1311
108926, 1305
110680, 1305
121066, 1305
135482, 1305
448, 1304
479, 1304
513, 1304
517, 1304
113347, 1302
147461, 1302
150293, 1302
192882, 1302
220179, 1302
4830, 1297
575, 1295
120139, 1295
123867, 1295
134860, 1295
150466, 1295
197936, 1295
149470, 1293
3790, 1292
1046, 1291
620, 1289
621, 1289
114980, 1287
115172, 1287
99309, 1280
211900, 1280
104082, 1278
179847, 1278
175168, 1264
28477, 1251
38851, 1251
53873, 1251
54192, 1251
64128, 1251
79607, 1251
18312, 1240
230197, 1240
8326, 1239
21323, 1239
22795, 1239
24992, 1239
25278, 1239
38634, 1239
110281, 1239
99016, 1218
139743, 1218
561, 1207
45169, 1193
7312, 1180
135163, 1175
1138, 1171
67878, 1149
1706, 1146
223188, 1145
278680, 1144
2882, 1143
5186, 1143
1551, 1134
1733, 1134
2027, 1134
2034, 1134
1729, 1131
1821, 1131
1867, 1131
1937, 1131
1938, 1131
2042, 1131
174329, 1131
218835, 1129
242543, 1129
1642, 1128
1778, 1126
1609, 1124
1686, 1124
1759, 1124
1803, 1124
1835, 1124
1907, 1124
1233, 1117
1920, 1116
1964, 1116
2019, 1116
5542, 1113
1910, 1110
2010, 1110
266392, 1110
1621, 1102
1136, 1101
156222, 1099
225129, 1099
11998, 1096
24166, 1094
30613, 1094
47935, 1094
52610, 1094
53827, 1094
115947, 1094
135139, 1094
182758, 1094
191494, 1094
191515, 1094
223934, 1094
224577, 1094
21939, 1092
25082, 1091
38386, 1091
55671, 1089
116407, 1089
1167, 1086
1363, 1086
1330, 1084
36430, 1084
51437, 1084
246340, 1084
1359, 1079
4138, 1079
73318, 1079
155743, 1079
193965, 1079
7185, 1076
119917, 1076
14883, 1073
7845, 1072
1098, 1071
218289, 1070
85492, 1068
93646, 1068
96712, 1068
1313, 1067
2754, 1066
287988, 1064
916, 1061
1387, 1060
1357, 1059
291262, 1058
1311, 1056
78069, 1056
81416, 1056
86076, 1056
117341, 1056
30889, 1055
229820, 1055
259182, 1054
53371, 1051
242649, 1051
277174, 1050
1156, 1049
1439, 1046
1275, 1043
112184, 1042
146745, 1042
6436, 1041
120082, 1035
16443, 1032
26133, 1030
224530, 1030
276645, 1029
1162, 1027
1312, 1027
1343, 1027
86466, 1025
15577, 1023
110677, 1023
154098, 1022
140340, 1020
14259, 1017
36588, 1015
1238, 1014
88320, 1012
1316, 1011
1471, 1010
1496, 1010
1368, 1009
283990, 1009
195359, 1008
107256, 1007
216455, 1007
218442, 1003
140975, 1002
1467, 1001
119200, 1001
121641, 1001
127140, 1001
132931, 1001
144377, 1001
156725, 1001
157479, 1001
164323, 1001
165081, 1001
165954, 1001
210815, 1001
255412, 1001
