44036, 36999
44744, 36999
45749, 36999
46675, 36999
47190, 36999
47463, 36999
48395, 36999
48826, 36999
48934, 36999
49064, 36999
50180, 36999
50444, 36999
50461, 36999
50471, 36999
50618, 36999
51364, 36999
53587, 36999
54024, 36999
54072, 36999
54857, 36999
63702, 36999
33452, 36184
34726, 36184
35524, 36184
37648, 36184
37682, 36184
37946, 36184
38196, 36184
38394, 36184
38898, 36184
38965, 36184
39249, 36184
39292, 36184
39582, 36184
39844, 36184
39999, 36184
40146, 36184
40406, 36184
41105, 36184
41177, 36184
41229, 36184
41235, 36184
41290, 36184
41488, 36184
41737, 36184
41779, 36184
41861, 36184
42246, 36184
42415, 36184
43080, 36184
43164, 36184
43177, 36184
43955, 36184
44402, 36184
44774, 36184
44855, 36184
44919, 36184
45123, 36184
45192, 36184
45507, 36184
46402, 36184
