34929, 59312
168208, 59312
186373, 59312
201114, 59312
212605, 59312
228361, 59312
230529, 59312
232583, 59312
244782, 59312
258220, 59312
259477, 59312
262724, 59312
99221, 3382
106862, 3382
132595, 3382
169646, 3382
49151, 3375
121229, 3375
121431, 3375
128882, 3375
137518, 3375
176617, 3375
185501, 3375
197466, 3375
204525, 3375
206570, 3375
207997, 3375
222505, 3375
231576, 3375
238654, 3375
242107, 3375
262193, 3375
268462, 3375
269446, 3375
278818, 3375
280354, 3375
281932, 3375
283022, 3375
285323, 3375
286571, 3375
102847, 3313
194427, 3313
217237, 3313
217566, 3313
230826, 3313
62890, 3287
67721, 3287
85361, 3287
91704, 3287
101104, 3287
101800, 3287
112910, 3287
113355, 3287
113624, 3287
118976, 3287
121518, 3287
124520, 3287
127290, 3287
131391, 3287
138635, 3287
142658, 3287
144169, 3287
163688, 3287
167787, 3287
171340, 3287
177616, 3287
182682, 3287
183063, 3287
184157, 3287
184380, 3287
190092, 3287
192993, 3287
193080, 3287
193969, 3287
197970, 3287
199166, 3287
202003, 3287
209353, 3287
211679, 3287
212661, 3287
213012, 3287
213109, 3287
220089, 3287
221099, 3287
223748, 3287
224258, 3287
229481, 3287
234130, 3287
239094, 3287
239590, 3287
248739, 3287
249059, 3287
251079, 3287
253111, 3287
256683, 3287
257852, 3287
260728, 3287
262692, 3287
263579, 3287
269018, 3287
278205, 3287
280432, 3287
287321, 3287
289746, 3287
290594, 3287
290659, 3287
293096, 3287
294402, 3287
295889, 3287
296158, 3287
40951, 3265
47223, 3265
63965, 3265
82953, 3265
118684, 3265
129294, 3265
172224, 3265
189206, 3265
272188, 3265
113557, 3196
163208, 3196
229939, 3196
240463, 3196
261962, 3196
262166, 3196
6351, 3187
19636, 3187
72357, 3187
74982, 3187
92494, 3187
98187, 3187
108741, 3187
122941, 3187
129881, 3187
131423, 3187
131434, 3187
131928, 3187
133983, 3187
156960, 3187
171485, 3187
171965, 3187
175869, 3187
181787, 3187
181815, 3187
184331, 3187
189712, 3187
206064, 3187
208301, 3187
211057, 3187
219992, 3187
227147, 3187
228225, 3187
253097, 3187
253449, 3187
272754, 3187
292265, 3187
294264, 3187
178415, 3181
92031, 3176
148367, 3176
169126, 3176
190343, 3176
189144, 3160
250781, 3160
55409, 3125
136497, 3108
55093, 3093
119718, 3093
121694, 3093
150388, 3093
155685, 3093
161890, 3093
175192, 3093
176418, 3093
180143, 3093
218118, 3093
263608, 3093
292172, 3093
141834, 3045
118646, 3032
125965, 3032
195482, 3032
145023, 2963
232256, 2963
203838, 2899
27580, 2886
35067, 2886
84425, 2886
87667, 2886
120233, 2886
156124, 2886
245931, 2886
198381, 2863
110230, 2828
239392, 2807
290807, 2805
143608, 2796
164639, 2796
157356, 2774
184624, 2774
268952, 2774
268411, 2771
169133, 2768
178170, 2768
205824, 2768
209161, 2768
212759, 2768
275012, 2768
283472, 2768
234440, 2750
250608, 2750
81844, 2749
83329, 2749
87151, 2749
92320, 2749
98347, 2749
104587, 2749
105137, 2749
112073, 2749
117269, 2749
136167, 2749
141125, 2749
193684, 2749
223689, 2737
239168, 2737
50601, 2729
72035, 2729
134061, 2729
232332, 2729
251923, 2729
71209, 2723
96373, 2723
104268, 2723
117285, 2723
124138, 2723
142366, 2723
194747, 2723
217934, 2723
237827, 2723
245316, 2723
256473, 2723
286200, 2723
68716, 2720
100725, 2720
123907, 2720
143212, 2720
239762, 2720
134662, 2718
144628, 2718
149142, 2718
155836, 2718
159035, 2718
164233, 2718
166373, 2718
174765, 2718
178380, 2718
184555, 2718
185712, 2718
185801, 2718
194870, 2718
197084, 2718
215910, 2718
225400, 2718
226162, 2718
227687, 2718
228851, 2718
241032, 2718
262591, 2718
283930, 2718
291086, 2718
292579, 2718
296458, 2718
151039, 2709
177028, 2709
179037, 2709
193862, 2709
230041, 2709
230554, 2709
236100, 2709
244992, 2709
251948, 2709
276514, 2709
289490, 2709
55046, 2694
73674, 2694
73960, 2694
77204, 2694
79949, 2694
92299, 2694
103702, 2694
105986, 2694
127910, 2694
129183, 2694
289868, 2685
54482, 2683
65804, 2683
93014, 2683
95263, 2682
182121, 2682
104172, 2671
111194, 2671
111362, 2671
122327, 2671
124722, 2671
125537, 2671
126866, 2671
146058, 2671
147058, 2671
199363, 2671
239083, 2671
242001, 2671
264539, 2671
271089, 2671
153261, 2666
171997, 2666
195342, 2666
210832, 2666
225011, 2666
238177, 2666
252253, 2666
253881, 2666
257279, 2666
283246, 2666
285355, 2666
61985, 2663
77694, 2663
93888, 2663
108566, 2663
131850, 2663
142365, 2663
148486, 2663
217875, 2663
223330, 2663
236788, 2663
244848, 2663
248010, 2663
257020, 2663
274621, 2663
277751, 2663
81562, 2662
130905, 2662
169242, 2661
193728, 2661
212859, 2661
220956, 2661
243102, 2661
252713, 2661
253063, 2661
261956, 2661
288229, 2661
74706, 2659
96281, 2659
108744, 2659
191551, 2659
238752, 2659
97958, 2651
113418, 2651
163753, 2651
168535, 2651
172959, 2651
182345, 2651
195081, 2651
210470, 2651
236714, 2651
241534, 2651
255540, 2651
292368, 2651
90059, 2649
265672, 2642
211268, 2640
242363, 2638
246011, 2638
157421, 2635
263898, 2635
158949, 2633
261614, 2631
119024, 2622
169443, 2622
174863, 2622
185260, 2622
189844, 2622
224245, 2622
238252, 2622
259916, 2622
269853, 2622
149216, 2621
155822, 2621
227443, 2621
267562, 2621
268370, 2621
289644, 2621
292823, 2621
225156, 2618
233899, 2618
75735, 2612
213397, 2612
60796, 2607
66411, 2607
70602, 2607
79429, 2607
82100, 2607
152767, 2607
122656, 2602
128933, 2602
144919, 2602
149479, 2602
157043, 2602
166553, 2602
167549, 2602
167756, 2602
172137, 2602
88164, 2600
101484, 2600
247175, 2600
78139, 2590
119693, 2590
253886, 2590
281043, 2590
98401, 2589
139230, 2589
155832, 2589
277293, 2589
75931, 2580
203597, 2571
220443, 2571
231754, 2571
162436, 2570
164020, 2570
169271, 2570
292470, 2570
47172, 2566
111919, 2560
147143, 2554
163708, 2550
169780, 2550
195962, 2550
221680, 2550
221726, 2550
231617, 2550
232828, 2550
257531, 2550
258038, 2550
269645, 2550
276534, 2550
282875, 2550
120429, 2549
148782, 2549
241653, 2546
175964, 2544
161987, 2537
262861, 2537
269972, 2537
194192, 2532
65535, 2520
192451, 2520
185733, 2516
125077, 2515
131727, 2515
162614, 2515
168054, 2515
192070, 2515
200354, 2515
65937, 2502
68989, 2502
86377, 2496
109400, 2496
113847, 2496
141631, 2496
258074, 2496
273326, 2496
101741, 2486
12769, 2476
220342, 2466
44937, 2447
78033, 2447
94777, 2447
129106, 2447
130599, 2447
146023, 2447
154166, 2447
163930, 2447
198602, 2447
220247, 2447
261919, 2447
262687, 2447
266252, 2447
267198, 2447
272101, 2447
14538, 2445
181591, 2445
227257, 2445
35021, 2441
86676, 2441
128828, 2441
134317, 2435
161662, 2435
247503, 2435
103307, 2433
162518, 2427
224196, 2427
1273, 2425
130580, 2425
95243, 2418
149877, 2418
151505, 2418
155231, 2418
169471, 2418
179417, 2418
191657, 2418
269297, 2418
242777, 2391
41942, 2387
177684, 2387
181627, 2387
198469, 2387
265680, 2387
272990, 2387
215832, 2383
218887, 2383
259628, 2383
200211, 2379
221194, 2379
225806, 2379
239206, 2379
277801, 2379
167544, 2377
195892, 2376
208021, 2370
20286, 2367
74572, 2346
103658, 2346
4942, 2305
114140, 2305
274768, 2305
45119, 2303
54464, 2303
77679, 2303
118480, 2303
147934, 2303
149429, 2303
157141, 2303
161755, 2303
174984, 2303
205819, 2303
210633, 2303
246156, 2303
263615, 2303
268588, 2303
270689, 2303
274029, 2303
291473, 2303
27123, 2302
88564, 2297
186226, 2294
279408, 2294
151480, 2289
149072, 2284
289908, 2281
19019, 2276
125242, 2276
181574, 2276
296387, 2269
59131, 2266
66006, 2266
207761, 2266
147100, 2255
237041, 2255
255663, 2253
30271, 2251
183668, 2251
204536, 2250
78966, 2249
175778, 2249
13193, 2246
30847, 2246
32167, 2246
36830, 2246
38770, 2246
49106, 2246
50583, 2246
56027, 2246
57200, 2246
60765, 2246
61786, 2246
84130, 2246
89573, 2246
92206, 2246
118777, 2246
120928, 2246
123785, 2246
126156, 2246
129719, 2246
132174, 2246
136029, 2246
151247, 2246
161447, 2246
167748, 2246
169612, 2246
233577, 2246
248072, 2246
275986, 2244
60684, 2236
65876, 2236
79778, 2236
79939, 2236
89778, 2236
90385, 2236
102888, 2236
107977, 2236
112335, 2236
116916, 2236
117852, 2236
143612, 2236
189864, 2236
194933, 2236
196116, 2236
216482, 2236
238524, 2236
260309, 2236
111588, 2228
112384, 2228
178359, 2228
210278, 2228
229222, 2228
257380, 2228
287490, 2228
230876, 2226
205679, 2221
229247, 2221
34571, 2216
88077, 2216
88491, 2216
24400, 2215
47230, 2215
78413, 2215
89062, 2215
90985, 2215
102538, 2215
110681, 2215
119268, 2215
140303, 2215
140653, 2215
146845, 2215
159308, 2215
170091, 2215
173047, 2215
183195, 2215
184802, 2215
186132, 2215
195754, 2215
197112, 2215
197954, 2215
206906, 2215
211015, 2215
224400, 2215
226713, 2215
248434, 2215
249286, 2215
268700, 2215
268865, 2215
269659, 2215
276320, 2215
278912, 2215
288180, 2215
9257, 2210
19523, 2208
23433, 2208
34012, 2208
34166, 2208
39644, 2208
49322, 2208
50077, 2208
55247, 2208
56364, 2208
59781, 2208
60744, 2208
74277, 2208
83555, 2208
89450, 2208
114052, 2208
114865, 2208
114934, 2208
115309, 2208
119415, 2208
121156, 2208
131672, 2208
142899, 2208
156259, 2208
157199, 2208
158396, 2208
160872, 2208
162182, 2208
163156, 2208
163273, 2208
164299, 2208
173223, 2208
176485, 2208
177986, 2208
193092, 2208
196616, 2208
211299, 2208
217380, 2208
230686, 2208
234422, 2208
234692, 2208
235776, 2208
242611, 2208
242839, 2208
246483, 2208
247363, 2208
249886, 2208
254670, 2208
255657, 2208
259821, 2208
262362, 2208
265494, 2208
267307, 2208
271415, 2208
271466, 2208
281258, 2208
284536, 2208
17719, 2204
22007, 2204
22037, 2204
31717, 2204
36097, 2204
37530, 2204
74798, 2204
78071, 2204
78304, 2204
80432, 2204
84555, 2204
91699, 2204
92139, 2204
92441, 2204
95952, 2204
101066, 2204
108034, 2204
108140, 2204
109662, 2204
113709, 2204
115551, 2204
116954, 2204
122455, 2204
128497, 2204
131647, 2204
135358, 2204
136178, 2204
141667, 2204
147925, 2204
153035, 2204
153883, 2204
155866, 2204
157537, 2204
162533, 2204
167849, 2204
176745, 2204
178692, 2204
199232, 2204
200883, 2204
203035, 2204
204996, 2204
215316, 2204
218235, 2204
224780, 2204
228170, 2204
228654, 2204
235008, 2204
237350, 2204
242860, 2204
246504, 2204
260441, 2204
270449, 2204
270868, 2204
274471, 2204
276025, 2204
278274, 2204
142493, 2203
260113, 2202
5517, 2198
28678, 2198
284165, 2197
52750, 2196
78024, 2196
93924, 2196
97920, 2196
106965, 2196
121523, 2196
162853, 2196
174581, 2196
182543, 2196
184002, 2196
192560, 2196
206166, 2196
216733, 2196
220964, 2196
226687, 2196
228086, 2196
236797, 2196
294621, 2196
245560, 2195
5896, 2191
12095, 2191
67552, 2191
73711, 2191
73830, 2191
76294, 2191
77229, 2191
82807, 2191
83213, 2191
85700, 2191
88974, 2191
105010, 2191
109698, 2191
110782, 2191
114761, 2191
115811, 2191
117627, 2191
118203, 2191
122269, 2191
123760, 2191
125943, 2191
126263, 2191
133679, 2191
140745, 2191
141976, 2191
143715, 2191
151221, 2191
161052, 2191
163259, 2191
165078, 2191
188786, 2191
191927, 2191
192505, 2191
196474, 2191
200844, 2191
208653, 2191
209293, 2191
214218, 2191
218554, 2191
228249, 2191
241056, 2191
243616, 2191
263225, 2191
287548, 2191
291834, 2191
272305, 2181
219590, 2180
22687, 2179
71751, 2179
74717, 2179
95253, 2179
133359, 2179
292365, 2176
8369, 2175
64572, 2169
94349, 2169
144340, 2169
148604, 2169
18725, 2166
139272, 2166
184837, 2166
220708, 2166
221710, 2166
238555, 2166
42055, 2163
68242, 2163
82530, 2163
85001, 2163
119167, 2163
121996, 2163
191677, 2163
202733, 2163
229625, 2163
257483, 2163
274604, 2163
15254, 2159
33229, 2159
79344, 2159
102603, 2159
107112, 2159
120640, 2159
122743, 2159
135235, 2159
143825, 2159
146405, 2159
147591, 2159
152033, 2159
174393, 2159
181940, 2159
185999, 2159
191740, 2159
199504, 2159
203361, 2159
206257, 2159
208414, 2159
208520, 2159
214896, 2159
228490, 2159
232445, 2159
233551, 2159
236731, 2159
237003, 2159
243989, 2159
254131, 2159
256649, 2159
263545, 2159
288022, 2159
295248, 2159
295628, 2159
42873, 2157
73051, 2156
180975, 2156
30406, 2155
36055, 2155
41601, 2155
48459, 2155
56736, 2155
57606, 2155
65443, 2155
86858, 2155
103096, 2155
112143, 2155
115066, 2155
130091, 2155
137336, 2155
18708, 2152
20809, 2152
22528, 2152
27756, 2152
29449, 2152
35505, 2152
42507, 2152
50323, 2152
51924, 2152
59030, 2152
208903, 2152
230990, 2152
266726, 2152
43280, 2151
66013, 2151
81247, 2151
131740, 2151
142562, 2151
165095, 2151
169419, 2151
170773, 2151
197622, 2151
225994, 2151
246829, 2151
257325, 2151
264335, 2151
291241, 2151
295938, 2151
14579, 2150
19393, 2150
40182, 2150
56693, 2150
63668, 2150
106087, 2150
114789, 2150
264727, 2150
211772, 2147
114730, 2144
287747, 2144
113208, 2142
21385, 2134
59895, 2134
62138, 2134
63586, 2134
80215, 2134
128267, 2134
137210, 2134
231688, 2134
38651, 2133
53322, 2133
196932, 2131
43299, 2130
90039, 2130
109712, 2130
119121, 2130
140887, 2130
154271, 2130
223325, 2130
187928, 2127
50662, 2126
82145, 2126
82408, 2126
87192, 2126
99235, 2126
111573, 2126
144434, 2126
145333, 2126
166840, 2126
167426, 2126
172253, 2126
172856, 2126
177423, 2126
183630, 2126
184196, 2126
187159, 2126
195665, 2126
208643, 2126
212618, 2126
215712, 2126
222543, 2126
225088, 2126
258742, 2126
261929, 2126
276447, 2126
281748, 2126
284403, 2126
289021, 2126
289130, 2126
289205, 2126
292212, 2126
292554, 2126
295384, 2126
295495, 2126
33287, 2125
62841, 2125
88425, 2125
91915, 2125
120773, 2125
128726, 2125
243038, 2125
115090, 2124
80952, 2122
277782, 2122
6364, 2121
32732, 2121
33505, 2121
47191, 2121
48521, 2121
49136, 2121
50140, 2121
52899, 2121
59390, 2121
59940, 2121
70703, 2121
71498, 2121
104812, 2121
121400, 2121
128782, 2121
137895, 2121
159496, 2121
196173, 2119
283425, 2119
32559, 2116
33442, 2116
58783, 2116
92310, 2116
170087, 2116
213944, 2116
219676, 2116
293740, 2116
67737, 2112
68985, 2112
212472, 2112
76286, 2111
130142, 2111
279495, 2111
26374, 2108
34041, 2108
55585, 2108
69778, 2108
70311, 2108
76768, 2108
112704, 2108
119362, 2108
164336, 2108
165765, 2108
176649, 2108
181420, 2108
199454, 2108
216161, 2108
234676, 2108
238338, 2108
244578, 2108
247781, 2108
264577, 2108
268331, 2108
269322, 2108
281600, 2108
287244, 2108
21673, 2106
42534, 2106
90662, 2106
106731, 2106
121964, 2106
156244, 2106
173154, 2106
183460, 2106
184728, 2106
200142, 2106
221834, 2106
237223, 2106
248058, 2106
255086, 2106
273885, 2106
277903, 2106
42049, 2104
46067, 2104
54483, 2104
85483, 2104
85850, 2104
125315, 2104
164502, 2104
181448, 2104
201663, 2104
207805, 2104
210281, 2104
241903, 2104
36730, 2102
138693, 2102
156415, 2102
163434, 2102
163530, 2102
181085, 2102
182452, 2102
241257, 2102
277873, 2102
27333, 2100
74652, 2100
153664, 2100
74112, 2098
143072, 2098
155893, 2098
173419, 2098
175929, 2098
186475, 2098
198982, 2098
199450, 2098
243814, 2098
245434, 2098
192569, 2097
214292, 2097
276896, 2097
280575, 2097
158292, 2095
238993, 2095
113393, 2093
168756, 2093
294565, 2093
4141, 2092
13994, 2092
16577, 2092
16767, 2092
17749, 2092
47704, 2092
50405, 2092
107554, 2092
115000, 2092
119974, 2092
137933, 2092
147173, 2092
148939, 2092
151016, 2092
157701, 2092
161063, 2092
171357, 2092
182796, 2092
184422, 2092
191891, 2092
193167, 2092
194314, 2092
198162, 2092
213059, 2092
213305, 2092
214564, 2092
222095, 2092
224327, 2092
227618, 2092
231005, 2092
234642, 2092
234728, 2092
235531, 2092
239247, 2092
239689, 2092
245871, 2092
255777, 2092
266773, 2092
273163, 2092
275917, 2092
291161, 2092
295428, 2092
115462, 2091
73135, 2088
213656, 2088
241543, 2088
15966, 2086
24917, 2086
40337, 2086
65845, 2086
66266, 2086
82527, 2086
91447, 2086
97462, 2086
114184, 2086
136249, 2086
136561, 2086
148961, 2086
160896, 2086
172676, 2086
172716, 2086
176454, 2086
179413, 2086
180061, 2086
182545, 2086
191197, 2086
195198, 2086
222473, 2086
227515, 2086
231434, 2086
231515, 2086
236669, 2086
243646, 2086
266116, 2086
269140, 2086
275142, 2086
281070, 2086
73588, 2085
122300, 2085
123201, 2085
185500, 2085
282824, 2085
174145, 2083
53348, 2082
271064, 2082
253573, 2081
95397, 2079
191600, 2079
235971, 2079
3739, 2078
5397, 2078
92604, 2078
196715, 2076
215567, 2076
25752, 2073
117133, 2073
137093, 2073
144052, 2073
152025, 2073
161226, 2073
172844, 2073
197745, 2073
227901, 2073
240072, 2073
242536, 2073
284594, 2073
108698, 2070
183150, 2070
74492, 2069
15677, 2068
18455, 2068
34789, 2068
35036, 2068
39064, 2068
39667, 2068
69356, 2068
97727, 2068
110292, 2068
110695, 2068
164061, 2068
165470, 2068
175857, 2068
208330, 2068
230196, 2068
6170, 2066
58203, 2066
279692, 2066
96441, 2063
162132, 2063
168195, 2063
248294, 2063
142029, 2057
240602, 2055
19070, 2044
76710, 2044
260652, 2044
175433, 2038
233868, 2038
254079, 2038
119815, 2035
235572, 2035
237973, 2035
248293, 2035
292074, 2035
43198, 2032
43808, 2032
45779, 2032
48547, 2032
50213, 2032
58591, 2032
68174, 2032
83933, 2032
86486, 2032
93698, 2032
134587, 2032
135160, 2032
219349, 2032
221774, 2028
49976, 2027
125296, 2027
134890, 2027
150330, 2027
159774, 2027
166654, 2027
200772, 2027
270278, 2027
32390, 2026
43085, 2026
53299, 2026
57287, 2026
81228, 2026
85007, 2026
86785, 2026
89489, 2026
89975, 2026
91743, 2026
94351, 2026
104435, 2026
110652, 2026
126177, 2026
127164, 2026
128118, 2026
135218, 2026
145431, 2026
147570, 2026
162990, 2026
164176, 2026
164721, 2026
165819, 2026
166946, 2026
171274, 2026
182645, 2026
187212, 2026
189279, 2026
203338, 2026
211968, 2026
213948, 2026
214322, 2026
220200, 2026
231389, 2026
238190, 2026
269426, 2026
275064, 2026
285891, 2026
223547, 2025
22456, 2024
182946, 2024
184400, 2024
200370, 2024
229413, 2024
236328, 2024
33644, 2023
85861, 2023
112639, 2023
152225, 2023
174708, 2023
185885, 2023
195847, 2023
212389, 2023
235291, 2023
9459, 2022
74341, 2022
162672, 2022
163458, 2022
30417, 2014
38788, 2014
69171, 2014
83319, 2014
143027, 2014
144269, 2014
173167, 2014
178240, 2014
192207, 2014
220409, 2014
225336, 2014
231544, 2014
231545, 2014
236326, 2014
280380, 2014
205103, 2011
147056, 2010
269940, 2010
116680, 2009
134263, 2009
137510, 2009
153542, 2009
228341, 2009
248800, 2009
267764, 2009
286369, 2009
291395, 2009
63026, 2008
84613, 2008
91470, 2008
94938, 2008
103346, 2008
104789, 2008
223431, 2008
272693, 2008
289252, 2008
74415, 2007
90968, 2007
156163, 2007
172722, 2007
262081, 2007
171915, 2006
13290, 2003
77806, 2003
86326, 2003
134044, 2003
189310, 2003
108597, 2002
86927, 2000
140608, 2000
174755, 2000
195001, 2000
204415, 2000
211668, 2000
227081, 2000
249039, 2000
252533, 2000
272198, 2000
283168, 2000
284331, 2000
132820, 1998
182604, 1998
283033, 1998
41259, 1997
57236, 1997
65203, 1997
82361, 1997
97082, 1997
115908, 1997
184419, 1997
186580, 1997
203596, 1997
50982, 1991
56670, 1991
134690, 1991
233098, 1988
291013, 1988
294805, 1988
23062, 1987
129537, 1987
198497, 1987
237206, 1987
245844, 1987
255733, 1987
281349, 1987
286532, 1987
286617, 1987
293290, 1987
67806, 1986
96696, 1986
111413, 1986
173052, 1986
179221, 1986
222751, 1986
250557, 1986
272962, 1986
161000, 1983
248017, 1983
62989, 1981
128696, 1981
133589, 1981
147550, 1981
158361, 1981
189650, 1981
191056, 1981
222632, 1981
66950, 1980
254457, 1979
291564, 1979
21594, 1978
25985, 1978
40197, 1978
50530, 1978
54751, 1978
54928, 1978
71725, 1978
77925, 1978
82117, 1978
87592, 1978
99003, 1978
104746, 1978
119488, 1978
124244, 1978
126660, 1978
130807, 1978
132756, 1978
146902, 1978
148140, 1978
148359, 1978
158412, 1978
159172, 1978
173096, 1978
173265, 1978
179102, 1978
179583, 1978
182668, 1978
186356, 1978
213401, 1978
219570, 1978
222000, 1978
233979, 1978
238314, 1978
242211, 1978
254713, 1978
263587, 1978
271070, 1978
11609, 1976
46988, 1976
51489, 1976
93436, 1976
135905, 1976
192282, 1976
8754, 1975
15050, 1975
78528, 1975
105612, 1975
122218, 1975
131201, 1975
205186, 1975
221196, 1975
286438, 1975
291936, 1975
35315, 1974
37910, 1974
92432, 1974
99392, 1974
57827, 1973
63188, 1973
107994, 1973
165003, 1973
176952, 1973
219188, 1973
236890, 1973
250945, 1973
275294, 1973
286384, 1973
290334, 1973
292459, 1973
24809, 1972
81755, 1972
111465, 1972
112928, 1972
33925, 1971
65270, 1971
92921, 1970
186588, 1970
3552, 1969
20368, 1969
284455, 1969
35139, 1968
66695, 1968
86382, 1968
26571, 1965
33803, 1965
54708, 1965
59042, 1965
68957, 1965
73675, 1965
90288, 1965
92028, 1965
97911, 1965
112468, 1965
114792, 1965
122215, 1965
134791, 1965
137467, 1965
147468, 1965
156217, 1965
156795, 1965
160898, 1965
172678, 1965
173819, 1965
175803, 1965
180146, 1965
193585, 1965
210408, 1965
256879, 1965
6991, 1964
28837, 1964
33296, 1964
56664, 1964
70301, 1964
195736, 1964
209735, 1964
236500, 1964
87348, 1963
92369, 1963
136703, 1963
148649, 1963
152673, 1963
190927, 1963
194602, 1963
203537, 1963
226888, 1963
260812, 1963
263023, 1963
264501, 1963
274059, 1963
284443, 1963
41921, 1960
51363, 1960
87127, 1960
91512, 1960
102919, 1960
115882, 1960
148950, 1960
177015, 1960
186258, 1960
190360, 1960
212146, 1960
235836, 1960
251789, 1960
270084, 1960
281642, 1960
294197, 1960
193631, 1958
53068, 1956
84676, 1956
191997, 1956
92620, 1955
107607, 1955
134640, 1955
243865, 1955
50343, 1953
36252, 1952
42822, 1952
95240, 1952
102350, 1952
107392, 1952
111459, 1952
116452, 1952
119095, 1952
123574, 1952
179647, 1952
206431, 1952
219702, 1952
268840, 1952
288782, 1952
134405, 1951
22733, 1948
37189, 1948
51185, 1948
109351, 1948
114322, 1948
129044, 1948
271558, 1948
276857, 1948
12698, 1947
14613, 1947
57661, 1947
99545, 1947
182813, 1947
189781, 1947
218818, 1947
236360, 1947
237452, 1947
8572, 1946
12662, 1946
63167, 1946
82798, 1946
152708, 1946
170716, 1946
213345, 1946
230640, 1946
230735, 1946
248277, 1946
250385, 1946
253156, 1946
255690, 1946
265052, 1946
288850, 1946
294000, 1946
50986, 1943
88714, 1943
160328, 1943
186185, 1943
223161, 1943
5983, 1942
55383, 1942
71044, 1942
101321, 1942
130538, 1942
151814, 1942
157070, 1942
160135, 1942
166826, 1942
182522, 1942
43561, 1941
45757, 1941
60805, 1941
66863, 1941
131440, 1941
133188, 1941
142222, 1941
146585, 1941
178568, 1941
187394, 1941
188224, 1941
215166, 1941
219222, 1941
228300, 1941
275332, 1941
279594, 1941
287699, 1941
290606, 1941
295341, 1941
74599, 1940
109784, 1940
129301, 1940
178217, 1940
293499, 1940
196680, 1939
283581, 1939
9644, 1938
52814, 1938
114076, 1938
77026, 1937
245873, 1937
119339, 1936
247056, 1936
294706, 1936
38606, 1935
127073, 1935
158276, 1935
239897, 1935
276434, 1935
119265, 1934
159491, 1934
198706, 1934
221370, 1934
232339, 1934
260337, 1934
260636, 1934
261248, 1934
287466, 1934
208480, 1931
128429, 1930
166053, 1930
216187, 1930
218799, 1930
242866, 1930
5228, 1927
68917, 1926
79152, 1926
262077, 1926
39008, 1925
175301, 1924
187875, 1923
261918, 1923
293888, 1923
75908, 1922
125621, 1922
146901, 1922
230861, 1922
257729, 1920
50796, 1919
67520, 1919
85697, 1919
99303, 1919
100230, 1919
104682, 1919
168155, 1919
214520, 1919
220057, 1919
221507, 1919
238803, 1919
257583, 1919
292672, 1919
20707, 1918
22345, 1918
37390, 1918
42483, 1918
71197, 1918
88874, 1918
137965, 1918
194764, 1918
50556, 1917
102590, 1917
5159, 1916
59208, 1916
217324, 1916
272310, 1916
294322, 1916
13020, 1915
40231, 1915
43390, 1915
54718, 1915
74913, 1915
76995, 1915
106756, 1915
108729, 1915
111697, 1915
180116, 1915
211128, 1915
5221, 1914
37817, 1914
58345, 1914
59305, 1914
60460, 1914
70390, 1914
89935, 1914
94985, 1914
98079, 1914
115298, 1914
123366, 1914
127444, 1914
141081, 1914
148261, 1914
160581, 1914
206218, 1914
211183, 1914
222495, 1914
228234, 1914
236342, 1914
239534, 1914
239694, 1914
240730, 1914
245448, 1914
247590, 1914
259064, 1914
268386, 1914
274109, 1914
286256, 1914
290178, 1914
292680, 1914
286401, 1913
56954, 1912
69834, 1912
133894, 1912
183434, 1912
196352, 1912
197962, 1912
232096, 1912
233399, 1912
266222, 1912
277541, 1912
283423, 1911
294134, 1911
38596, 1909
66153, 1909
122546, 1909
125036, 1909
163039, 1909
172099, 1909
176818, 1909
229969, 1909
241639, 1909
212158, 1908
269372, 1908
293502, 1908
16903, 1907
65183, 1907
73535, 1907
98822, 1907
122171, 1907
130784, 1907
184766, 1907
188442, 1907
208090, 1907
225254, 1907
226732, 1907
258255, 1907
262631, 1907
272622, 1907
177632, 1906
58502, 1905
101357, 1905
128724, 1905
257290, 1905
285373, 1905
1977, 1904
124433, 1904
269932, 1904
140038, 1903
220661, 1903
240857, 1903
100518, 1902
25726, 1900
37981, 1900
71382, 1900
81282, 1900
106745, 1900
122773, 1900
133569, 1900
141977, 1900
149846, 1900
210945, 1900
266265, 1896
286441, 1896
68800, 1895
254199, 1895
28143, 1894
39233, 1894
48445, 1894
64923, 1894
77535, 1894
81439, 1894
85516, 1894
85715, 1894
93900, 1894
110723, 1894
120347, 1894
134476, 1894
143847, 1894
144712, 1894
148702, 1894
165990, 1894
169354, 1894
186854, 1894
201796, 1894
209539, 1894
209982, 1894
214852, 1894
229716, 1894
238695, 1894
271697, 1894
289478, 1894
17870, 1892
133776, 1892
135086, 1892
155229, 1892
174495, 1892
204414, 1892
219125, 1892
226916, 1892
290134, 1892
293441, 1892
17932, 1891
35916, 1891
66569, 1891
218438, 1891
59422, 1890
88324, 1890
88745, 1890
105685, 1890
140338, 1890
146614, 1890
192399, 1890
258143, 1890
272552, 1890
273214, 1890
25672, 1889
122110, 1889
168017, 1889
258309, 1889
129604, 1888
130884, 1888
224445, 1888
83417, 1884
91139, 1884
122139, 1884
133854, 1884
141477, 1884
145894, 1884
161042, 1884
177209, 1884
204760, 1884
208388, 1884
231255, 1884
237320, 1884
286544, 1884
197088, 1883
261682, 1883
123991, 1881
83444, 1880
13804, 1879
60453, 1879
74118, 1879
122649, 1879
153067, 1879
229900, 1879
243548, 1879
253412, 1879
255384, 1879
291830, 1879
293129, 1879
46144, 1878
69289, 1878
73911, 1878
90936, 1878
124327, 1878
154454, 1878
154521, 1878
168247, 1878
168577, 1878
215821, 1878
64732, 1876
78362, 1876
217174, 1875
218689, 1875
230013, 1875
28614, 1874
91869, 1874
126585, 1874
160005, 1874
170967, 1874
174583, 1874
204615, 1874
211992, 1874
212724, 1874
50432, 1873
82870, 1873
172867, 1873
267651, 1873
29098, 1872
41324, 1869
49969, 1869
60033, 1869
67497, 1869
67539, 1869
116490, 1869
117114, 1869
119832, 1869
124181, 1869
128796, 1869
137028, 1869
139655, 1869
141852, 1869
145853, 1869
148454, 1869
152706, 1869
154278, 1869
156814, 1869
162100, 1869
162675, 1869
165706, 1869
168910, 1869
181065, 1869
182362, 1869
186677, 1869
189423, 1869
193846, 1869
196985, 1869
207713, 1869
209627, 1869
223947, 1869
229137, 1869
229498, 1869
229964, 1869
234344, 1869
237234, 1869
239740, 1869
255305, 1869
255842, 1869
257159, 1869
257254, 1869
259861, 1869
260072, 1869
260124, 1869
265690, 1869
276279, 1869
278020, 1869
282475, 1869
284424, 1869
285041, 1869
293476, 1869
7573, 1867
67631, 1867
151934, 1867
151992, 1867
18601, 1865
69941, 1865
181412, 1865
187662, 1865
187892, 1865
144051, 1864
176385, 1864
233386, 1864
36901, 1860
74816, 1860
89691, 1860
113254, 1860
169549, 1860
176438, 1860
180099, 1860
180696, 1860
254396, 1860
293961, 1860
36056, 1859
58459, 1859
63620, 1859
73787, 1859
75864, 1859
102485, 1859
138653, 1859
139978, 1859
148430, 1859
215571, 1859
227766, 1859
240008, 1859
263803, 1859
266900, 1859
145041, 1858
235862, 1858
274586, 1857
50927, 1856
107963, 1856
153711, 1856
216066, 1856
178636, 1855
182591, 1855
188996, 1855
194204, 1855
80632, 1853
182233, 1853
218948, 1853
85091, 1852
176497, 1852
144865, 1849
275628, 1849
94388, 1847
96032, 1847
110420, 1847
125823, 1847
131367, 1847
141715, 1847
143175, 1847
147506, 1847
180673, 1847
191749, 1847
193100, 1847
205159, 1847
210858, 1847
245441, 1847
253522, 1847
273249, 1847
284811, 1847
249597, 1846
74003, 1845
75163, 1845
82197, 1845
94952, 1845
97172, 1845
101664, 1845
106329, 1845
143813, 1845
187748, 1845
225031, 1845
236508, 1845
241600, 1845
11847, 1844
95496, 1844
224858, 1844
235057, 1844
116017, 1841
56461, 1839
105754, 1839
193299, 1839
269165, 1836
30789, 1835
36856, 1834
73918, 1834
200588, 1834
184144, 1831
206520, 1831
270576, 1831
273886, 1831
282460, 1831
292564, 1831
226194, 1830
283651, 1829
284412, 1828
284705, 1828
164146, 1825
174520, 1825
176750, 1825
285736, 1825
27782, 1824
260134, 1823
255785, 1822
225070, 1821
12124, 1820
39539, 1820
168084, 1820
243156, 1820
10968, 1819
11553, 1819
33998, 1819
37416, 1819
65549, 1819
81453, 1819
95534, 1819
96272, 1819
109427, 1819
109824, 1819
117887, 1819
121115, 1819
123242, 1819
132324, 1819
174173, 1819
196200, 1819
204329, 1819
251914, 1819
280774, 1819
20374, 1818
99945, 1818
268777, 1818
6430, 1817
67771, 1817
76735, 1817
85010, 1817
108418, 1817
119401, 1817
125988, 1817
137409, 1817
142433, 1817
170469, 1817
172320, 1817
217499, 1817
260766, 1817
56005, 1815
152751, 1815
64218, 1814
66115, 1814
62632, 1813
140053, 1813
209006, 1813
221973, 1813
275208, 1813
293125, 1813
296047, 1813
80102, 1811
83840, 1811
184917, 1811
262212, 1811
262892, 1811
281773, 1811
220461, 1810
33824, 1809
216231, 1809
69336, 1807
89164, 1807
184537, 1807
193655, 1807
215253, 1807
230183, 1807
274681, 1807
237647, 1806
85974, 1805
139589, 1805
260669, 1805
51439, 1804
270363, 1804
91065, 1803
117466, 1803
132191, 1803
137958, 1803
158265, 1803
193334, 1803
8187, 1802
143659, 1802
160972, 1802
254432, 1802
63818, 1801
75434, 1801
90793, 1801
105477, 1801
107499, 1801
117259, 1801
125090, 1801
132425, 1801
139286, 1801
142243, 1801
144753, 1801
161364, 1801
162520, 1801
174448, 1801
175750, 1801
178074, 1801
195474, 1801
208796, 1801
210067, 1801
211262, 1801
214819, 1801
216688, 1801
226830, 1801
230601, 1801
263426, 1801
264292, 1801
127852, 1799
128360, 1799
182112, 1799
232613, 1799
241336, 1799
290477, 1799
68197, 1798
137646, 1797
32406, 1795
109721, 1795
134237, 1795
9144, 1794
66807, 1794
80706, 1794
84414, 1794
39127, 1793
100854, 1793
123498, 1793
169215, 1793
174245, 1793
200532, 1793
210750, 1793
243785, 1793
249535, 1793
265028, 1793
275897, 1793
285402, 1793
30344, 1792
86588, 1792
163725, 1792
243809, 1792
251329, 1792
253079, 1792
280235, 1792
83095, 1791
102332, 1791
164766, 1791
184645, 1791
244597, 1791
258975, 1791
268305, 1791
268796, 1791
277718, 1791
278898, 1791
89842, 1790
148549, 1790
208699, 1790
221186, 1790
267565, 1790
276884, 1790
277496, 1790
59272, 1788
111404, 1788
161259, 1788
30487, 1787
266069, 1787
107942, 1786
119305, 1786
274804, 1786
205140, 1785
293994, 1784
53726, 1780
71412, 1780
139273, 1779
168389, 1779
172355, 1779
141105, 1778
172534, 1777
260173, 1776
6861, 1775
27191, 1774
86784, 1774
98937, 1774
149586, 1774
229332, 1774
262043, 1774
287517, 1774
100674, 1773
219545, 1773
49562, 1772
76701, 1772
135967, 1772
18638, 1771
260363, 1771
117849, 1770
57534, 1769
64431, 1769
201781, 1769
10844, 1768
226296, 1768
99013, 1767
254811, 1767
154017, 1766
132172, 1765
106605, 1763
267002, 1763
295796, 1763
52948, 1762
57245, 1762
72792, 1762
266866, 1762
240356, 1761
36219, 1760
80802, 1760
97850, 1760
107799, 1760
109926, 1760
110085, 1760
111662, 1760
122117, 1760
132916, 1760
154602, 1760
157946, 1760
184998, 1760
192890, 1760
221331, 1760
224105, 1760
230248, 1760
255073, 1760
277554, 1760
289968, 1760
101840, 1759
140025, 1759
152394, 1759
266346, 1759
55812, 1757
172603, 1756
68238, 1753
115514, 1753
137302, 1753
140344, 1753
179127, 1753
220265, 1753
246729, 1753
247970, 1753
265429, 1753
271583, 1753
286702, 1753
292602, 1753
3946, 1751
60105, 1751
161758, 1749
1260, 1748
182587, 1748
286315, 1748
97571, 1747
76283, 1746
79511, 1746
153513, 1746
176504, 1746
101179, 1745
3512, 1744
118245, 1744
171321, 1742
92570, 1741
96705, 1741
136202, 1741
202617, 1741
206807, 1741
215607, 1741
234720, 1741
274366, 1741
283421, 1741
286941, 1741
154759, 1740
268741, 1740
102901, 1739
171714, 1739
192572, 1739
285669, 1738
11570, 1737
60126, 1737
88562, 1737
169636, 1737
114367, 1734
192330, 1734
194758, 1734
30381, 1733
89433, 1733
130561, 1733
235851, 1733
257179, 1733
136234, 1732
230944, 1731
9281, 1730
198066, 1730
3705, 1729
62780, 1729
150052, 1729
282239, 1729
14091, 1728
80630, 1728
134380, 1728
151629, 1728
155319, 1728
155984, 1728
256996, 1728
295195, 1728
62907, 1727
220091, 1725
113822, 1723
204980, 1723
70054, 1720
17435, 1718
70664, 1717
184788, 1717
296152, 1717
262181, 1715
30024, 1714
87311, 1714
116182, 1714
274811, 1714
140668, 1713
239008, 1713
31994, 1712
292634, 1710
31328, 1709
33747, 1709
137117, 1709
256694, 1707
24301, 1706
30887, 1706
38540, 1706
242827, 1706
45246, 1705
60091, 1705
71400, 1705
104550, 1705
86480, 1704
77405, 1702
180705, 1702
191728, 1702
245119, 1702
64138, 1701
73421, 1701
95798, 1701
120430, 1701
170748, 1701
177458, 1701
192605, 1701
234394, 1701
209970, 1699
86091, 1698
60878, 1697
242606, 1697
256391, 1697
159712, 1696
92877, 1695
229610, 1695
242492, 1695
263874, 1695
26035, 1693
55898, 1693
77427, 1693
103845, 1693
129978, 1693
139446, 1693
159574, 1693
163263, 1693
190012, 1693
194808, 1693
216594, 1693
261342, 1693
265512, 1693
90819, 1688
216438, 1687
52968, 1686
24208, 1685
35420, 1685
108706, 1685
18333, 1684
12422, 1683
76609, 1683
98404, 1683
139334, 1682
32235, 1681
13538, 1678
214126, 1678
264430, 1678
290998, 1678
183932, 1677
68025, 1675
19339, 1671
196793, 1668
255940, 1668
77421, 1666
4953, 1665
135817, 1665
145221, 1658
2997, 1655
89098, 1653
252752, 1652
40418, 1650
75567, 1647
188683, 1647
216506, 1646
30455, 1645
161345, 1645
85143, 1643
152283, 1642
161914, 1642
181797, 1642
229048, 1642
270374, 1642
21730, 1640
68289, 1640
155640, 1640
268085, 1640
268377, 1640
278772, 1640
288694, 1640
37994, 1637
55702, 1637
178590, 1637
188246, 1637
219227, 1637
254564, 1637
272516, 1637
278418, 1636
141670, 1634
283490, 1634
87413, 1633
20715, 1632
32567, 1631
62147, 1631
215537, 1631
294057, 1630
194848, 1628
243727, 1628
97153, 1627
193990, 1626
88682, 1625
290012, 1625
87943, 1624
137530, 1624
227153, 1624
8466, 1621
30563, 1621
75766, 1621
99697, 1621
112508, 1621
124814, 1621
11395, 1620
232191, 1620
85616, 1619
93313, 1618
154112, 1618
239077, 1616
62381, 1615
69185, 1615
79516, 1615
79758, 1615
90532, 1615
142229, 1615
173220, 1615
179094, 1615
192454, 1615
277710, 1615
208, 1613
102519, 1613
168721, 1613
227056, 1613
195901, 1611
41888, 1610
128910, 1605
80053, 1604
203857, 1604
46952, 1603
66936, 1603
64897, 1601
246839, 1601
29364, 1600
215959, 1599
13087, 1598
254395, 1596
216618, 1594
43929, 1593
66719, 1593
82706, 1593
143332, 1593
170579, 1593
173362, 1593
209739, 1593
215613, 1593
249204, 1593
256067, 1593
277483, 1593
278887, 1593
30250, 1592
63049, 1591
52561, 1590
62292, 1590
111237, 1590
113939, 1590
146322, 1590
178772, 1590
193956, 1590
200248, 1590
236909, 1590
109300, 1589
5707, 1587
68723, 1587
171243, 1587
204752, 1587
257741, 1587
271883, 1587
283991, 1587
289553, 1587
56529, 1586
61361, 1586
83156, 1586
95324, 1586
97824, 1586
123636, 1586
124108, 1586
132481, 1586
133340, 1586
135094, 1586
142135, 1586
151791, 1586
153320, 1586
154824, 1586
183001, 1586
184415, 1586
197675, 1586
199437, 1586
207986, 1586
212666, 1586
214087, 1586
214716, 1586
216293, 1586
217759, 1586
221924, 1586
227015, 1586
240900, 1586
240962, 1586
249217, 1586
254235, 1586
258089, 1586
273612, 1586
285260, 1586
293203, 1586
30262, 1584
44637, 1584
52598, 1584
77518, 1584
150305, 1584
220262, 1584
49560, 1582
47945, 1581
68485, 1581
75443, 1581
79458, 1581
141456, 1581
49014, 1575
53183, 1575
64696, 1575
66191, 1575
70979, 1575
86242, 1575
97801, 1575
103458, 1575
106431, 1575
107390, 1575
108694, 1575
112537, 1575
128218, 1575
129853, 1575
135920, 1575
145049, 1575
148025, 1575
152202, 1575
153306, 1575
159657, 1575
160770, 1575
167213, 1575
167280, 1575
174792, 1575
191305, 1575
193056, 1575
195058, 1575
196731, 1575
202515, 1575
218872, 1575
219563, 1575
228184, 1575
238564, 1575
240414, 1575
248275, 1575
249181, 1575
292668, 1575
135119, 1572
212475, 1572
83651, 1568
89589, 1567
100883, 1567
13320, 1566
13672, 1566
19817, 1566
26005, 1566
65832, 1566
70570, 1566
76005, 1566
76639, 1566
78688, 1566
84858, 1566
92579, 1566
94613, 1566
97077, 1566
99687, 1566
115899, 1566
120761, 1566
122996, 1566
124044, 1566
131957, 1566
132320, 1566
132640, 1566
133656, 1566
134491, 1566
147104, 1566
148579, 1566
154572, 1566
157226, 1566
157671, 1566
159871, 1566
160249, 1566
161673, 1566
162084, 1566
164380, 1566
177697, 1566
184410, 1566
193853, 1566
195595, 1566
198323, 1566
206232, 1566
208159, 1566
212949, 1566
217792, 1566
220074, 1566
226171, 1566
231965, 1566
233070, 1566
233811, 1566
236769, 1566
246937, 1566
251421, 1566
252420, 1566
255196, 1566
260625, 1566
264658, 1566
266885, 1566
268591, 1566
283363, 1566
291973, 1566
41394, 1565
53296, 1565
67455, 1565
81709, 1565
88953, 1565
113540, 1565
116686, 1565
123677, 1565
125948, 1565
129280, 1565
139795, 1565
147900, 1565
149835, 1565
151530, 1565
151563, 1565
152413, 1565
152996, 1565
154689, 1565
156479, 1565
169654, 1565
175095, 1565
177260, 1565
177262, 1565
183523, 1565
185036, 1565
185097, 1565
188255, 1565
191670, 1565
202551, 1565
205142, 1565
223769, 1565
230506, 1565
233199, 1565
246313, 1565
255220, 1565
255741, 1565
257108, 1565
260985, 1565
263202, 1565
269632, 1565
276909, 1565
277080, 1565
277317, 1565
278598, 1565
278647, 1565
284342, 1565
286863, 1565
291850, 1565
293217, 1565
294087, 1565
295004, 1565
295801, 1565
23516, 1562
25592, 1561
80707, 1561
96096, 1561
116696, 1561
128454, 1561
262462, 1561
266840, 1561
113943, 1560
153374, 1560
261219, 1560
281407, 1560
70507, 1559
78720, 1559
78736, 1559
89568, 1559
111127, 1559
117833, 1559
126833, 1559
166814, 1559
169325, 1559
177295, 1559
203938, 1559
208797, 1559
263783, 1559
266066, 1559
273080, 1559
285313, 1559
20550, 1558
24158, 1558
30129, 1558
37865, 1558
38758, 1558
50467, 1558
51756, 1558
52744, 1558
55145, 1558
58909, 1558
58987, 1558
59408, 1558
59837, 1558
63790, 1558
64589, 1558
65645, 1558
66915, 1558
67341, 1558
67400, 1558
68231, 1558
68832, 1558
73459, 1558
74369, 1558
77166, 1558
78285, 1558
79211, 1558
83778, 1558
86407, 1558
86575, 1558
87559, 1558
88927, 1558
90698, 1558
95006, 1558
98209, 1558
99048, 1558
99217, 1558
100299, 1558
100529, 1558
105996, 1558
107218, 1558
108298, 1558
108320, 1558
108677, 1558
113071, 1558
119759, 1558
121178, 1558
123446, 1558
126224, 1558
128013, 1558
131162, 1558
131638, 1558
136630, 1558
140424, 1558
141824, 1558
142518, 1558
144537, 1558
149316, 1558
151071, 1558
153826, 1558
158125, 1558
158341, 1558
160413, 1558
161613, 1558
162834, 1558
167070, 1558
170929, 1558
171497, 1558
173135, 1558
176624, 1558
178845, 1558
184564, 1558
187245, 1558
192418, 1558
192542, 1558
194209, 1558
194278, 1558
194494, 1558
194941, 1558
194957, 1558
198010, 1558
200978, 1558
202372, 1558
205628, 1558
212754, 1558
213700, 1558
216065, 1558
218859, 1558
219588, 1558
224053, 1558
225804, 1558
227793, 1558
251889, 1558
256280, 1558
264655, 1558
268682, 1558
268729, 1558
270926, 1558
271240, 1558
276374, 1558
277446, 1558
280097, 1558
281235, 1558
283975, 1558
288161, 1558
292202, 1558
4458, 1557
8862, 1557
19225, 1557
35484, 1557
116006, 1557
184208, 1557
59055, 1556
66806, 1556
174711, 1556
184207, 1556
192217, 1556
211669, 1556
220263, 1556
234948, 1556
246602, 1556
275056, 1556
275362, 1556
278048, 1556
285406, 1556
288736, 1556
214369, 1555
232439, 1555
83731, 1553
90305, 1553
119070, 1553
168224, 1553
179771, 1553
200942, 1553
201473, 1553
257635, 1553
269958, 1553
274779, 1553
34821, 1552
140374, 1552
144813, 1552
8609, 1551
84299, 1550
130740, 1550
147268, 1550
183319, 1550
186616, 1550
153316, 1549
175728, 1549
34249, 1548
96734, 1548
119607, 1548
184393, 1548
190446, 1548
198750, 1548
226740, 1548
227731, 1548
244771, 1548
293507, 1548
41134, 1547
48177, 1547
72333, 1547
75552, 1547
82318, 1547
162015, 1547
211203, 1547
237958, 1547
247539, 1547
51931, 1546
93046, 1546
148636, 1546
75468, 1544
101487, 1544
115919, 1544
124921, 1544
149236, 1544
172020, 1544
173839, 1544
197140, 1544
203122, 1544
246127, 1544
261796, 1544
278004, 1544
278288, 1544
33699, 1542
66986, 1542
111963, 1542
151159, 1542
174557, 1542
182188, 1542
201937, 1542
214444, 1542
216527, 1542
248385, 1542
72011, 1541
87797, 1541
180863, 1541
42812, 1540
52064, 1540
60100, 1540
73481, 1540
96713, 1540
115390, 1540
116968, 1540
117955, 1540
126706, 1540
141275, 1540
160037, 1540
172335, 1540
174081, 1540
176551, 1540
240422, 1540
242952, 1540
244940, 1540
279164, 1540
283166, 1540
289568, 1540
65782, 1537
29781, 1536
57319, 1535
204577, 1535
26942, 1534
35020, 1534
56327, 1534
79449, 1534
83909, 1534
149489, 1534
163054, 1534
175199, 1534
198475, 1534
224582, 1534
42177, 1533
63566, 1533
127607, 1533
128297, 1533
154965, 1533
160518, 1533
191829, 1533
235207, 1533
245622, 1533
261644, 1533
277252, 1533
74517, 1532
89870, 1532
150268, 1532
225923, 1532
84594, 1529
129762, 1529
5535, 1528
7788, 1528
55690, 1528
91890, 1528
201496, 1528
245961, 1528
97671, 1527
111513, 1527
118904, 1527
126786, 1527
144383, 1527
146569, 1527
157889, 1527
158869, 1527
183349, 1527
197937, 1527
200787, 1527
207489, 1527
209732, 1527
210443, 1527
212188, 1527
221983, 1527
232201, 1527
232501, 1527
233349, 1527
235249, 1527
240054, 1527
262992, 1527
290494, 1527
144825, 1526
186112, 1526
201199, 1526
280748, 1526
166793, 1525
170682, 1525
173351, 1525
214412, 1525
284752, 1525
80132, 1524
133370, 1524
225112, 1524
83202, 1523
153090, 1523
205054, 1523
264506, 1523
33855, 1522
51560, 1521
69616, 1521
76986, 1521
81256, 1521
82257, 1521
132613, 1521
245849, 1521
279208, 1521
287909, 1521
29365, 1519
90224, 1519
209091, 1518
259518, 1518
296115, 1518
78018, 1517
121285, 1517
189463, 1517
254846, 1517
256993, 1517
34828, 1514
51117, 1514
82116, 1514
91873, 1514
101229, 1514
103242, 1514
107838, 1514
121963, 1514
126794, 1514
135037, 1514
149974, 1514
155899, 1514
170705, 1514
182308, 1514
203669, 1514
207069, 1514
211704, 1514
216892, 1514
218661, 1514
222452, 1514
225912, 1514
228521, 1514
229059, 1514
231897, 1514
234442, 1514
238735, 1514
241170, 1514
250214, 1514
270370, 1514
97226, 1513
129741, 1513
169091, 1511
23743, 1510
68188, 1510
26459, 1509
81047, 1509
83292, 1509
83544, 1509
90289, 1509
90493, 1509
92175, 1509
99756, 1509
109216, 1509
111954, 1509
119977, 1509
127192, 1509
128676, 1509
130938, 1509
136971, 1509
137027, 1509
153751, 1509
167299, 1509
167562, 1509
176305, 1509
182685, 1509
186295, 1509
199557, 1509
200049, 1509
201130, 1509
202738, 1509
221476, 1509
242950, 1509
250464, 1509
270078, 1509
274408, 1509
276553, 1509
278222, 1509
285485, 1509
4214, 1507
105094, 1507
105693, 1507
128755, 1507
134296, 1507
173744, 1507
185709, 1507
199044, 1507
200490, 1507
212541, 1507
215714, 1507
224350, 1507
229535, 1507
231845, 1507
247815, 1507
251397, 1507
252726, 1507
257296, 1507
268793, 1507
80613, 1506
296368, 1506
56624, 1504
67175, 1504
78163, 1504
142314, 1504
221568, 1504
224725, 1504
228857, 1504
235720, 1504
242113, 1504
266451, 1504
277123, 1504
282118, 1504
282933, 1504
296177, 1504
191394, 1501
14183, 1500
26703, 1500
47180, 1500
71378, 1500
72206, 1500
76859, 1500
95836, 1500
112916, 1500
137642, 1500
142992, 1500
156804, 1500
163466, 1500
201006, 1500
207893, 1500
218440, 1500
227873, 1500
288298, 1500
47559, 1499
188958, 1497
47717, 1496
81517, 1496
82836, 1496
109984, 1496
131786, 1496
177653, 1496
186275, 1496
196532, 1496
211316, 1496
233548, 1496
263258, 1496
283010, 1496
12316, 1495
70791, 1495
77419, 1495
79022, 1495
83208, 1495
86943, 1495
92134, 1495
95728, 1495
105714, 1495
109100, 1495
109799, 1495
115966, 1495
117282, 1495
150572, 1495
159860, 1495
161605, 1495
183011, 1495
188818, 1495
197318, 1495
198746, 1495
200733, 1495
208768, 1495
212236, 1495
219829, 1495
228189, 1495
230374, 1495
243618, 1495
245606, 1495
246633, 1495
250725, 1495
252030, 1495
257324, 1495
24511, 1494
119152, 1494
73859, 1493
220622, 1493
16458, 1492
22667, 1492
105480, 1492
124222, 1492
201695, 1492
207137, 1492
213666, 1492
218757, 1492
241366, 1492
285627, 1492
133507, 1491
160856, 1491
169396, 1491
76057, 1490
87105, 1490
131011, 1490
139295, 1490
174906, 1490
263864, 1490
61277, 1489
104536, 1489
1708, 1488
111987, 1488
86877, 1486
128199, 1486
151757, 1486
173405, 1486
210746, 1486
281011, 1486
288593, 1486
254957, 1485
15739, 1484
22320, 1484
32500, 1484
96579, 1484
113549, 1484
180031, 1484
2332, 1483
7664, 1483
106417, 1483
149829, 1483
122518, 1482
229430, 1482
235647, 1482
260895, 1482
277459, 1482
285302, 1482
280639, 1480
5241, 1479
33223, 1479
79147, 1479
129504, 1479
122817, 1478
194601, 1478
221972, 1478
250366, 1478
59432, 1477
107514, 1477
114318, 1477
157913, 1477
167293, 1477
169590, 1477
171991, 1477
173681, 1477
176881, 1477
255484, 1477
280485, 1477
281900, 1477
4413, 1476
27910, 1476
46176, 1476
267874, 1476
3317, 1474
7035, 1474
33945, 1474
39091, 1474
160118, 1474
102048, 1473
124051, 1473
129222, 1473
161687, 1473
170700, 1473
174731, 1473
191356, 1473
196155, 1473
203968, 1473
204570, 1473
224655, 1473
267641, 1473
36002, 1472
125429, 1472
144962, 1472
145352, 1472
245312, 1472
116028, 1471
153296, 1471
187731, 1471
251783, 1471
274302, 1471
279464, 1471
23530, 1470
31616, 1470
49179, 1470
182476, 1470
254516, 1470
281176, 1470
210650, 1469
145075, 1468
161254, 1468
251659, 1468
94810, 1466
202891, 1466
13748, 1465
22720, 1465
64795, 1465
95308, 1465
101874, 1465
137699, 1465
166540, 1465
197471, 1465
260486, 1465
271992, 1465
23459, 1464
89065, 1464
111782, 1464
127643, 1464
139009, 1464
87732, 1463
119351, 1463
280221, 1463
286973, 1462
292807, 1460
21487, 1459
112535, 1459
139544, 1459
248023, 1459
2822, 1457
29404, 1457
47125, 1457
48585, 1457
120148, 1457
186352, 1457
190743, 1457
263575, 1457
210773, 1456
237824, 1456
284568, 1456
213829, 1455
234197, 1454
9476, 1452
98764, 1452
217418, 1452
244449, 1452
266872, 1452
189396, 1451
295576, 1451
62174, 1450
165305, 1450
55559, 1449
60079, 1449
107035, 1449
137601, 1449
178822, 1449
192440, 1449
214398, 1449
225130, 1449
234745, 1449
7629, 1446
93479, 1446
104330, 1446
151577, 1446
159806, 1446
177414, 1446
183131, 1446
206167, 1446
209545, 1446
223241, 1446
270092, 1446
285486, 1446
80054, 1444
154678, 1444
8229, 1443
32454, 1443
46754, 1443
59944, 1443
96642, 1443
122689, 1443
128097, 1443
129556, 1443
144617, 1443
194309, 1443
259235, 1443
261825, 1443
120354, 1442
166920, 1442
183471, 1442
227095, 1442
271598, 1442
115498, 1441
81909, 1439
108536, 1439
114366, 1439
166728, 1439
200955, 1439
72060, 1437
83507, 1437
123040, 1437
285604, 1437
89217, 1436
121362, 1436
218736, 1436
230604, 1436
260137, 1436
77708, 1435
111079, 1435
163452, 1435
198986, 1435
207303, 1435
217364, 1435
218019, 1435
243758, 1435
245722, 1435
248900, 1435
252945, 1435
70749, 1434
98157, 1434
153692, 1434
161862, 1434
166285, 1434
176081, 1434
186576, 1434
191344, 1434
16344, 1433
24928, 1433
179623, 1433
210474, 1433
235877, 1433
248249, 1433
50964, 1432
71391, 1432
86722, 1432
171049, 1432
221770, 1432
231820, 1432
280156, 1432
36647, 1431
81028, 1430
87638, 1430
98388, 1430
203834, 1430
112917, 1429
149759, 1429
209010, 1429
215482, 1429
215492, 1429
232472, 1429
236573, 1429
242673, 1429
256414, 1429
259501, 1429
271790, 1429
272679, 1429
276781, 1429
280356, 1429
284454, 1429
286749, 1429
7689, 1428
13929, 1427
35117, 1427
48605, 1427
109439, 1427
122946, 1427
126450, 1427
132988, 1427
144589, 1427
145015, 1427
146182, 1427
155980, 1427
172341, 1427
173337, 1427
182275, 1427
184513, 1427
190195, 1427
190875, 1427
196713, 1427
216678, 1427
242301, 1427
246743, 1427
246930, 1427
250491, 1427
261634, 1427
241116, 1426
46132, 1425
57697, 1424
58735, 1424
125010, 1424
141354, 1424
214592, 1424
280020, 1424
22879, 1423
54022, 1423
111323, 1423
143697, 1423
159597, 1423
247269, 1423
249277, 1423
267898, 1423
28888, 1422
65062, 1422
255997, 1420
261526, 1420
266310, 1420
105127, 1419
153318, 1419
161739, 1419
237339, 1419
237719, 1419
6032, 1418
67404, 1418
73978, 1418
100535, 1418
171046, 1418
189276, 1418
236297, 1418
239381, 1418
255924, 1418
263235, 1418
290845, 1418
90529, 1416
228994, 1415
275592, 1415
284979, 1415
82783, 1414
96295, 1414
105354, 1414
147392, 1414
198384, 1414
199846, 1414
204998, 1414
262521, 1414
268522, 1414
292338, 1414
64973, 1413
117361, 1413
126625, 1413
128351, 1413
185708, 1413
191079, 1413
268736, 1413
269208, 1413
279882, 1413
288586, 1413
29270, 1412
19385, 1411
176073, 1411
232640, 1411
20250, 1409
107475, 1409
107341, 1408
109368, 1407
111496, 1407
147305, 1407
149227, 1407
193230, 1407
201440, 1407
223101, 1407
92058, 1406
159858, 1406
210217, 1406
274592, 1406
291226, 1406
265869, 1405
255607, 1404
60244, 1403
128451, 1403
66576, 1402
199069, 1402
236899, 1402
292626, 1402
165897, 1401
232087, 1401
281008, 1401
36803, 1400
74468, 1400
83677, 1400
88058, 1400
115099, 1400
116606, 1400
203065, 1400
287684, 1400
34916, 1399
78749, 1399
103747, 1399
202159, 1398
107816, 1397
154563, 1397
206712, 1397
239919, 1397
53058, 1396
166612, 1396
193256, 1396
230217, 1396
268811, 1396
11215, 1394
92827, 1393
36552, 1391
100649, 1391
218068, 1391
266922, 1391
83597, 1390
120796, 1390
157613, 1390
164101, 1390
240839, 1390
23083, 1389
74160, 1389
74576, 1389
192463, 1389
202036, 1389
221558, 1389
222589, 1389
235316, 1389
236455, 1389
245672, 1389
249651, 1389
250479, 1389
251109, 1389
261923, 1389
286452, 1389
24304, 1388
89077, 1388
96335, 1388
100549, 1388
179587, 1388
267932, 1388
271359, 1388
171689, 1387
239934, 1387
218010, 1386
4113, 1385
134763, 1385
198081, 1385
6769, 1383
20064, 1383
27717, 1383
41178, 1383
109826, 1383
149345, 1383
152176, 1383
191283, 1383
213631, 1383
236586, 1383
244593, 1383
278414, 1383
126064, 1382
148074, 1382
199465, 1382
272070, 1382
279559, 1382
285096, 1382
11688, 1381
213163, 1381
291869, 1381
292992, 1381
121266, 1380
186501, 1380
196402, 1380
222202, 1380
247778, 1380
278787, 1380
6217, 1379
179643, 1379
80218, 1378
121827, 1378
137616, 1378
158456, 1378
170045, 1378
197081, 1378
200600, 1378
209093, 1378
227030, 1378
243982, 1378
261055, 1378
278036, 1378
108656, 1375
110714, 1374
222123, 1374
288916, 1374
88881, 1373
81443, 1371
51795, 1368
86260, 1368
94991, 1368
97572, 1368
98507, 1368
99351, 1368
123727, 1368
128758, 1368
144510, 1368
150748, 1368
186277, 1368
190516, 1368
217722, 1368
249590, 1368
271572, 1368
22674, 1367
140290, 1366
15028, 1365
99412, 1365
26903, 1364
29037, 1364
32162, 1364
48894, 1364
70412, 1364
95849, 1364
111541, 1364
182827, 1364
234951, 1364
283497, 1363
74948, 1362
63390, 1360
94083, 1360
112221, 1360
156308, 1360
157273, 1360
288501, 1360
16969, 1359
41718, 1359
242429, 1359
130728, 1358
232383, 1358
85978, 1357
156609, 1357
17487, 1356
40009, 1356
154043, 1356
201088, 1356
206134, 1356
232449, 1356
254958, 1356
261780, 1356
28844, 1353
66959, 1352
167020, 1352
245742, 1352
286515, 1352
128035, 1351
153194, 1351
189160, 1351
233007, 1351
234416, 1351
267822, 1351
57353, 1350
42841, 1348
43135, 1348
112725, 1348
248146, 1348
218667, 1346
241085, 1346
95766, 1345
163249, 1343
215888, 1342
30314, 1341
151327, 1341
192163, 1341
245915, 1341
11184, 1340
193085, 1340
239788, 1340
294831, 1338
44856, 1337
55612, 1337
59829, 1337
77471, 1337
108526, 1337
128709, 1337
169323, 1337
206154, 1337
234461, 1337
234622, 1337
257432, 1337
158339, 1336
221049, 1335
233905, 1335
270488, 1335
82072, 1334
142133, 1334
195554, 1332
213861, 1332
78665, 1330
40908, 1329
49051, 1329
93994, 1329
100008, 1329
216999, 1329
241810, 1329
246359, 1328
50873, 1327
59448, 1327
69867, 1327
104843, 1327
155557, 1327
193826, 1327
211508, 1327
121729, 1326
208032, 1326
237086, 1326
264334, 1326
291871, 1326
206822, 1325
231587, 1325
233217, 1325
276303, 1325
138740, 1324
156353, 1324
158243, 1324
213173, 1324
214655, 1324
215814, 1324
237116, 1324
261288, 1324
268870, 1324
237857, 1323
67321, 1321
103809, 1321
111936, 1319
284797, 1319
12395, 1318
13008, 1318
48339, 1318
80548, 1318
215250, 1318
230774, 1318
282840, 1318
5644, 1317
6152, 1316
33225, 1316
83965, 1316
174620, 1316
213469, 1316
246836, 1316
251267, 1316
278526, 1316
60496, 1315
187321, 1314
194360, 1314
17694, 1312
23366, 1312
63315, 1312
110062, 1312
121435, 1312
131365, 1312
132295, 1312
182785, 1312
191646, 1312
213496, 1312
270015, 1312
290643, 1312
294719, 1312
22911, 1311
98455, 1311
163904, 1311
190751, 1311
220054, 1311
282485, 1311
4219, 1310
74758, 1310
98480, 1310
234231, 1310
4817, 1309
65182, 1309
84982, 1309
149880, 1309
251077, 1309
291295, 1309
118024, 1308
231658, 1308
240849, 1308
257281, 1308
290327, 1308
187783, 1306
9084, 1305
12268, 1305
12861, 1305
22008, 1305
26861, 1305
31384, 1305
33407, 1305
43945, 1305
46790, 1305
51303, 1305
54556, 1305
97736, 1305
99834, 1305
139771, 1305
163768, 1305
164074, 1305
260462, 1305
283048, 1305
14377, 1304
61674, 1304
70156, 1304
115653, 1304
125652, 1304
197291, 1304
197701, 1304
203827, 1304
204181, 1304
259568, 1304
25595, 1303
924, 1302
6716, 1302
50728, 1302
209719, 1302
228534, 1302
209988, 1301
231297, 1301
249462, 1301
265698, 1301
100036, 1300
258474, 1300
230030, 1299
232872, 1299
98417, 1298
136341, 1298
250677, 1298
47084, 1297
128798, 1297
26629, 1296
27000, 1296
45719, 1296
92718, 1296
162342, 1296
163546, 1296
251907, 1296
252406, 1296
286604, 1296
292761, 1296
32103, 1295
116059, 1294
124284, 1294
194054, 1294
242379, 1294
16964, 1293
87869, 1293
144157, 1293
14319, 1292
27119, 1292
76905, 1292
116955, 1292
170395, 1292
185732, 1292
208703, 1292
239487, 1292
268330, 1292
242687, 1291
275078, 1291
21999, 1290
26090, 1290
29434, 1290
29654, 1290
38425, 1290
41349, 1290
14730, 1289
150984, 1289
201368, 1289
239330, 1289
269817, 1289
273169, 1289
113722, 1288
284622, 1288
10622, 1287
6683, 1286
111785, 1286
130061, 1286
295093, 1286
119245, 1285
174389, 1285
176344, 1285
202960, 1285
227404, 1284
177532, 1283
279972, 1282
36372, 1281
178680, 1281
8042, 1280
54669, 1280
60217, 1280
102608, 1280
110072, 1280
202580, 1280
212630, 1279
52079, 1277
198816, 1277
1732, 1276
89517, 1276
137913, 1276
280959, 1276
266321, 1275
16238, 1273
52128, 1273
249171, 1273
170662, 1270
286062, 1270
129954, 1269
171245, 1269
192978, 1269
213450, 1269
226265, 1269
234562, 1269
280771, 1269
168499, 1266
36866, 1264
49772, 1264
52160, 1264
59767, 1264
68408, 1264
20565, 1262
241586, 1262
21426, 1261
39753, 1261
98734, 1261
156619, 1261
198238, 1261
229720, 1261
286448, 1261
291739, 1261
5152, 1260
11695, 1260
30977, 1260
33095, 1260
50390, 1260
55945, 1260
79692, 1260
82393, 1260
90629, 1260
99727, 1260
119687, 1260
133665, 1260
163404, 1260
186035, 1260
206254, 1260
215874, 1260
224474, 1260
228440, 1260
248075, 1260
249241, 1260
149630, 1258
192529, 1257
239929, 1257
254649, 1257
295644, 1257
31095, 1254
158213, 1254
155419, 1253
158755, 1253
159193, 1253
245401, 1253
286077, 1253
145324, 1252
167928, 1252
72663, 1251
132093, 1251
206272, 1251
233674, 1251
101152, 1250
292357, 1250
137121, 1249
160304, 1249
253739, 1247
162348, 1246
26217, 1245
128374, 1245
134937, 1245
157742, 1245
172074, 1245
175683, 1245
286549, 1245
43336, 1243
76321, 1243
106837, 1243
175926, 1243
207705, 1243
248286, 1243
28176, 1242
128935, 1242
198579, 1242
279950, 1242
36172, 1241
62035, 1241
163796, 1241
187337, 1241
206965, 1241
263921, 1241
273217, 1241
24272, 1240
49584, 1240
68050, 1240
119227, 1240
169882, 1240
265303, 1240
22083, 1239
22939, 1239
104500, 1239
149156, 1239
158466, 1239
160884, 1239
161189, 1238
293319, 1237
8116, 1236
116715, 1236
193630, 1236
198886, 1236
219887, 1236
226699, 1236
235299, 1236
274517, 1236
31244, 1235
70929, 1235
160103, 1235
234668, 1235
18001, 1232
62256, 1232
29948, 1231
31928, 1231
71870, 1231
154573, 1231
223967, 1231
31671, 1230
53668, 1230
128286, 1230
178110, 1230
224620, 1230
270356, 1230
292593, 1230
8601, 1229
15884, 1229
70577, 1229
99522, 1229
192189, 1229
34776, 1227
290301, 1226
240330, 1224
202061, 1223
6715, 1222
29590, 1222
33166, 1222
37427, 1222
46814, 1222
74879, 1222
91678, 1222
153553, 1222
165478, 1222
290609, 1222
50507, 1220
52725, 1220
103961, 1220
129503, 1220
234911, 1216
54274, 1215
146963, 1215
207396, 1215
78104, 1214
87268, 1214
95467, 1214
97138, 1214
107034, 1214
110478, 1214
120644, 1214
139881, 1214
145856, 1214
166637, 1214
175022, 1214
183041, 1214
195827, 1214
218380, 1214
224411, 1214
230243, 1214
114179, 1213
115628, 1213
133054, 1213
142238, 1213
158738, 1213
175167, 1213
182364, 1213
220103, 1213
246842, 1213
275024, 1212
15096, 1211
6281, 1210
8613, 1210
19336, 1210
54654, 1210
255393, 1210
17008, 1209
112823, 1208
35402, 1207
63465, 1207
222657, 1207
230951, 1207
109425, 1206
123155, 1205
245791, 1205
73347, 1204
14278, 1202
16657, 1201
16783, 1201
27647, 1201
43695, 1201
44582, 1201
57928, 1201
69109, 1201
93274, 1201
130924, 1201
149393, 1201
212946, 1201
226941, 1201
243255, 1201
251536, 1201
254109, 1201
113064, 1199
114718, 1199
114820, 1199
136242, 1199
150914, 1199
175038, 1199
241347, 1199
262355, 1199
88379, 1198
273174, 1198
93902, 1197
118795, 1197
150403, 1197
157567, 1197
187078, 1197
204231, 1197
228006, 1196
230600, 1196
58819, 1195
129942, 1195
178447, 1195
228233, 1195
118897, 1194
257368, 1194
198063, 1193
102336, 1192
184890, 1192
201334, 1192
149873, 1191
275242, 1191
60190, 1190
77462, 1190
64727, 1189
105369, 1189
253769, 1189
93514, 1186
123884, 1185
135679, 1185
70143, 1183
101759, 1183
119938, 1183
175032, 1183
274750, 1183
16817, 1182
68369, 1182
185454, 1182
36233, 1179
73523, 1179
118697, 1179
255433, 1179
28986, 1178
30294, 1178
31084, 1178
71551, 1178
98509, 1178
121212, 1178
225556, 1178
3672, 1177
40654, 1177
66244, 1177
86080, 1177
248254, 1177
122053, 1176
139646, 1176
204817, 1176
206029, 1176
206231, 1176
240627, 1176
281856, 1176
296318, 1176
18056, 1174
36728, 1174
105989, 1174
203208, 1174
66772, 1173
90715, 1173
104610, 1173
104695, 1173
106955, 1173
225062, 1173
257169, 1173
221948, 1172
86850, 1171
115681, 1169
42039, 1168
9091, 1167
34994, 1166
37065, 1166
182107, 1166
191789, 1166
196783, 1166
223525, 1166
104032, 1165
149380, 1165
175350, 1165
181396, 1165
201395, 1165
12539, 1164
143415, 1163
211594, 1163
289635, 1163
40061, 1162
169255, 1162
4685, 1160
30204, 1160
64710, 1160
74870, 1160
175610, 1160
200999, 1160
11210, 1159
6519, 1158
6679, 1157
96603, 1157
137188, 1157
158974, 1157
194985, 1157
200878, 1157
218439, 1157
267326, 1157
293517, 1157
25843, 1156
38906, 1156
53533, 1156
68537, 1156
124469, 1156
154428, 1156
166638, 1156
203731, 1156
252946, 1156
23481, 1154
162852, 1153
188409, 1153
271440, 1153
36421, 1152
72454, 1152
244197, 1152
94544, 1151
27398, 1150
80334, 1150
119618, 1150
262101, 1150
265613, 1150
266454, 1150
285770, 1150
84758, 1148
166468, 1148
205697, 1148
237045, 1148
263913, 1148
70485, 1147
73660, 1147
97578, 1147
138072, 1144
195712, 1143
122524, 1142
131140, 1142
9115, 1141
137580, 1141
175402, 1141
268646, 1141
30458, 1140
75190, 1140
38175, 1139
74167, 1139
48636, 1138
55793, 1138
106871, 1138
108767, 1138
119436, 1138
120678, 1138
129567, 1138
182040, 1138
213920, 1138
240026, 1138
265160, 1138
269230, 1138
6292, 1137
41433, 1137
219544, 1137
268416, 1137
273129, 1137
287346, 1137
163001, 1136
48725, 1134
50983, 1134
66714, 1134
101819, 1134
103303, 1134
114854, 1134
126818, 1134
133277, 1134
142878, 1134
144796, 1134
147208, 1134
150699, 1134
170075, 1134
174410, 1134
176605, 1134
181052, 1134
200418, 1134
215278, 1134
221642, 1134
227942, 1134
238770, 1134
249517, 1134
260866, 1134
273823, 1134
62795, 1133
96336, 1133
253950, 1133
58713, 1132
89226, 1132
119641, 1132
132527, 1132
166936, 1132
197120, 1132
216876, 1132
236512, 1132
238570, 1132
243822, 1132
270838, 1132
286242, 1130
40715, 1129
80717, 1129
116508, 1129
162134, 1129
181562, 1129
278869, 1129
6929, 1128
111913, 1127
184878, 1127
203334, 1127
268546, 1127
288592, 1127
219527, 1126
230350, 1126
277284, 1126
294146, 1126
45868, 1125
54550, 1125
73385, 1125
73513, 1125
75832, 1125
80130, 1125
80726, 1125
91007, 1125
91533, 1125
95352, 1125
109688, 1125
121153, 1125
132143, 1125
134190, 1125
134276, 1125
138454, 1125
143526, 1125
147510, 1125
150391, 1125
156108, 1125
163722, 1125
165482, 1125
170787, 1125
172122, 1125
183700, 1125
190423, 1125
193745, 1125
207964, 1125
212004, 1125
227709, 1125
230036, 1125
244641, 1125
253418, 1125
261145, 1125
270514, 1125
273705, 1125
273980, 1125
274595, 1125
282089, 1125
282328, 1125
293069, 1125
56620, 1123
172695, 1123
219948, 1123
7890, 1122
17665, 1122
38056, 1122
85906, 1122
248259, 1122
258324, 1122
31681, 1121
106964, 1121
137309, 1121
144603, 1121
171039, 1121
173555, 1121
192192, 1121
229021, 1121
240618, 1121
207742, 1120
14178, 1116
19017, 1116
46610, 1116
75547, 1116
87969, 1116
151562, 1116
157743, 1116
160031, 1116
227920, 1116
231877, 1116
232357, 1116
29516, 1115
79077, 1115
82614, 1115
120492, 1115
141016, 1115
172370, 1115
177688, 1115
194865, 1115
207387, 1115
261711, 1115
269472, 1115
116521, 1114
122305, 1114
289146, 1114
267980, 1113
157137, 1112
188000, 1112
73234, 1111
85128, 1111
205541, 1111
56848, 1110
85948, 1110
143496, 1110
251095, 1110
55999, 1109
62506, 1109
83630, 1109
116003, 1109
118467, 1109
157634, 1109
196046, 1109
202103, 1109
217240, 1109
254558, 1109
288042, 1109
95205, 1108
125387, 1108
228093, 1108
21224, 1107
90794, 1107
100163, 1107
120046, 1107
194574, 1107
214073, 1107
224563, 1107
239668, 1107
242157, 1107
248043, 1107
267004, 1107
268833, 1107
128320, 1106
195611, 1106
208882, 1106
217332, 1106
226416, 1106
245701, 1106
61925, 1105
100257, 1104
100947, 1104
175141, 1104
182742, 1104
252794, 1104
292865, 1104
151551, 1103
228117, 1103
237612, 1103
258580, 1103
105726, 1102
171277, 1102
226257, 1102
28567, 1101
79373, 1101
170919, 1101
205063, 1101
289472, 1101
36429, 1100
69815, 1100
140943, 1100
158559, 1100
194650, 1100
49285, 1099
182298, 1099
222649, 1099
227258, 1099
245317, 1099
267681, 1099
79363, 1098
95866, 1098
118268, 1098
293726, 1098
77173, 1097
119461, 1097
242303, 1097
14161, 1096
117181, 1096
24200, 1095
57668, 1095
72289, 1095
149617, 1095
150411, 1095
171416, 1095
205925, 1095
245452, 1095
248418, 1095
250368, 1095
18825, 1094
92705, 1094
97003, 1094
102738, 1094
162117, 1094
243520, 1094
285178, 1094
15077, 1093
30869, 1093
101101, 1093
201208, 1093
207796, 1093
223365, 1093
9587, 1092
29918, 1092
105169, 1092
125813, 1092
129668, 1092
214601, 1092
223589, 1092
242815, 1092
56704, 1091
132986, 1091
201860, 1091
171257, 1090
29782, 1089
51497, 1089
76508, 1089
102143, 1089
198788, 1089
241927, 1089
252290, 1089
119895, 1088
121556, 1088
181956, 1088
102995, 1087
109763, 1087
124835, 1087
177897, 1087
204582, 1087
234044, 1087
243655, 1087
272542, 1087
22509, 1086
172842, 1086
287543, 1086
158713, 1085
191266, 1085
290261, 1085
85039, 1084
245465, 1084
288643, 1084
105686, 1083
260910, 1083
265703, 1083
276408, 1083
89422, 1082
104898, 1082
115482, 1082
119563, 1082
157856, 1082
162663, 1082
200537, 1082
206396, 1082
251223, 1082
253932, 1082
194397, 1081
285651, 1081
8003, 1080
8431, 1080
14276, 1080
37092, 1080
45466, 1080
60749, 1080
94332, 1080
105736, 1080
155416, 1080
192927, 1080
210889, 1080
223625, 1080
224588, 1080
236903, 1080
238098, 1080
238801, 1080
264712, 1080
269813, 1080
284493, 1080
143696, 1079
156868, 1079
252158, 1078
253242, 1078
3622, 1077
143445, 1077
155028, 1077
159010, 1077
174354, 1077
178414, 1077
49884, 1076
96762, 1076
102105, 1076
103005, 1076
117981, 1076
128042, 1076
131552, 1076
139580, 1076
150921, 1076
162851, 1076
172469, 1076
177224, 1076
178735, 1076
181045, 1076
183391, 1076
184213, 1076
185286, 1076
204060, 1076
204468, 1076
224558, 1076
230961, 1076
245349, 1076
252285, 1076
253717, 1076
257092, 1076
264888, 1076
290943, 1076
291472, 1076
54405, 1075
76204, 1075
90446, 1075
98286, 1075
104809, 1075
107439, 1075
127725, 1075
135941, 1075
165032, 1075
192613, 1075
194568, 1075
198902, 1075
203611, 1075
204897, 1075
209793, 1075
211374, 1075
213088, 1075
224442, 1075
228913, 1075
251039, 1075
271845, 1075
275964, 1075
280024, 1075
286875, 1075
289424, 1075
290720, 1075
294115, 1075
295861, 1075
296135, 1075
28149, 1074
192695, 1074
195782, 1074
242079, 1074
287076, 1074
23647, 1073
251499, 1073
288630, 1073
70541, 1072
5190, 1071
159034, 1071
161279, 1071
199293, 1071
267761, 1071
278982, 1071
49776, 1070
80764, 1070
216437, 1070
32223, 1069
34028, 1069
42721, 1069
53071, 1069
58671, 1069
67892, 1069
87956, 1069
106841, 1069
109612, 1069
109622, 1069
112162, 1069
114703, 1069
114889, 1069
118411, 1069
119981, 1069
122531, 1069
125957, 1069
129355, 1069
131409, 1069
137206, 1069
141757, 1069
144431, 1069
149957, 1069
150035, 1069
151508, 1069
155956, 1069
157540, 1069
183786, 1069
187445, 1069
198714, 1069
223433, 1069
241973, 1069
261934, 1069
276790, 1069
121780, 1068
167216, 1068
173772, 1068
185596, 1068
202994, 1068
215896, 1068
275522, 1068
295482, 1068
29362, 1066
42560, 1066
42763, 1066
54010, 1066
80537, 1066
96030, 1066
97569, 1066
104093, 1066
114382, 1066
114398, 1066
156179, 1066
166662, 1066
173602, 1066
249530, 1066
259616, 1066
36544, 1065
63052, 1065
68547, 1065
101551, 1065
141270, 1065
144811, 1065
157516, 1065
158284, 1065
175458, 1065
273700, 1065
54818, 1064
166595, 1064
185890, 1064
44857, 1063
143989, 1063
145312, 1063
147719, 1063
166559, 1063
32349, 1062
50992, 1062
88961, 1062
113806, 1062
116333, 1062
133900, 1062
135548, 1062
136881, 1062
138405, 1062
142559, 1062
148179, 1062
167178, 1062
204736, 1062
213463, 1062
217383, 1062
217439, 1062
219741, 1062
222040, 1062
228243, 1062
230257, 1062
233656, 1062
260933, 1062
263197, 1062
277330, 1062
278047, 1062
283373, 1062
34284, 1061
63515, 1061
121382, 1061
144334, 1061
179183, 1061
183098, 1061
184335, 1061
184826, 1061
215074, 1061
215967, 1061
224871, 1061
225371, 1061
243553, 1061
249486, 1061
254507, 1061
261445, 1061
268293, 1061
274381, 1061
279090, 1061
280151, 1061
286911, 1061
35184, 1060
44879, 1060
49906, 1060
50866, 1060
76174, 1060
77547, 1060
83158, 1060
89107, 1060
95284, 1060
97670, 1060
101187, 1060
104831, 1060
112876, 1060
117672, 1060
119646, 1060
121689, 1060
129173, 1060
130417, 1060
140059, 1060
140460, 1060
143045, 1060
150208, 1060
156312, 1060
156833, 1060
161046, 1060
161245, 1060
161621, 1060
170881, 1060
171756, 1060
173181, 1060
174104, 1060
174174, 1060
175405, 1060
176186, 1060
177975, 1060
180837, 1060
183155, 1060
190623, 1060
202678, 1060
207631, 1060
216978, 1060
227051, 1060
230297, 1060
230950, 1060
231557, 1060
232985, 1060
239196, 1060
244647, 1060
256471, 1060
259917, 1060
260651, 1060
263972, 1060
273286, 1060
281720, 1060
286330, 1060
153923, 1059
8680, 1058
17628, 1058
22647, 1058
23757, 1058
26232, 1058
31711, 1058
32123, 1058
79557, 1058
90153, 1058
92405, 1058
97371, 1058
108894, 1058
112630, 1058
116106, 1058
120199, 1058
132683, 1058
158850, 1058
192748, 1058
204429, 1058
234481, 1058
288624, 1058
27288, 1057
67080, 1057
107309, 1057
113166, 1057
118947, 1057
127119, 1057
183964, 1057
190601, 1057
219674, 1057
242810, 1057
196887, 1056
224393, 1056
269755, 1056
28849, 1055
118869, 1055
11471, 1054
71501, 1054
244676, 1054
21268, 1053
46958, 1053
85432, 1053
88917, 1053
131845, 1053
181125, 1053
237123, 1053
241464, 1053
264214, 1053
271771, 1053
283695, 1053
285271, 1053
295194, 1053
19819, 1052
118780, 1052
159191, 1052
222892, 1052
51984, 1050
133289, 1050
186182, 1050
192709, 1050
223768, 1050
267167, 1050
268547, 1050
5022, 1049
141877, 1049
192636, 1049
194891, 1049
220853, 1049
21042, 1048
29158, 1048
186529, 1048
205350, 1048
207433, 1048
280395, 1048
154520, 1047
226895, 1047
272986, 1047
288454, 1047
33177, 1045
33916, 1045
45366, 1045
98300, 1045
101437, 1045
135726, 1045
156739, 1045
183906, 1045
196657, 1045
236266, 1045
253741, 1045
266416, 1045
279585, 1045
283416, 1045
5440, 1043
18751, 1043
60333, 1043
72547, 1043
72996, 1043
88600, 1043
97563, 1043
98681, 1043
104015, 1043
114103, 1043
121425, 1043
134139, 1043
143583, 1043
157943, 1043
160819, 1043
193490, 1043
254285, 1043
264210, 1043
287546, 1043
290638, 1043
26716, 1042
66374, 1042
90244, 1042
120253, 1042
160625, 1042
205971, 1042
257330, 1042
273186, 1042
16997, 1041
21801, 1041
69202, 1041
108045, 1041
108225, 1041
114272, 1041
117800, 1041
141886, 1041
167610, 1041
172455, 1041
200949, 1041
243143, 1041
35461, 1040
83892, 1040
174070, 1040
46719, 1039
64129, 1039
80390, 1039
83235, 1039
83866, 1039
85108, 1039
96645, 1039
101360, 1039
112456, 1039
122911, 1039
127598, 1039
156777, 1039
176288, 1039
190342, 1039
193601, 1039
204592, 1039
208644, 1039
208914, 1039
212235, 1039
230051, 1039
245557, 1039
251366, 1039
256768, 1039
263651, 1039
276581, 1039
276778, 1039
282139, 1039
287436, 1039
290890, 1039
294554, 1039
66529, 1038
154807, 1038
156892, 1038
187818, 1038
193584, 1038
204492, 1038
217667, 1038
223856, 1038
242252, 1038
133571, 1037
52743, 1036
71943, 1036
36190, 1035
181573, 1035
196764, 1035
233593, 1035
271319, 1035
130477, 1034
1487, 1033
224591, 1033
32685, 1032
194916, 1032
291164, 1032
30688, 1031
45675, 1031
47357, 1031
109762, 1031
192164, 1031
198433, 1031
252638, 1031
253619, 1031
268959, 1031
272428, 1031
17674, 1030
20073, 1030
292440, 1030
48016, 1029
92563, 1029
189708, 1029
227444, 1029
59717, 1028
71441, 1028
148828, 1028
246339, 1028
288472, 1028
9910, 1027
15695, 1027
48146, 1027
60798, 1027
68424, 1027
73022, 1027
112805, 1027
158507, 1027
180555, 1027
183650, 1027
186336, 1027
225287, 1027
262954, 1027
263427, 1027
292069, 1027
76838, 1026
85389, 1026
121125, 1026
132256, 1026
135204, 1026
154114, 1026
171584, 1026
183022, 1026
188416, 1026
196700, 1026
214111, 1026
214719, 1026
226756, 1026
229450, 1026
236236, 1026
255618, 1026
286304, 1026
290246, 1026
293228, 1026
24223, 1025
108438, 1025
117584, 1025
177477, 1025
263473, 1025
275198, 1025
23686, 1024
29536, 1024
32137, 1024
36807, 1024
44550, 1024
51922, 1024
60523, 1024
67262, 1024
69769, 1024
69832, 1024
75407, 1024
98669, 1024
104054, 1024
109554, 1024
127892, 1024
135338, 1024
136653, 1024
160486, 1024
203354, 1024
261560, 1024
275190, 1024
76615, 1023
78792, 1023
126372, 1023
213177, 1023
246971, 1023
259797, 1023
278963, 1023
64386, 1022
78168, 1022
87557, 1022
143854, 1022
283018, 1022
285068, 1022
23790, 1021
73361, 1021
158399, 1021
231906, 1021
235580, 1021
274166, 1021
105205, 1020
125015, 1020
170112, 1020
203331, 1020
22771, 1019
62942, 1019
74759, 1019
183588, 1019
204074, 1019
251403, 1019
44365, 1018
66784, 1018
79831, 1018
127542, 1018
132006, 1018
225448, 1018
250669, 1018
17320, 1017
47754, 1017
55478, 1017
74115, 1017
88599, 1017
101330, 1017
148439, 1017
150816, 1017
170939, 1017
181499, 1017
276694, 1017
19809, 1015
75168, 1015
134552, 1015
176974, 1015
227582, 1015
75421, 1014
196524, 1014
224748, 1014
289426, 1014
15226, 1013
23094, 1013
47999, 1013
56194, 1013
90091, 1013
113281, 1013
116876, 1013
122912, 1013
144774, 1013
145412, 1013
154996, 1013
22208, 1012
56651, 1012
121820, 1012
202702, 1012
208434, 1012
240535, 1012
26699, 1011
90190, 1011
127749, 1011
160033, 1011
185289, 1011
201626, 1011
207292, 1011
211524, 1011
237843, 1011
249195, 1011
19726, 1010
42403, 1010
112740, 1010
133521, 1010
168185, 1010
226748, 1010
259544, 1010
268972, 1010
11849, 1009
24921, 1009
43652, 1009
47751, 1009
99223, 1009
124359, 1009
209645, 1009
140686, 1008
187672, 1008
190097, 1008
242629, 1008
265630, 1008
25029, 1007
34888, 1007
43016, 1007
87107, 1007
88242, 1007
94616, 1007
106958, 1007
140108, 1007
151980, 1007
154773, 1007
191259, 1007
227959, 1007
280069, 1007
23660, 1006
31483, 1006
35252, 1006
46767, 1006
47707, 1006
56099, 1006
84816, 1006
93359, 1006
94302, 1006
95595, 1006
108770, 1006
118428, 1006
131824, 1006
139879, 1006
143143, 1006
222434, 1006
240399, 1006
276099, 1006
296618, 1006
28464, 1005
28878, 1005
47646, 1005
51386, 1005
81538, 1005
85395, 1005
113005, 1005
122288, 1005
143515, 1005
145228, 1005
147755, 1005
150968, 1005
166213, 1005
168164, 1005
175725, 1005
176947, 1005
212483, 1005
225821, 1005
234710, 1005
259669, 1005
262901, 1005
268058, 1005
271491, 1005
280868, 1005
79434, 1004
288175, 1004
83522, 1003
97642, 1003
109549, 1003
114415, 1003
152208, 1003
252494, 1003
83069, 1002
103489, 1002
124648, 1002
163288, 1002
194369, 1002
249397, 1002
273578, 1002
274103, 1002
53957, 1001
54570, 1001
57954, 1001
184968, 1001
199739, 1001
223380, 1001
