24571, 66168
25465, 66168
25679, 66168
27383, 66168
27567, 66168
28166, 66168
28541, 66168
33986, 66168
35655, 66168
40098, 66168
47535, 66168
52193, 66168
55468, 66168
58017, 66168
58029, 66168
73025, 66168
88593, 66168
112860, 66168
144908, 66168
158894, 66168
174451, 66168
250128, 66168
274700, 66168
294589, 66168
181406, 2778
184347, 2737
260146, 2737
271057, 2737
270648, 2718
105128, 2636
171633, 2636
179608, 2636
113314, 2581
150098, 2531
206693, 2531
271098, 2525
178931, 2523
230850, 2523
264503, 2523
271258, 2523
143769, 2469
161893, 2469
247128, 2469
52335, 2464
149928, 2435
150543, 2414
258129, 2414
232400, 2409
71564, 2384
122010, 2384
217247, 2384
165451, 2382
35982, 2371
130735, 2369
179459, 2369
234268, 2369
292718, 2364
53791, 2359
82141, 2344
200268, 2344
132241, 2330
160144, 2330
118221, 2323
213938, 2323
226763, 2323
292155, 2305
290294, 2293
216393, 2292
218659, 2281
276841, 2275
94693, 2272
164854, 2272
95771, 2266
174160, 2263
176689, 2263
295673, 2263
137257, 2259
143265, 2259
180578, 2259
219742, 2259
239825, 2259
186552, 2252
220654, 2252
87321, 2250
216257, 2250
220851, 2250
224846, 2250
280786, 2250
177839, 2249
265738, 2247
228459, 2240
57595, 2238
160438, 2238
190340, 2238
264621, 2238
274921, 2238
277979, 2238
285175, 2238
55347, 2236
58174, 2236
60984, 2236
68727, 2236
69441, 2236
69823, 2236
78196, 2236
133743, 2236
155013, 2236
155336, 2236
202778, 2236
247019, 2236
75194, 2234
117513, 2234
152657, 2234
178938, 2234
204211, 2234
221836, 2234
237382, 2234
185339, 2232
273073, 2232
213762, 2228
234308, 2228
167705, 2225
196099, 2225
204632, 2225
253289, 2225
256292, 2225
286598, 2225
110864, 2224
59533, 2222
72161, 2222
175679, 2222
246489, 2222
119284, 2219
87927, 2216
252852, 2216
254720, 2216
71967, 2213
114830, 2213
183142, 2213
50620, 2211
59802, 2211
73956, 2211
77616, 2211
92160, 2211
104700, 2211
106038, 2211
143002, 2211
166496, 2211
175426, 2211
211292, 2211
254301, 2211
280663, 2211
286090, 2211
293495, 2211
96012, 2210
106050, 2210
114877, 2210
166541, 2207
228864, 2207
281394, 2207
282717, 2207
67527, 2203
101982, 2203
167007, 2203
221255, 2203
265695, 2199
288684, 2199
53781, 2196
104382, 2196
197429, 2196
74299, 2195
132151, 2195
183095, 2195
192795, 2195
215776, 2195
276395, 2195
83845, 2194
237969, 2194
32866, 2193
92744, 2193
117175, 2193
213475, 2193
234962, 2193
237881, 2193
282953, 2193
284485, 2193
39525, 2192
70912, 2192
108951, 2192
137185, 2192
147530, 2192
236971, 2192
281337, 2192
238112, 2188
174761, 2187
187648, 2187
199998, 2187
224746, 2187
123489, 2185
20383, 2184
73576, 2184
98714, 2184
112755, 2184
134444, 2184
162716, 2184
163998, 2184
208909, 2184
214272, 2184
221880, 2184
228127, 2184
262743, 2184
125799, 2183
140476, 2183
165372, 2183
221122, 2183
52299, 2181
75372, 2181
160246, 2181
183508, 2181
202621, 2181
246348, 2181
253287, 2181
282280, 2181
294503, 2181
49814, 2178
182025, 2178
259124, 2178
282458, 2178
224733, 2175
268410, 2175
122865, 2169
292002, 2169
29036, 2167
52971, 2167
65192, 2167
70774, 2167
77577, 2167
92036, 2167
127991, 2167
198462, 2167
224414, 2167
115310, 2165
130870, 2165
141097, 2165
187860, 2165
273480, 2165
140003, 2163
208321, 2163
216063, 2163
220435, 2163
232326, 2163
82430, 2162
120278, 2162
181617, 2162
209528, 2162
287637, 2162
85404, 2161
111077, 2161
111819, 2161
114837, 2161
132880, 2161
151239, 2161
158597, 2161
194448, 2161
199225, 2161
208678, 2161
219444, 2161
241811, 2161
249762, 2161
267518, 2161
276282, 2161
278238, 2161
94634, 2159
52427, 2158
60383, 2158
73398, 2158
87890, 2158
107003, 2158
136487, 2158
144792, 2158
164750, 2158
173789, 2158
182952, 2158
192361, 2158
206374, 2158
223849, 2158
269080, 2158
276392, 2158
65384, 2157
75775, 2157
114337, 2157
164689, 2157
167223, 2157
212516, 2157
56535, 2156
59718, 2156
65063, 2156
104933, 2156
109461, 2156
127602, 2156
134892, 2156
136472, 2156
152779, 2156
153079, 2156
172595, 2156
236814, 2156
240915, 2156
254413, 2156
268663, 2156
271444, 2156
275215, 2156
287792, 2156
39081, 2155
58293, 2155
114019, 2155
119808, 2155
270405, 2155
87747, 2153
92794, 2153
143986, 2153
216446, 2153
80314, 2152
236171, 2152
53451, 2151
126261, 2151
149701, 2151
216771, 2151
104801, 2150
171398, 2149
230268, 2149
247673, 2149
66448, 2148
75278, 2148
140228, 2148
179307, 2148
180720, 2148
237326, 2148
256575, 2148
289726, 2148
76883, 2146
185743, 2146
219459, 2146
241609, 2146
97559, 2145
113206, 2145
128202, 2145
135302, 2145
140973, 2145
142855, 2145
147235, 2145
151244, 2145
153636, 2145
188061, 2145
201969, 2145
223812, 2145
225202, 2145
238638, 2145
262826, 2145
282492, 2145
102172, 2144
131229, 2144
173501, 2144
289441, 2144
64622, 2143
82130, 2143
82324, 2143
99993, 2143
100268, 2143
101075, 2143
110692, 2143
113262, 2143
117117, 2143
119875, 2143
139528, 2143
140037, 2143
147599, 2143
152182, 2143
179318, 2143
180689, 2143
187491, 2143
191315, 2143
199966, 2143
206716, 2143
215143, 2143
217271, 2143
217831, 2143
240021, 2143
249761, 2143
249983, 2143
257055, 2143
259795, 2143
260980, 2143
266211, 2143
293896, 2143
295293, 2143
119626, 2142
223914, 2142
233489, 2142
277263, 2142
39060, 2141
82592, 2141
110799, 2141
110944, 2141
150393, 2141
174161, 2141
207679, 2141
34614, 2139
87779, 2139
126354, 2139
145676, 2137
243629, 2137
67776, 2136
87035, 2136
95566, 2136
135345, 2136
142858, 2136
174141, 2136
179064, 2136
179387, 2136
196515, 2136
204364, 2136
253531, 2136
263916, 2136
262650, 2134
62584, 2133
165332, 2133
71822, 2130
73619, 2130
100383, 2130
108351, 2130
108619, 2130
114286, 2130
133549, 2130
168845, 2130
180833, 2130
192248, 2130
197258, 2130
229074, 2130
256704, 2130
256827, 2130
287365, 2130
123628, 2129
171941, 2129
44014, 2128
64555, 2128
76098, 2128
95406, 2128
116020, 2128
122397, 2128
134446, 2128
168671, 2128
179852, 2128
194538, 2128
200128, 2128
244649, 2128
265210, 2128
268018, 2128
296380, 2128
23401, 2127
47280, 2127
59483, 2127
61461, 2127
73327, 2127
88073, 2127
90406, 2127
93929, 2127
95107, 2127
105879, 2127
106337, 2127
127883, 2127
181366, 2127
184621, 2127
200551, 2127
223949, 2127
224297, 2127
264768, 2127
131151, 2126
131575, 2126
144057, 2126
149795, 2126
173042, 2126
187545, 2126
216469, 2126
259280, 2126
263485, 2126
51369, 2125
101542, 2125
107993, 2125
217367, 2125
218444, 2125
220788, 2125
249836, 2125
154752, 2124
241396, 2124
259663, 2124
203097, 2121
130701, 2120
136964, 2120
141789, 2120
161499, 2120
224772, 2120
284646, 2120
291484, 2120
77119, 2119
81083, 2119
139859, 2119
145437, 2119
154880, 2119
159253, 2119
159669, 2119
209886, 2119
225176, 2119
234634, 2119
246213, 2119
255425, 2119
258234, 2119
262719, 2119
281654, 2119
138621, 2118
218150, 2118
294802, 2118
63392, 2116
67346, 2116
93107, 2116
93391, 2116
115385, 2116
117807, 2116
125694, 2116
162891, 2116
180260, 2116
187599, 2116
224544, 2116
113429, 2114
223364, 2114
250541, 2114
292388, 2114
67659, 2112
97957, 2112
101388, 2112
107295, 2112
136415, 2112
137975, 2112
37639, 2110
141396, 2110
177717, 2110
295113, 2110
114624, 2109
161965, 2108
186451, 2108
43227, 2107
151579, 2107
209426, 2107
230107, 2107
273599, 2107
292281, 2107
217015, 2106
217214, 2106
296349, 2106
49768, 2104
72829, 2104
74518, 2104
148172, 2104
232090, 2104
252564, 2104
275971, 2104
87228, 2103
226853, 2103
245044, 2103
253021, 2103
36551, 2102
163232, 2102
218577, 2102
237655, 2102
257371, 2102
266306, 2102
125877, 2100
136485, 2100
181937, 2100
189900, 2100
228839, 2100
246390, 2100
281933, 2100
114481, 2098
188183, 2098
278957, 2098
280392, 2098
142860, 2096
281688, 2096
63312, 2095
125660, 2095
151125, 2095
178882, 2095
203101, 2095
180363, 2094
240630, 2094
187167, 2093
134881, 2092
159686, 2092
166007, 2092
255209, 2092
48249, 2091
93948, 2090
198825, 2090
238552, 2090
120432, 2088
187878, 2086
124264, 2085
140577, 2085
145459, 2085
162379, 2085
185495, 2085
27401, 2084
54622, 2084
61076, 2084
104780, 2084
116724, 2084
127522, 2084
133331, 2084
137733, 2084
143329, 2084
192069, 2084
229908, 2084
253281, 2084
255905, 2084
261355, 2084
266233, 2084
280268, 2084
288462, 2084
296493, 2084
216307, 2083
77756, 2082
94224, 2082
122625, 2082
124811, 2082
138997, 2082
146341, 2082
163382, 2082
177633, 2082
179988, 2082
228591, 2082
190266, 2081
190223, 2079
201557, 2079
236402, 2079
247729, 2079
88606, 2078
173667, 2078
208901, 2078
257790, 2078
84622, 2077
116732, 2075
133833, 2075
177105, 2075
248461, 2074
246932, 2073
279278, 2073
69528, 2072
96011, 2072
108588, 2072
170850, 2072
178456, 2072
198844, 2071
66293, 2070
158615, 2070
206400, 2070
179327, 2068
227133, 2068
87777, 2066
208088, 2066
213250, 2066
49521, 2064
56271, 2064
61352, 2064
77340, 2064
77642, 2064
78546, 2064
81201, 2064
84579, 2064
86405, 2064
92226, 2064
93453, 2064
103390, 2064
104297, 2064
104726, 2064
108863, 2064
126452, 2064
129657, 2064
132852, 2064
149287, 2064
174043, 2064
188974, 2064
196790, 2064
207132, 2064
209256, 2064
234236, 2064
237385, 2064
260989, 2064
277148, 2064
125772, 2063
259892, 2063
287340, 2063
51580, 2062
73059, 2062
99307, 2062
256469, 2062
259052, 2062
17158, 2061
38013, 2061
46088, 2061
49300, 2061
63514, 2061
77219, 2061
79563, 2061
87818, 2061
95610, 2061
96076, 2061
98095, 2061
105232, 2061
113574, 2061
121291, 2061
124069, 2061
126686, 2061
129475, 2061
135427, 2061
137731, 2061
143683, 2061
152412, 2061
157644, 2061
159687, 2061
160500, 2061
164631, 2061
175478, 2061
196373, 2061
198399, 2061
199156, 2061
206411, 2061
217094, 2061
226026, 2061
227414, 2061
228946, 2061
237418, 2061
237813, 2061
244769, 2061
264357, 2061
277951, 2061
286902, 2061
124500, 2060
167632, 2059
235117, 2059
196761, 2058
95718, 2057
132667, 2057
194942, 2057
197343, 2056
269982, 2056
104768, 2052
215765, 2052
151810, 2051
293588, 2051
63972, 2050
267548, 2048
26973, 2046
60082, 2046
63257, 2046
88421, 2046
110397, 2046
115020, 2046
123730, 2046
133027, 2046
133927, 2046
164442, 2046
180602, 2046
189919, 2046
199300, 2046
224705, 2046
168737, 2044
84598, 2042
89497, 2042
162914, 2042
165904, 2042
169295, 2042
172984, 2042
178849, 2042
179902, 2042
241559, 2042
256428, 2042
280691, 2042
81890, 2040
217811, 2040
35216, 2039
79941, 2039
90455, 2039
94263, 2039
99419, 2039
100115, 2039
102345, 2039
116546, 2039
123729, 2039
127090, 2039
161411, 2039
167727, 2039
202753, 2039
111918, 2035
140706, 2035
197744, 2035
208829, 2035
288863, 2035
50375, 2033
187068, 2033
196655, 2033
238318, 2033
259309, 2033
270391, 2033
115662, 2031
149995, 2031
209991, 2031
211960, 2031
150680, 2030
153165, 2030
163356, 2030
43084, 2029
90896, 2029
104206, 2029
110388, 2029
142918, 2029
161527, 2029
179720, 2029
177879, 2028
183917, 2028
96140, 2027
213724, 2027
221763, 2027
59979, 2025
83931, 2025
84298, 2025
109487, 2025
263475, 2024
282304, 2024
69852, 2023
82995, 2023
133367, 2023
168627, 2023
41530, 2022
94963, 2022
147414, 2022
207006, 2022
266869, 2022
294788, 2021
155688, 2020
192928, 2020
274890, 2020
211004, 2019
103852, 2017
124399, 2017
149465, 2017
200339, 2017
206192, 2017
221560, 2017
230654, 2017
241218, 2017
248494, 2017
259444, 2017
273932, 2017
291285, 2017
158441, 2016
245389, 2016
78543, 2010
259274, 2010
288728, 2010
241498, 2009
113155, 2008
201062, 2008
51210, 2006
144672, 2006
248673, 2006
81472, 2003
89810, 2003
160525, 2003
245327, 2003
45070, 2002
48254, 2002
48948, 2002
56308, 2002
85105, 2002
113997, 2002
120355, 2002
131707, 2002
195931, 2002
222121, 2002
227432, 2002
94225, 2000
144640, 1998
157549, 1998
252245, 1998
283613, 1998
110299, 1996
271692, 1996
201181, 1995
21787, 1994
27547, 1994
48601, 1994
53511, 1994
83398, 1994
89237, 1994
90443, 1994
92209, 1994
96719, 1994
101092, 1994
104284, 1994
111192, 1994
173211, 1994
233384, 1994
290043, 1994
211553, 1993
34611, 1990
104341, 1990
125025, 1990
181902, 1990
211253, 1990
102882, 1989
99313, 1986
232290, 1986
53810, 1985
278326, 1982
228818, 1980
243634, 1979
269964, 1979
130913, 1977
90997, 1976
256096, 1976
62479, 1975
59282, 1972
66577, 1972
107702, 1972
115713, 1972
173212, 1972
69307, 1971
143318, 1971
144812, 1971
188098, 1971
204306, 1971
244749, 1971
265750, 1971
271216, 1971
272081, 1971
128862, 1968
130470, 1968
145914, 1968
157463, 1968
159993, 1968
223375, 1968
236600, 1968
270788, 1968
275246, 1967
142710, 1965
84895, 1964
2726, 1962
163244, 1962
244825, 1959
238394, 1958
84349, 1953
158613, 1953
169049, 1953
219828, 1953
226957, 1953
256420, 1953
273742, 1953
280833, 1953
285655, 1953
75396, 1952
82529, 1952
65491, 1951
237367, 1951
118169, 1950
84929, 1949
219127, 1947
268472, 1947
228210, 1946
91606, 1945
94398, 1942
140547, 1942
147222, 1942
171550, 1942
251570, 1942
79803, 1939
81657, 1939
90724, 1939
98196, 1939
110159, 1939
134560, 1939
144048, 1939
156835, 1939
163729, 1939
174098, 1939
264467, 1939
56280, 1938
28337, 1937
55072, 1937
71684, 1937
74048, 1937
77581, 1937
80043, 1937
97107, 1937
109493, 1937
115974, 1937
136362, 1937
176482, 1937
210371, 1937
219288, 1937
224237, 1937
274716, 1937
236084, 1935
107946, 1933
165840, 1933
204645, 1930
208298, 1930
96862, 1928
80346, 1926
206259, 1926
257564, 1926
174509, 1925
240933, 1925
287800, 1925
293983, 1925
77513, 1924
106369, 1924
137466, 1919
198087, 1919
236105, 1919
286681, 1919
28952, 1918
36936, 1918
40655, 1918
51007, 1918
60645, 1918
63016, 1918
71493, 1918
79800, 1918
137119, 1918
203005, 1918
223149, 1918
162173, 1916
102653, 1914
190618, 1914
85565, 1913
90675, 1913
125615, 1913
152056, 1913
159567, 1912
160077, 1912
205624, 1912
217272, 1912
223078, 1912
246391, 1912
148903, 1911
286701, 1909
73184, 1907
175085, 1904
191077, 1904
257765, 1904
261476, 1903
272807, 1899
240629, 1897
34936, 1896
50084, 1896
60647, 1896
62427, 1896
70445, 1896
85173, 1896
90530, 1896
93256, 1896
101570, 1896
113305, 1896
121603, 1896
121927, 1896
128642, 1896
162444, 1896
187239, 1895
220285, 1895
284638, 1895
69904, 1890
136172, 1890
204796, 1890
261206, 1890
99858, 1888
112656, 1888
124718, 1888
163422, 1888
166613, 1888
171530, 1888
179712, 1888
188845, 1888
195493, 1888
196669, 1888
198920, 1888
201769, 1888
209867, 1888
217441, 1888
230618, 1888
276979, 1888
280969, 1888
282708, 1888
282956, 1888
103638, 1887
114464, 1887
55852, 1883
144971, 1881
91162, 1880
289730, 1880
49905, 1879
64904, 1879
93580, 1879
169169, 1879
210668, 1879
88045, 1878
180004, 1878
157698, 1876
83177, 1875
245345, 1873
263961, 1871
118390, 1870
158565, 1870
239834, 1870
252556, 1870
292046, 1870
169264, 1865
266447, 1862
240556, 1856
158846, 1851
178326, 1851
269779, 1851
282871, 1851
59565, 1847
86555, 1847
66166, 1844
66896, 1844
69597, 1844
100174, 1844
117463, 1844
110823, 1843
136999, 1843
187022, 1843
209807, 1843
225662, 1843
238389, 1843
278409, 1843
293344, 1843
119034, 1838
126700, 1837
204489, 1837
80405, 1834
279847, 1834
29485, 1829
53888, 1829
58559, 1829
82559, 1829
86420, 1829
94364, 1829
139188, 1829
158635, 1829
178318, 1829
218754, 1829
244701, 1829
252289, 1829
107274, 1828
262585, 1828
231467, 1827
83330, 1822
149030, 1822
223500, 1822
233711, 1817
165400, 1816
236556, 1816
174058, 1814
93006, 1813
67661, 1808
72598, 1808
90796, 1808
106173, 1808
171208, 1808
75447, 1806
232365, 1806
279554, 1805
80322, 1804
34334, 1802
58682, 1802
88706, 1802
123492, 1802
135244, 1802
160858, 1802
223565, 1802
279656, 1802
296061, 1802
180829, 1797
58623, 1796
165096, 1793
143777, 1792
189510, 1792
217395, 1792
86135, 1791
155068, 1788
79898, 1783
200745, 1783
40470, 1776
212963, 1776
56001, 1775
128384, 1775
189735, 1775
266698, 1775
291491, 1775
191696, 1767
75276, 1763
112852, 1763
206449, 1763
210258, 1763
152592, 1760
164079, 1760
208386, 1760
267537, 1760
287550, 1760
35963, 1759
40317, 1759
67384, 1756
74672, 1756
210837, 1756
236534, 1756
255229, 1756
273097, 1753
58982, 1744
68162, 1744
23983, 1743
120346, 1743
169420, 1743
191583, 1743
197335, 1743
83732, 1742
27111, 1735
69191, 1735
152075, 1735
155236, 1735
267763, 1735
272840, 1735
274521, 1735
279802, 1735
274660, 1726
288031, 1726
295018, 1726
78718, 1722
91750, 1722
101351, 1722
134178, 1722
204729, 1722
227468, 1719
213671, 1717
235615, 1717
47883, 1714
186136, 1708
137826, 1707
147849, 1707
93604, 1703
47157, 1702
80088, 1697
86061, 1697
141906, 1697
256906, 1690
68999, 1686
94093, 1686
149872, 1681
103340, 1680
186114, 1679
241452, 1679
252283, 1679
269471, 1679
289909, 1679
150664, 1677
171041, 1677
296171, 1677
200177, 1675
159364, 1669
211958, 1667
218822, 1667
52591, 1666
131685, 1666
133577, 1666
159197, 1666
228213, 1666
295754, 1666
246819, 1664
252273, 1664
271941, 1661
246386, 1659
44678, 1654
125909, 1654
149291, 1654
179250, 1654
185546, 1654
198947, 1654
201992, 1654
219380, 1654
241678, 1654
251724, 1654
253592, 1654
264423, 1654
270874, 1654
284290, 1654
188510, 1653
24565, 1651
772, 1648
93047, 1648
132637, 1648
139126, 1648
171935, 1648
263158, 1648
268905, 1648
283736, 1648
242582, 1646
75830, 1645
125420, 1645
136069, 1645
143534, 1645
152213, 1645
163280, 1645
166996, 1645
170371, 1645
174210, 1645
281469, 1645
29240, 1638
130526, 1638
157184, 1638
194040, 1638
244257, 1638
293386, 1638
166576, 1636
199663, 1636
202712, 1636
228720, 1636
248799, 1636
271781, 1636
88084, 1635
152244, 1635
193726, 1635
237715, 1635
162756, 1634
256547, 1634
294026, 1634
201878, 1633
222709, 1632
30985, 1631
69181, 1631
71518, 1631
79655, 1631
94788, 1631
102142, 1631
103132, 1631
125564, 1631
130028, 1631
146008, 1631
146949, 1631
185962, 1631
196337, 1631
209009, 1631
210081, 1631
255363, 1631
279700, 1631
41489, 1629
111574, 1629
76992, 1628
88780, 1627
260274, 1627
274844, 1627
53918, 1622
73061, 1622
146587, 1622
168452, 1622
170917, 1622
187057, 1622
193156, 1622
209034, 1622
211161, 1622
219746, 1622
246439, 1622
275167, 1622
285008, 1622
63475, 1621
98049, 1621
99443, 1621
162922, 1621
164577, 1621
178604, 1621
230288, 1621
202635, 1620
266507, 1620
194163, 1617
208881, 1617
221271, 1617
239238, 1617
146261, 1615
148151, 1615
146283, 1612
74940, 1611
87598, 1611
172656, 1611
191634, 1611
194353, 1611
213940, 1611
221230, 1611
250903, 1611
254466, 1611
273188, 1611
274426, 1611
280196, 1611
19966, 1610
149615, 1610
87261, 1608
156408, 1608
137887, 1599
163132, 1599
72076, 1597
153322, 1597
181444, 1597
216912, 1597
77731, 1595
135626, 1595
142801, 1595
159416, 1595
238615, 1595
257737, 1595
261731, 1595
265080, 1595
82402, 1593
226791, 1592
250558, 1592
275403, 1592
293542, 1592
182334, 1590
23156, 1589
76124, 1589
119223, 1589
137364, 1589
184708, 1589
250353, 1589
154422, 1582
147908, 1581
110182, 1577
48346, 1576
52803, 1576
67110, 1576
126825, 1576
160978, 1576
184893, 1576
60309, 1574
209964, 1573
131212, 1570
215020, 1570
47427, 1569
211244, 1569
19093, 1568
51367, 1568
56871, 1568
61229, 1568
204711, 1568
275090, 1568
26667, 1566
80935, 1566
83083, 1566
130982, 1566
229904, 1566
266862, 1566
119975, 1563
166560, 1563
188192, 1563
201252, 1563
242857, 1563
167491, 1560
180133, 1560
209105, 1560
232189, 1560
250150, 1560
138527, 1559
138674, 1559
258569, 1559
212265, 1558
267308, 1558
57956, 1557
217802, 1557
64481, 1556
70846, 1556
92936, 1556
237221, 1556
275223, 1556
289407, 1556
214361, 1553
253250, 1553
255197, 1553
281754, 1553
291882, 1553
295918, 1553
120660, 1552
180529, 1552
232627, 1552
75022, 1551
201857, 1551
203396, 1551
245717, 1551
277853, 1551
57117, 1550
60414, 1550
84378, 1549
100422, 1549
219154, 1549
266571, 1549
114566, 1548
116663, 1548
151198, 1548
171902, 1548
218676, 1548
232596, 1548
258485, 1548
58014, 1547
221567, 1547
289245, 1547
50271, 1545
73342, 1545
111418, 1545
135103, 1545
241984, 1545
251702, 1545
276573, 1545
278499, 1545
67416, 1544
151191, 1544
237735, 1543
253434, 1542
21216, 1539
49847, 1539
140544, 1539
177551, 1539
240278, 1539
267282, 1539
51956, 1538
224708, 1538
44993, 1537
74233, 1537
147080, 1537
207612, 1537
259941, 1537
269240, 1537
18924, 1534
127566, 1534
220365, 1534
243282, 1534
67834, 1533
269602, 1533
27681, 1532
61889, 1532
69766, 1532
247111, 1532
254602, 1531
40566, 1530
102796, 1530
115509, 1530
118270, 1530
149417, 1530
181369, 1530
83626, 1529
143269, 1529
145770, 1529
151899, 1529
197746, 1529
222963, 1529
257701, 1529
33987, 1528
58487, 1528
194241, 1528
244993, 1528
59916, 1527
96326, 1527
177670, 1527
235596, 1527
39671, 1526
49525, 1526
78339, 1526
95720, 1526
96953, 1526
101909, 1526
123067, 1526
126598, 1526
149435, 1526
180527, 1526
191675, 1526
239513, 1526
48989, 1525
67031, 1525
195772, 1525
211902, 1525
231107, 1525
120467, 1523
136979, 1522
177917, 1522
224253, 1522
16638, 1518
26219, 1518
31489, 1518
37069, 1518
44236, 1518
64209, 1518
68591, 1518
118798, 1518
123675, 1518
138171, 1518
176191, 1518
186319, 1518
201486, 1518
203734, 1518
228807, 1518
239106, 1518
278777, 1518
21678, 1517
63784, 1517
57438, 1515
221026, 1514
127208, 1513
234538, 1512
270424, 1512
67641, 1510
154762, 1510
176084, 1510
225740, 1510
257916, 1510
260161, 1510
289009, 1510
291749, 1510
45018, 1508
51271, 1508
98089, 1508
264216, 1508
222774, 1507
253369, 1507
44978, 1506
269946, 1506
238540, 1505
102045, 1504
123952, 1504
127338, 1504
284040, 1503
108273, 1501
288492, 1501
29285, 1500
30307, 1500
57511, 1500
94465, 1500
106220, 1500
142618, 1500
167530, 1500
168101, 1500
218807, 1500
259251, 1500
147792, 1498
194816, 1498
97059, 1497
131453, 1497
171332, 1497
135147, 1496
214539, 1496
223944, 1496
238242, 1496
276820, 1496
95054, 1495
235559, 1494
44567, 1493
71926, 1493
190990, 1493
85042, 1492
262598, 1492
271112, 1492
162732, 1491
280468, 1491
270630, 1490
94363, 1489
253974, 1483
136321, 1481
161828, 1481
171767, 1481
215486, 1481
246376, 1481
175268, 1479
177047, 1479
275380, 1478
290667, 1478
144375, 1477
65088, 1476
165968, 1476
188718, 1476
219509, 1476
221434, 1476
268919, 1476
81176, 1475
158868, 1475
255003, 1475
44146, 1473
110996, 1472
160989, 1472
25731, 1470
111606, 1470
145941, 1470
175756, 1470
225136, 1470
272549, 1470
73464, 1469
141242, 1469
174604, 1468
246082, 1468
46260, 1462
109068, 1461
202988, 1461
155294, 1459
228536, 1459
122044, 1458
162890, 1458
258704, 1458
232939, 1457
240865, 1457
241852, 1457
131166, 1456
145868, 1455
220385, 1455
220986, 1455
275965, 1455
152250, 1454
246892, 1454
19585, 1453
156948, 1453
218705, 1453
279902, 1453
206643, 1452
37888, 1451
85868, 1451
175373, 1451
141458, 1449
288700, 1447
64297, 1446
160608, 1446
195331, 1446
206442, 1446
70162, 1444
161085, 1444
272511, 1444
54582, 1443
222336, 1442
120704, 1441
244317, 1441
92348, 1439
161791, 1439
185302, 1439
204105, 1439
165337, 1434
155328, 1433
257323, 1433
134927, 1432
242666, 1432
261871, 1432
85940, 1431
129369, 1430
154513, 1430
84291, 1428
107235, 1428
278889, 1428
260456, 1426
282661, 1426
251482, 1425
23404, 1424
61605, 1424
169934, 1424
61623, 1423
88295, 1423
158938, 1423
169553, 1423
206171, 1423
238131, 1423
204330, 1422
243300, 1422
257947, 1422
292317, 1422
156992, 1421
193566, 1421
287942, 1419
154488, 1418
240174, 1418
248100, 1418
257882, 1418
80690, 1413
255708, 1412
227594, 1409
253425, 1409
56321, 1408
89035, 1408
198199, 1408
221552, 1408
164059, 1407
94079, 1406
96845, 1406
106322, 1406
119372, 1406
120496, 1406
136343, 1406
158912, 1406
159067, 1406
160781, 1406
201620, 1406
215862, 1406
216277, 1406
248291, 1406
259841, 1406
267549, 1406
272666, 1406
126304, 1405
135996, 1405
148342, 1404
231420, 1404
169840, 1403
184008, 1403
185050, 1403
250332, 1403
256995, 1403
134818, 1402
122692, 1401
186053, 1401
61074, 1400
192739, 1400
235138, 1400
280066, 1400
135587, 1399
199674, 1399
207333, 1399
216553, 1399
227696, 1398
117877, 1397
119402, 1397
145759, 1397
145965, 1397
152897, 1397
211835, 1397
257730, 1397
268168, 1397
288891, 1397
295799, 1397
184971, 1396
253337, 1396
270625, 1396
90450, 1395
62855, 1394
281684, 1394
226989, 1393
258748, 1393
111818, 1392
148839, 1392
75674, 1391
257035, 1391
275769, 1391
262415, 1389
57447, 1388
108533, 1387
116362, 1387
159955, 1387
162761, 1387
173827, 1387
175881, 1387
241908, 1387
7584, 1386
83989, 1386
120128, 1386
123964, 1386
130890, 1386
142240, 1386
149189, 1386
162255, 1386
172107, 1386
172697, 1386
190699, 1386
206815, 1386
209705, 1386
229884, 1386
232701, 1386
232760, 1386
245968, 1386
250257, 1386
261611, 1386
266993, 1386
279951, 1386
281672, 1386
291642, 1386
68497, 1385
144633, 1385
195615, 1385
224754, 1385
231834, 1385
244528, 1385
283300, 1385
9597, 1384
25826, 1384
42024, 1384
56093, 1384
80581, 1384
83794, 1384
103352, 1384
112813, 1384
114594, 1384
126114, 1384
131235, 1384
132008, 1384
134466, 1384
134651, 1384
163802, 1384
174771, 1384
178614, 1384
179325, 1384
180409, 1384
189447, 1384
193136, 1384
196832, 1384
197100, 1384
197933, 1384
197952, 1384
201405, 1384
202872, 1384
208837, 1384
210390, 1384
212159, 1384
215499, 1384
228046, 1384
229023, 1384
237172, 1384
239345, 1384
239443, 1384
240830, 1384
241579, 1384
242922, 1384
245896, 1384
246408, 1384
253134, 1384
255286, 1384
255956, 1384
258009, 1384
259282, 1384
259326, 1384
263033, 1384
274815, 1384
281057, 1384
285255, 1384
293025, 1384
293106, 1384
7874, 1383
60610, 1382
137242, 1382
213328, 1382
294584, 1382
51965, 1381
104585, 1381
138832, 1381
148404, 1381
248755, 1381
249534, 1381
252388, 1381
256718, 1381
265623, 1381
286506, 1381
103879, 1380
260915, 1380
295863, 1380
164878, 1379
227252, 1379
93128, 1376
141657, 1376
220070, 1376
59841, 1375
75646, 1375
92933, 1375
168368, 1375
188884, 1375
267012, 1375
235341, 1374
130846, 1373
141547, 1373
147872, 1373
165214, 1373
94006, 1372
118913, 1372
121884, 1372
139793, 1372
150614, 1372
156537, 1372
168444, 1372
194386, 1372
231686, 1372
232873, 1372
256094, 1372
115727, 1371
242916, 1371
277592, 1371
120202, 1370
161744, 1370
215160, 1370
216517, 1370
224269, 1370
35760, 1369
42835, 1369
70131, 1369
112466, 1369
130942, 1369
152460, 1369
159929, 1369
208447, 1369
251512, 1369
86798, 1368
220870, 1368
98195, 1367
187386, 1367
194510, 1367
88531, 1366
199856, 1366
203917, 1366
206084, 1366
220017, 1366
40924, 1365
58328, 1365
62527, 1365
65981, 1365
82890, 1365
95750, 1365
104622, 1365
106099, 1365
114166, 1365
115849, 1365
124427, 1365
128405, 1365
129860, 1365
134095, 1365
137088, 1365
156299, 1365
157094, 1365
161355, 1365
163352, 1365
195142, 1365
195144, 1365
197743, 1365
198353, 1365
221069, 1365
269694, 1365
275957, 1365
35329, 1364
253506, 1364
280129, 1364
215787, 1363
259998, 1363
267202, 1363
51992, 1362
56464, 1362
279905, 1362
33661, 1360
113687, 1360
116219, 1360
116547, 1360
117573, 1360
126278, 1360
129848, 1360
131308, 1360
133851, 1360
138363, 1360
151230, 1360
163308, 1360
169351, 1360
209994, 1360
214688, 1360
230753, 1360
231583, 1360
232272, 1360
252003, 1360
258331, 1360
262699, 1360
267889, 1360
52848, 1359
264578, 1359
132666, 1358
270079, 1358
22210, 1357
35921, 1357
96225, 1357
106002, 1357
114872, 1357
118033, 1357
123364, 1357
124068, 1357
159109, 1357
163899, 1357
166650, 1357
169742, 1357
170061, 1357
175900, 1357
176621, 1357
187728, 1357
195876, 1357
197292, 1357
198076, 1357
199411, 1357
207047, 1357
207168, 1357
213130, 1357
213687, 1357
214650, 1357
217090, 1357
219315, 1357
219439, 1357
220982, 1357
229615, 1357
234583, 1357
241189, 1357
242166, 1357
242403, 1357
244996, 1357
246050, 1357
248212, 1357
248865, 1357
249185, 1357
252506, 1357
253686, 1357
255434, 1357
255684, 1357
258423, 1357
259178, 1357
260240, 1357
264847, 1357
267525, 1357
271248, 1357
273001, 1357
276721, 1357
281450, 1357
283500, 1357
285088, 1357
285439, 1357
286086, 1357
286693, 1357
295683, 1357
296383, 1357
296394, 1357
237411, 1356
289780, 1355
38312, 1353
134468, 1353
151900, 1353
171855, 1353
203897, 1353
28697, 1350
34364, 1350
40393, 1350
47770, 1350
47969, 1350
48467, 1350
50458, 1350
52712, 1350
60715, 1350
71450, 1350
73949, 1350
75467, 1350
80158, 1350
90050, 1350
93186, 1350
119403, 1350
121656, 1350
138525, 1350
179046, 1350
182463, 1350
188687, 1350
213733, 1350
263386, 1350
264170, 1350
38776, 1349
75985, 1349
169332, 1348
169439, 1348
250455, 1348
92276, 1347
100635, 1347
121405, 1347
163012, 1347
274502, 1347
50218, 1345
80887, 1345
82928, 1345
84145, 1345
84674, 1345
114917, 1345
150073, 1345
161320, 1345
226926, 1345
265257, 1345
269360, 1345
77782, 1344
89311, 1344
131879, 1344
138205, 1344
191369, 1344
283967, 1344
118862, 1343
220421, 1343
36092, 1342
58871, 1342
108176, 1342
109673, 1342
127963, 1342
131206, 1342
144559, 1342
189363, 1342
210933, 1342
37902, 1341
75637, 1341
107926, 1341
120462, 1341
165576, 1341
220602, 1341
240583, 1341
241744, 1341
270927, 1341
43013, 1340
203716, 1340
59469, 1339
89372, 1339
130963, 1339
162487, 1339
162595, 1339
179017, 1339
180794, 1339
253719, 1339
115547, 1338
118238, 1338
227333, 1338
231138, 1338
134656, 1337
148083, 1336
189655, 1336
218880, 1336
255009, 1336
263657, 1336
284814, 1336
10302, 1334
46163, 1334
62648, 1334
88245, 1334
115038, 1334
115043, 1334
122925, 1334
125889, 1334
135824, 1334
152042, 1334
153502, 1334
160794, 1334
173750, 1334
194792, 1334
200872, 1334
218268, 1334
222052, 1334
224654, 1334
228560, 1334
248675, 1334
256440, 1334
284316, 1334
155575, 1333
159861, 1332
170174, 1332
152189, 1331
164663, 1331
227287, 1331
280112, 1331
34218, 1330
57466, 1330
73875, 1330
99226, 1330
109589, 1330
119477, 1330
121315, 1330
130510, 1330
141220, 1330
147187, 1330
159914, 1330
163000, 1330
171634, 1330
171754, 1330
180393, 1330
193341, 1330
196192, 1330
200407, 1330
214472, 1330
222925, 1330
226362, 1330
236168, 1330
246940, 1330
251803, 1330
275892, 1330
277121, 1330
160403, 1329
167936, 1329
190857, 1329
89807, 1328
94047, 1328
119133, 1328
119706, 1328
128666, 1328
135008, 1328
140811, 1328
221809, 1328
223743, 1328
258668, 1328
262363, 1328
279211, 1328
7416, 1327
7616, 1327
41797, 1327
54827, 1327
67510, 1327
80786, 1327
98017, 1327
146456, 1327
222051, 1327
244789, 1327
281368, 1327
67511, 1326
81649, 1326
166523, 1326
201016, 1326
59948, 1325
69804, 1325
84832, 1325
112338, 1325
119282, 1325
157186, 1325
157732, 1325
186547, 1325
193400, 1325
226726, 1325
87131, 1324
92043, 1324
109607, 1324
129175, 1324
129607, 1324
176690, 1324
201786, 1324
233626, 1324
95441, 1323
102807, 1323
158798, 1323
172236, 1323
189251, 1323
234294, 1323
287588, 1323
293511, 1323
103602, 1322
152190, 1322
33239, 1321
46209, 1321
68349, 1321
87550, 1321
155312, 1321
164982, 1321
166490, 1321
199416, 1321
225968, 1321
242961, 1321
256018, 1321
269922, 1321
278876, 1321
284596, 1321
176269, 1320
181365, 1320
67162, 1318
251937, 1318
273744, 1318
282753, 1318
258341, 1317
9866, 1316
60059, 1316
155642, 1316
221280, 1316
73865, 1315
187949, 1315
188451, 1315
194656, 1315
221608, 1315
259588, 1315
284708, 1315
52644, 1314
70129, 1314
72689, 1314
73258, 1314
81094, 1314
95592, 1314
124183, 1314
126931, 1314
129493, 1314
147325, 1314
184084, 1314
210012, 1314
221632, 1314
226998, 1314
227102, 1314
230180, 1314
255057, 1314
259854, 1314
145439, 1313
258030, 1313
49288, 1312
210239, 1312
214732, 1312
282413, 1312
292044, 1312
135472, 1311
217076, 1311
225104, 1311
269358, 1311
59523, 1310
153274, 1310
154614, 1310
155814, 1310
157920, 1310
178686, 1310
181852, 1310
197519, 1310
201639, 1310
218351, 1310
244987, 1310
245799, 1310
256755, 1310
290663, 1310
252680, 1308
179331, 1307
253901, 1307
75817, 1306
143938, 1306
210890, 1306
221214, 1306
238058, 1306
258269, 1306
258450, 1306
60758, 1305
66894, 1304
71936, 1304
77254, 1304
92691, 1304
97266, 1304
104104, 1304
105863, 1304
108657, 1304
113498, 1304
120450, 1304
124286, 1304
139990, 1304
148724, 1304
156360, 1304
167337, 1304
167642, 1304
172972, 1304
176279, 1304
177731, 1304
178498, 1304
188493, 1304
193839, 1304
194252, 1304
202296, 1304
212604, 1304
214571, 1304
228483, 1304
237834, 1304
243237, 1304
252504, 1304
263977, 1304
265655, 1304
268346, 1304
277018, 1304
283611, 1304
289507, 1304
17278, 1303
184948, 1303
239420, 1303
167061, 1302
178072, 1302
185923, 1302
201470, 1302
204401, 1302
214782, 1302
214804, 1302
244817, 1302
249627, 1302
277026, 1302
121998, 1301
133678, 1301
164240, 1301
182913, 1301
187148, 1301
241991, 1301
45248, 1300
61733, 1300
80187, 1300
96020, 1300
105055, 1300
129912, 1300
153688, 1300
157424, 1300
141021, 1299
155579, 1299
172606, 1299
183229, 1299
292954, 1299
19639, 1298
247479, 1298
67749, 1296
87576, 1296
142979, 1296
157853, 1296
158535, 1296
201573, 1296
211692, 1296
214516, 1296
215839, 1296
240733, 1296
13115, 1295
27364, 1295
68824, 1295
81272, 1295
103834, 1295
107192, 1295
146631, 1295
170130, 1295
170941, 1295
171135, 1295
191146, 1295
215885, 1295
230229, 1295
242754, 1295
276971, 1295
279277, 1295
288649, 1295
289045, 1295
289099, 1295
292555, 1295
46352, 1294
61954, 1294
129689, 1294
139469, 1294
144657, 1294
94713, 1293
150599, 1293
155693, 1293
172208, 1293
192135, 1293
199353, 1293
201633, 1293
221020, 1293
249515, 1293
249817, 1293
62759, 1292
130170, 1292
155878, 1292
163056, 1292
167786, 1292
219146, 1292
232672, 1292
246867, 1292
252781, 1292
275782, 1292
286608, 1292
206862, 1291
232898, 1291
240688, 1291
140308, 1290
213266, 1290
62171, 1289
178835, 1289
214421, 1289
264699, 1289
88059, 1288
124612, 1288
179437, 1288
82582, 1287
144027, 1287
169534, 1287
211345, 1287
278611, 1287
280794, 1287
10253, 1286
29729, 1286
43430, 1286
48766, 1286
54908, 1286
64312, 1286
65817, 1286
85004, 1286
86773, 1286
94585, 1286
110628, 1286
110778, 1286
127264, 1286
152680, 1286
159735, 1286
174350, 1286
188073, 1286
204460, 1286
233492, 1286
254989, 1286
66102, 1285
94829, 1285
98253, 1285
106922, 1285
165792, 1285
176871, 1285
210710, 1285
232577, 1285
236129, 1285
27500, 1284
53967, 1284
58683, 1284
131658, 1284
136067, 1284
161136, 1284
170238, 1284
175891, 1284
176532, 1284
181143, 1284
183925, 1284
194931, 1284
196232, 1284
226318, 1284
235542, 1284
237495, 1284
238075, 1284
244329, 1284
254674, 1284
258594, 1284
267890, 1284
291192, 1284
133478, 1283
268360, 1283
270066, 1283
280082, 1283
288505, 1283
54287, 1282
70681, 1282
88551, 1282
95575, 1282
113566, 1282
119541, 1282
138733, 1282
152530, 1282
158338, 1282
207468, 1282
213866, 1282
257400, 1282
139047, 1280
160060, 1280
177097, 1280
194847, 1280
197313, 1280
206607, 1280
210149, 1280
220572, 1280
233180, 1280
240112, 1280
265294, 1280
280125, 1280
288030, 1280
294913, 1280
79489, 1278
156870, 1278
289918, 1278
208267, 1277
139309, 1276
290764, 1276
89188, 1275
101210, 1275
132296, 1275
180795, 1275
188417, 1275
205045, 1275
206528, 1275
239051, 1275
242334, 1275
252322, 1275
254080, 1275
285831, 1275
292568, 1275
66207, 1274
152374, 1274
206213, 1274
60013, 1273
64620, 1273
73232, 1273
93678, 1273
101677, 1273
102556, 1273
118722, 1273
145274, 1273
165286, 1273
178313, 1273
74891, 1272
95946, 1272
169762, 1272
220458, 1272
272835, 1272
128410, 1271
202855, 1271
213715, 1271
230886, 1271
247472, 1271
229682, 1270
70300, 1269
159447, 1269
183017, 1269
202349, 1269
215460, 1269
283745, 1269
33086, 1268
231997, 1268
254781, 1268
256948, 1268
263616, 1268
265618, 1268
286806, 1268
123409, 1267
139675, 1267
174112, 1267
174547, 1267
232217, 1267
255270, 1267
279601, 1267
292226, 1267
133172, 1266
236946, 1266
102748, 1265
107875, 1265
124354, 1265
144783, 1265
183600, 1265
183848, 1265
204825, 1265
205807, 1265
267946, 1265
49418, 1264
75647, 1264
119874, 1264
124847, 1264
128259, 1264
161821, 1264
171265, 1264
195572, 1264
209440, 1264
217112, 1264
229694, 1264
248972, 1264
26328, 1263
62038, 1263
94919, 1263
114093, 1263
132463, 1263
136010, 1263
169641, 1263
195594, 1263
237134, 1263
248830, 1263
252207, 1263
259197, 1263
261037, 1263
270080, 1263
112975, 1262
251506, 1262
41686, 1261
141324, 1261
163804, 1261
170987, 1261
181719, 1260
188808, 1260
137296, 1259
165202, 1259
231478, 1259
288658, 1259
46523, 1258
175850, 1258
220898, 1258
67833, 1257
81431, 1257
104247, 1257
130720, 1257
131620, 1257
141687, 1257
161090, 1257
163449, 1257
232554, 1257
255026, 1257
263481, 1257
275087, 1257
214851, 1256
253837, 1256
55759, 1255
69465, 1255
96618, 1255
102595, 1255
136486, 1255
273384, 1255
294063, 1255
212183, 1254
244259, 1254
59771, 1253
105783, 1253
116044, 1253
131339, 1253
93325, 1252
156144, 1252
240816, 1252
263907, 1252
286042, 1252
240711, 1251
222399, 1250
267005, 1250
251054, 1249
254241, 1249
33653, 1248
91717, 1248
156944, 1248
169191, 1248
174740, 1248
175306, 1248
190068, 1248
217388, 1248
226292, 1248
257115, 1248
82000, 1247
104089, 1247
119602, 1247
125231, 1247
153535, 1247
165300, 1247
185080, 1247
227229, 1247
267870, 1247
106394, 1246
133514, 1246
205552, 1246
233133, 1246
87241, 1244
85887, 1243
73809, 1241
85734, 1241
248669, 1241
252879, 1241
56153, 1239
103675, 1239
211119, 1239
287672, 1239
70660, 1238
92836, 1238
105840, 1238
258565, 1238
264989, 1238
283487, 1238
92782, 1237
71999, 1235
127882, 1235
134287, 1235
135829, 1235
161865, 1235
179203, 1235
202250, 1235
261413, 1235
21102, 1234
70686, 1234
29789, 1233
39815, 1233
137916, 1233
171017, 1233
177804, 1233
201803, 1233
208331, 1233
232214, 1233
267638, 1233
292835, 1233
149265, 1232
216887, 1232
285833, 1232
51243, 1231
71283, 1231
78397, 1231
124328, 1231
141850, 1231
188064, 1231
227237, 1231
240160, 1231
266787, 1231
288215, 1231
264552, 1230
170177, 1229
178567, 1229
40904, 1228
89565, 1228
97991, 1227
149730, 1227
138433, 1226
225521, 1226
203624, 1225
46481, 1224
115017, 1224
162801, 1224
222707, 1224
223321, 1224
238559, 1224
253610, 1224
266648, 1224
258886, 1223
221987, 1222
78349, 1221
116072, 1221
129961, 1221
137568, 1221
223785, 1220
271489, 1220
78505, 1219
136137, 1219
164453, 1219
166580, 1219
189218, 1218
207414, 1218
209326, 1218
220229, 1218
237209, 1218
241849, 1218
86152, 1217
117580, 1217
127449, 1217
260317, 1217
274365, 1217
187593, 1216
220639, 1216
280146, 1216
295856, 1216
167165, 1215
81625, 1214
110300, 1213
142896, 1213
177442, 1213
201899, 1212
210215, 1212
225196, 1212
228462, 1212
237273, 1212
244408, 1212
280492, 1212
226033, 1211
4872, 1210
115475, 1210
150586, 1210
165786, 1210
248450, 1210
210517, 1209
74972, 1208
95609, 1208
106456, 1208
106545, 1208
115382, 1208
117069, 1208
143687, 1208
174779, 1208
217574, 1208
221912, 1208
249713, 1208
262425, 1208
195009, 1207
216128, 1206
219537, 1206
61515, 1203
94994, 1203
95513, 1203
162382, 1203
227176, 1203
162048, 1202
199573, 1202
254706, 1202
46565, 1200
53699, 1200
71411, 1200
84581, 1200
84638, 1200
92569, 1200
115313, 1200
115565, 1200
138253, 1200
141511, 1200
144151, 1200
146832, 1200
150433, 1200
157755, 1200
196393, 1200
203739, 1200
205383, 1200
221174, 1200
228868, 1200
235858, 1200
238887, 1200
259352, 1200
271717, 1200
274990, 1200
279774, 1200
280456, 1200
25136, 1199
45152, 1199
243028, 1199
279922, 1199
8674, 1197
123237, 1197
128447, 1197
136089, 1197
136383, 1197
143348, 1197
286269, 1197
295111, 1197
145201, 1196
164190, 1196
262207, 1196
42840, 1195
60450, 1195
121734, 1195
127827, 1195
241134, 1195
256175, 1195
268266, 1195
281251, 1195
130188, 1194
64846, 1193
114979, 1193
170697, 1193
210771, 1193
47309, 1192
124504, 1192
134461, 1192
154603, 1192
158294, 1192
158557, 1192
170060, 1192
173448, 1192
174542, 1192
194858, 1192
202355, 1192
202816, 1192
209762, 1192
213380, 1192
214089, 1192
214497, 1192
218487, 1192
270579, 1192
270802, 1192
271777, 1192
282764, 1192
60524, 1191
101736, 1191
195436, 1191
230975, 1191
39547, 1190
193835, 1190
283712, 1190
102838, 1189
203470, 1189
132225, 1188
140391, 1188
232607, 1188
242416, 1188
53207, 1187
58823, 1186
96980, 1186
250489, 1186
31712, 1185
91287, 1185
94834, 1185
110520, 1185
140564, 1185
158926, 1185
175164, 1185
175849, 1185
207038, 1185
207584, 1185
210277, 1185
211378, 1185
212069, 1185
217438, 1185
247500, 1185
273252, 1185
274232, 1185
274800, 1185
292921, 1185
123922, 1184
210628, 1184
87372, 1183
131813, 1183
215418, 1183
249353, 1183
292780, 1183
228945, 1182
229914, 1182
13034, 1181
147540, 1181
165906, 1181
175693, 1181
224870, 1181
240442, 1181
252065, 1181
263165, 1181
269300, 1181
280222, 1181
287795, 1181
288848, 1181
85450, 1180
165428, 1180
249743, 1180
50856, 1179
76298, 1179
79355, 1179
99626, 1179
102502, 1179
118149, 1179
124979, 1179
129967, 1179
165642, 1179
169985, 1179
175174, 1179
177660, 1179
193200, 1179
202508, 1179
265395, 1179
269252, 1179
41992, 1178
66927, 1178
147148, 1178
262610, 1178
296516, 1178
39232, 1177
107198, 1177
172433, 1177
201572, 1177
206775, 1177
289428, 1177
95073, 1176
138669, 1176
139911, 1176
154298, 1176
155399, 1176
159503, 1176
175322, 1176
214935, 1176
252551, 1176
274065, 1176
236420, 1175
277788, 1175
264597, 1174
63630, 1173
70220, 1173
41705, 1170
103173, 1170
196617, 1170
278974, 1170
286396, 1170
28082, 1168
55635, 1168
211753, 1168
220275, 1168
242094, 1168
265896, 1168
273544, 1168
294507, 1168
177796, 1167
181503, 1167
218675, 1167
221996, 1166
287232, 1166
153342, 1165
292681, 1165
175155, 1164
186535, 1164
286507, 1164
42034, 1163
126868, 1163
154122, 1163
177723, 1163
187091, 1163
263514, 1163
281615, 1163
286957, 1163
292979, 1163
15335, 1162
76113, 1162
88031, 1162
91040, 1162
124574, 1162
126468, 1162
128152, 1162
160262, 1162
163912, 1162
207527, 1162
218535, 1162
228837, 1162
229875, 1162
241058, 1162
250654, 1162
253296, 1162
259402, 1162
269805, 1162
48508, 1160
87451, 1160
103486, 1160
157343, 1160
185184, 1160
191234, 1160
210373, 1160
258319, 1160
259719, 1160
267329, 1160
279920, 1160
43294, 1159
51782, 1159
78367, 1159
133598, 1159
145512, 1159
176489, 1159
186350, 1159
188021, 1159
188726, 1159
193247, 1159
194757, 1159
198685, 1159
211314, 1159
211853, 1159
259926, 1159
273099, 1159
276201, 1159
293761, 1159
295040, 1159
26144, 1158
81327, 1158
176466, 1158
223063, 1158
282618, 1158
133232, 1157
210673, 1157
244184, 1157
286686, 1157
97467, 1156
198755, 1156
15908, 1155
181470, 1155
213841, 1155
215067, 1155
224539, 1155
235181, 1155
245420, 1155
115825, 1154
51413, 1153
154551, 1153
111847, 1152
91574, 1151
108943, 1151
121044, 1151
140063, 1151
183835, 1151
232827, 1151
262044, 1151
281250, 1151
284365, 1151
295869, 1151
43984, 1150
170804, 1150
175475, 1150
266771, 1150
281930, 1149
12370, 1147
63325, 1147
147227, 1147
147397, 1147
202196, 1147
222116, 1147
282543, 1147
53469, 1146
70810, 1146
140802, 1146
143558, 1146
186763, 1146
207197, 1146
223026, 1146
236720, 1146
258714, 1146
275464, 1146
284266, 1146
289924, 1146
100158, 1145
31168, 1144
38174, 1144
75254, 1144
99281, 1144
143342, 1144
155049, 1144
168713, 1144
186596, 1144
201779, 1144
208701, 1144
222363, 1144
229396, 1144
236872, 1144
246874, 1144
248842, 1144
249435, 1144
249937, 1144
274558, 1144
284352, 1144
295269, 1144
62284, 1142
165599, 1142
203945, 1142
229001, 1142
56394, 1141
78965, 1141
79928, 1141
103872, 1141
132555, 1141
135232, 1141
162618, 1141
178639, 1141
216233, 1141
244311, 1141
130256, 1139
191491, 1139
134292, 1138
214949, 1138
45458, 1137
148182, 1137
101296, 1135
216006, 1135
184348, 1134
232716, 1134
232805, 1134
279017, 1134
290210, 1134
99672, 1133
156468, 1133
65556, 1132
209848, 1132
258948, 1132
259394, 1132
265584, 1132
274765, 1132
42033, 1131
64305, 1131
84744, 1131
84797, 1131
90980, 1131
95576, 1131
179835, 1131
186488, 1131
251980, 1131
255343, 1131
273652, 1131
273990, 1131
277120, 1130
52691, 1129
86928, 1129
131031, 1129
137319, 1129
150179, 1129
166663, 1129
173780, 1129
185930, 1129
201235, 1129
204474, 1129
207139, 1129
217497, 1129
218963, 1129
229533, 1129
231194, 1129
237623, 1129
263097, 1129
272403, 1129
288438, 1129
70229, 1128
169518, 1128
170739, 1128
188533, 1128
239820, 1128
97956, 1127
203884, 1127
52132, 1126
55037, 1126
93847, 1126
105728, 1126
138146, 1126
146534, 1126
149501, 1126
166522, 1126
170482, 1126
177758, 1126
213808, 1126
223756, 1126
240577, 1126
161422, 1125
294850, 1125
140092, 1124
151952, 1124
155456, 1124
190209, 1124
216411, 1124
260970, 1124
295345, 1124
126562, 1123
168262, 1123
182879, 1123
188243, 1123
241566, 1123
272756, 1123
10194, 1122
120654, 1122
151241, 1122
153170, 1122
215145, 1122
225754, 1122
233125, 1122
245582, 1122
249556, 1122
250352, 1122
250809, 1122
131292, 1121
144696, 1121
171676, 1121
188044, 1121
226388, 1121
236112, 1121
249330, 1121
280286, 1120
24554, 1119
204519, 1119
276009, 1119
140680, 1118
158660, 1118
103203, 1117
114549, 1117
129182, 1117
215960, 1117
264569, 1117
86609, 1116
102644, 1116
127233, 1116
140109, 1116
164239, 1116
195667, 1116
273724, 1116
278440, 1116
278643, 1116
30604, 1115
62979, 1115
94603, 1115
116939, 1115
128760, 1115
136358, 1115
138173, 1115
139074, 1115
144078, 1115
178770, 1115
178793, 1115
189587, 1115
191361, 1115
202391, 1115
219979, 1115
223536, 1115
252909, 1115
280325, 1115
290954, 1115
95702, 1114
142160, 1113
199933, 1113
215491, 1113
252543, 1112
262453, 1112
117590, 1111
128602, 1111
132620, 1111
142428, 1111
204424, 1111
228703, 1111
230457, 1111
274989, 1111
59988, 1110
162466, 1110
182251, 1110
211832, 1110
260678, 1110
266530, 1110
281383, 1110
152636, 1109
240501, 1109
82946, 1108
87072, 1108
142709, 1108
203174, 1108
250551, 1108
273720, 1108
283255, 1108
292030, 1108
19851, 1107
48817, 1107
66329, 1107
86852, 1107
93354, 1107
126753, 1107
126910, 1107
128401, 1107
143335, 1107
204698, 1107
207176, 1107
221167, 1107
231493, 1107
238501, 1107
247997, 1107
252049, 1107
252891, 1107
292941, 1107
234437, 1106
236655, 1106
184066, 1105
187512, 1105
247427, 1105
289346, 1105
41072, 1104
82949, 1104
143541, 1104
161118, 1104
170142, 1104
227950, 1104
35138, 1103
123037, 1103
137375, 1103
149677, 1103
197264, 1103
199124, 1103
217879, 1103
224189, 1103
226152, 1103
233299, 1103
239890, 1103
248692, 1103
134909, 1102
222772, 1102
238208, 1102
250000, 1102
18709, 1100
24266, 1100
40178, 1100
40731, 1100
44646, 1100
56818, 1100
60417, 1100
120106, 1100
143331, 1100
149284, 1100
188085, 1100
190017, 1100
226466, 1100
228974, 1100
249144, 1100
266941, 1100
38194, 1098
275785, 1098
107736, 1097
114948, 1097
61173, 1096
197146, 1096
269867, 1096
76065, 1095
156752, 1095
204587, 1095
233433, 1095
95805, 1094
112848, 1093
233974, 1093
237479, 1093
175701, 1092
22200, 1091
60179, 1091
65326, 1091
69503, 1091
86028, 1091
92137, 1091
96623, 1091
122882, 1091
138444, 1091
162568, 1091
162939, 1091
172067, 1091
191914, 1091
206410, 1091
242832, 1091
271295, 1091
252576, 1090
2811, 1089
57704, 1089
99567, 1089
137421, 1089
185261, 1089
73392, 1088
80411, 1088
166884, 1088
194352, 1088
204015, 1088
243302, 1088
252674, 1088
255775, 1088
135888, 1087
137497, 1087
220822, 1087
226822, 1087
102547, 1086
106688, 1086
226521, 1086
231520, 1086
231964, 1085
267461, 1085
86014, 1084
198729, 1084
200072, 1084
204269, 1084
231335, 1084
238414, 1084
111096, 1082
226584, 1082
287695, 1082
295817, 1082
42155, 1081
204786, 1081
50879, 1080
80843, 1080
122116, 1080
143901, 1080
220112, 1080
223402, 1080
241413, 1080
73189, 1079
107772, 1079
122024, 1079
174713, 1079
267639, 1079
178491, 1078
137570, 1076
181180, 1076
209272, 1076
261407, 1076
275531, 1076
89910, 1075
121668, 1075
292874, 1075
91098, 1074
159474, 1074
241502, 1074
38293, 1073
125793, 1073
286247, 1072
119425, 1071
123007, 1071
182111, 1071
183094, 1071
130746, 1070
149624, 1069
239833, 1069
183061, 1068
193976, 1068
189095, 1067
124175, 1066
152165, 1066
181400, 1066
34130, 1065
109314, 1065
116429, 1065
165045, 1065
180373, 1065
200078, 1065
216632, 1065
222860, 1065
244466, 1065
264306, 1065
92805, 1064
159671, 1064
185472, 1064
191302, 1064
197999, 1064
200989, 1064
207124, 1064
252487, 1064
253050, 1064
64953, 1063
105226, 1063
118030, 1063
132506, 1063
138423, 1063
152990, 1063
165198, 1063
214238, 1063
214977, 1063
249433, 1063
254501, 1063
113790, 1062
126980, 1062
136154, 1062
148875, 1062
154658, 1062
161503, 1062
209986, 1062
223423, 1062
285354, 1062
31549, 1061
163869, 1061
166832, 1061
170318, 1061
192367, 1061
209002, 1061
253565, 1061
272355, 1061
16571, 1060
185996, 1060
60484, 1059
92629, 1059
103235, 1059
117810, 1059
142054, 1059
167036, 1059
210240, 1059
212649, 1059
240349, 1059
248477, 1059
276879, 1059
279501, 1059
163110, 1058
183569, 1058
213989, 1058
260946, 1058
292268, 1058
34063, 1057
174633, 1057
175612, 1057
217338, 1057
243292, 1057
55226, 1056
83698, 1056
155670, 1056
180398, 1056
187082, 1056
201689, 1056
220528, 1056
235225, 1056
263314, 1056
59721, 1055
98628, 1055
185462, 1055
92623, 1054
112603, 1054
125786, 1054
180087, 1054
184762, 1054
200073, 1054
201981, 1054
202138, 1054
213723, 1054
227132, 1054
228827, 1054
84987, 1053
101729, 1053
102351, 1053
105280, 1053
133515, 1053
139381, 1053
154814, 1053
185466, 1053
204995, 1053
211574, 1053
262848, 1053
271608, 1053
271700, 1053
283153, 1053
288183, 1053
292868, 1053
292872, 1053
295762, 1053
60743, 1052
75290, 1052
190098, 1052
232322, 1052
242208, 1052
182518, 1051
243020, 1051
218375, 1050
28237, 1049
113536, 1049
174866, 1049
183941, 1049
250095, 1049
273874, 1049
84437, 1048
106579, 1048
113136, 1048
126108, 1048
141268, 1048
164437, 1048
168145, 1048
233939, 1048
249988, 1048
286498, 1048
58986, 1045
76238, 1045
126367, 1045
199549, 1045
157466, 1044
194485, 1044
269616, 1044
279881, 1044
131186, 1042
132762, 1042
142280, 1042
151905, 1042
162430, 1042
181446, 1042
230508, 1042
240482, 1042
244239, 1042
246778, 1042
249842, 1042
283271, 1042
289642, 1042
291320, 1042
149591, 1041
42939, 1040
292430, 1040
98760, 1039
129216, 1039
147456, 1039
150711, 1039
152677, 1039
187975, 1039
190430, 1039
214940, 1039
267873, 1039
271940, 1039
132085, 1038
242147, 1038
247811, 1038
289089, 1038
82452, 1037
93438, 1037
177745, 1037
244983, 1037
267868, 1037
30000, 1035
72739, 1035
97344, 1035
103560, 1035
104112, 1035
151057, 1035
167829, 1035
175194, 1035
217529, 1035
219539, 1035
228276, 1035
233280, 1035
239519, 1035
291005, 1035
127357, 1034
256352, 1034
293302, 1034
294769, 1034
125894, 1033
131075, 1033
134239, 1033
138518, 1033
141191, 1033
147775, 1033
150629, 1033
156874, 1033
163197, 1033
181330, 1033
186241, 1033
188988, 1033
211660, 1033
212596, 1033
214174, 1033
216894, 1033
217983, 1033
268834, 1033
288393, 1033
34207, 1032
48290, 1032
53748, 1032
76966, 1032
87155, 1032
88339, 1032
98378, 1032
110061, 1032
119867, 1032
139263, 1032
160052, 1032
161247, 1032
170513, 1032
266569, 1032
271967, 1032
275573, 1032
237989, 1031
6531, 1030
11999, 1030
12351, 1030
121344, 1030
149136, 1030
158753, 1030
159843, 1030
198733, 1030
259132, 1030
266276, 1030
55227, 1029
272447, 1029
284188, 1029
82672, 1028
146811, 1028
265847, 1028
294657, 1028
115432, 1027
183364, 1027
227954, 1027
295383, 1027
14580, 1026
22035, 1026
28929, 1026
32141, 1026
36419, 1026
47867, 1026
50221, 1026
51564, 1026
60227, 1026
62395, 1026
63820, 1026
71217, 1026
73187, 1026
83895, 1026
85926, 1026
86395, 1026
94718, 1026
113083, 1026
123062, 1026
130392, 1026
131354, 1026
149522, 1026
153774, 1026
154399, 1026
160366, 1026
160847, 1026
160945, 1026
177184, 1026
178867, 1026
186583, 1026
220154, 1026
226618, 1026
234747, 1026
236836, 1026
248665, 1026
250126, 1026
253505, 1026
287859, 1026
66653, 1025
139782, 1025
167031, 1025
172464, 1025
173992, 1025
187686, 1025
192896, 1025
225978, 1025
254747, 1025
290646, 1025
132816, 1024
172811, 1024
175284, 1024
269546, 1024
272418, 1024
277273, 1024
36114, 1023
46616, 1023
70423, 1023
273743, 1023
274776, 1023
228634, 1022
279241, 1022
28588, 1021
84589, 1021
137640, 1021
44726, 1020
88513, 1020
144443, 1020
197203, 1020
214320, 1020
237441, 1020
246828, 1020
259324, 1020
285297, 1020
35745, 1019
96427, 1019
99358, 1019
232819, 1019
79294, 1018
89979, 1018
95746, 1018
122158, 1018
131793, 1018
182980, 1018
201472, 1018
211490, 1018
242849, 1018
264360, 1018
268137, 1018
275427, 1018
287095, 1018
92806, 1017
98537, 1017
111332, 1017
126952, 1017
167390, 1017
189143, 1017
236222, 1017
260580, 1017
21570, 1016
22916, 1016
48309, 1016
86293, 1016
165737, 1016
255190, 1016
262596, 1016
1644, 1015
12567, 1015
92184, 1015
203125, 1015
208629, 1015
211342, 1015
223975, 1015
254914, 1015
24439, 1014
62662, 1014
93283, 1014
117940, 1014
126221, 1014
139824, 1014
146094, 1014
151902, 1014
170353, 1014
172303, 1014
173473, 1014
174589, 1014
193121, 1014
205802, 1014
209502, 1014
214953, 1014
259552, 1014
261167, 1014
272734, 1014
273945, 1014
287362, 1014
289915, 1014
292778, 1014
294538, 1014
87768, 1013
135995, 1013
242466, 1013
122603, 1012
159973, 1012
184991, 1012
45790, 1011
48633, 1011
84153, 1011
104248, 1011
115146, 1011
153145, 1011
283314, 1011
243690, 1010
117912, 1009
152239, 1009
154445, 1009
156242, 1009
188753, 1009
191684, 1009
240985, 1009
254445, 1009
256794, 1009
295593, 1009
50772, 1008
100734, 1008
110286, 1008
155249, 1008
224468, 1008
231127, 1008
241800, 1008
265650, 1008
275994, 1008
288673, 1008
292456, 1008
29045, 1007
32400, 1007
60988, 1007
154381, 1007
17431, 1006
17886, 1006
19742, 1006
21854, 1006
64541, 1006
73985, 1006
75256, 1006
85501, 1006
89694, 1006
95683, 1006
124717, 1006
137373, 1006
141435, 1006
143885, 1006
164855, 1006
166391, 1006
180724, 1006
189383, 1006
199406, 1006
204756, 1006
204932, 1006
225673, 1006
226231, 1006
229685, 1006
233455, 1006
234914, 1006
246121, 1006
248384, 1006
263768, 1006
265882, 1006
270162, 1006
12636, 1005
16541, 1005
18904, 1005
36121, 1005
75756, 1005
146157, 1005
165194, 1005
296500, 1005
101910, 1004
27376, 1003
80504, 1003
86356, 1003
217952, 1003
286361, 1003
21911, 1002
118535, 1002
162879, 1002
188071, 1002
240134, 1002
267356, 1002
61795, 1001
95701, 1001
145645, 1001
219764, 1001
260303, 1001
41006, 1000
168786, 1000
233903, 1000
283839, 1000
