44036, 33338
44744, 33338
45749, 33338
46675, 33338
47190, 33338
47463, 33338
48395, 33338
48826, 33338
48934, 33338
49064, 33338
50180, 33338
50444, 33338
50461, 33338
50471, 33338
50618, 33338
51364, 33338
53587, 33338
54024, 33338
54072, 33338
54857, 33338
63702, 33338
33452, 32687
34726, 32687
35524, 32687
37648, 32687
37682, 32687
37946, 32687
38196, 32687
38394, 32687
38898, 32687
38965, 32687
39249, 32687
39292, 32687
39582, 32687
39844, 32687
39999, 32687
40146, 32687
40406, 32687
41105, 32687
41177, 32687
41229, 32687
41235, 32687
41290, 32687
41488, 32687
41737, 32687
41779, 32687
41861, 32687
42246, 32687
42415, 32687
43080, 32687
43164, 32687
43177, 32687
43955, 32687
44402, 32687
44774, 32687
44855, 32687
44919, 32687
45123, 32687
45192, 32687
45507, 32687
46402, 32687
