6083, 61483
66696, 61483
21559, 60958
23215, 60958
261313, 60431
15188, 60251
27067, 60251
51397, 60251
59583, 60251
69708, 60251
76077, 60251
181798, 60251
222194, 60251
4513, 60236
90519, 60127
123057, 60127
127650, 60127
182528, 60127
6226, 60100
10646, 60100
30764, 60100
33657, 60100
41085, 60100
43339, 60100
47458, 60100
54057, 60100
58163, 60100
99508, 60100
37308, 59985
56939, 59985
71568, 59985
170483, 59685
15852, 59540
22778, 59540
23413, 59540
31629, 59540
33636, 59540
35491, 59540
39879, 59540
44064, 59540
47454, 59540
17637, 59519
22723, 59519
24283, 59519
170237, 59519
173843, 59519
230022, 59519
55033, 59393
65472, 59393
112802, 59393
113887, 59393
151439, 59014
21806, 58762
37640, 58508
123463, 58508
4305, 58197
5298, 58197
6431, 58197
37097, 58197
138213, 58197
20124, 58128
28068, 58128
82136, 58128
113605, 57864
46847, 57483
48590, 57483
55425, 57483
69300, 57483
78125, 57483
82417, 57483
92518, 57483
200179, 57285
247681, 57150
221585, 57090
137315, 56843
152999, 56843
185964, 56843
231327, 56843
197180, 56661
73431, 55845
8264, 55222
10786, 55222
20829, 55222
30203, 55222
42444, 55222
46740, 55222
49108, 55222
54844, 55222
62461, 55222
66736, 55222
68295, 55222
70773, 55222
71383, 55222
72296, 55222
74656, 55222
74861, 55222
79602, 55222
85463, 55222
86969, 55222
90742, 55222
92793, 55222
93907, 55222
95040, 55222
95112, 55222
97897, 55222
122496, 55222
126005, 55222
129166, 55222
158261, 55222
180274, 55222
221021, 55222
229014, 55222
63974, 53840
99106, 53840
107545, 53840
204167, 53840
257759, 53840
262615, 53840
273854, 53840
288981, 53840
293041, 53840
86815, 53650
154358, 53650
163303, 53650
203890, 53650
12746, 52658
13168, 52658
18630, 52658
127130, 52658
166742, 52658
212298, 52658
211143, 52531
284616, 52180
81481, 51783
130430, 51783
7698, 50975
13094, 50939
4026, 50596
4409, 50596
124996, 50596
134906, 50596
138921, 50596
155621, 50596
173094, 50596
215930, 50596
278577, 50596
22372, 50359
31148, 50359
155209, 50359
193104, 50359
211186, 50359
221998, 50359
231342, 50359
246924, 50359
253375, 50359
89221, 50280
96475, 44806
104399, 44806
126898, 44806
160566, 44806
169947, 44806
4587, 43956
11218, 43956
127136, 43956
144005, 43956
168512, 43956
122411, 43594
51361, 42681
158822, 42681
15204, 42031
17251, 42031
22515, 42031
24473, 42031
37729, 42031
37944, 42031
47265, 42031
47517, 42031
48697, 42031
49601, 42031
49856, 42031
50562, 42031
53558, 42031
55117, 42031
63233, 42031
70328, 42031
72056, 42031
72163, 42031
74875, 42031
78200, 42031
87269, 42031
89117, 42031
92130, 42031
92844, 42031
95231, 42031
99464, 42031
105842, 42031
106501, 42031
110863, 42031
110954, 42031
112138, 42031
112534, 42031
113598, 42031
115924, 42031
123275, 42031
124551, 42031
124963, 42031
127771, 42031
129251, 42031
129331, 42031
129560, 42031
134477, 42031
136515, 42031
140052, 42031
140551, 42031
142354, 42031
144239, 42031
147839, 42031
151330, 42031
154905, 42031
155191, 42031
155329, 42031
159307, 42031
159365, 42031
167731, 42031
170740, 42031
171595, 42031
173761, 42031
177651, 42031
179959, 42031
180992, 42031
183648, 42031
184969, 42031
185805, 42031
187813, 42031
188019, 42031
188391, 42031
190957, 42031
193741, 42031
194044, 42031
195288, 42031
198514, 42031
204659, 42031
204884, 42031
207800, 42031
207998, 42031
208011, 42031
208143, 42031
209708, 42031
211415, 42031
211954, 42031
212416, 42031
212840, 42031
213020, 42031
213377, 42031
213913, 42031
216539, 42031
218275, 42031
218293, 42031
221018, 42031
232020, 42031
235679, 42031
235844, 42031
236378, 42031
238848, 42031
240362, 42031
240918, 42031
243751, 42031
243820, 42031
245989, 42031
250901, 42031
252973, 42031
255463, 42031
261334, 42031
261696, 42031
262691, 42031
262845, 42031
263266, 42031
264088, 42031
266246, 42031
268124, 42031
268978, 42031
269007, 42031
269998, 42031
270151, 42031
271926, 42031
272187, 42031
273892, 42031
274461, 42031
277896, 42031
287446, 42031
287798, 42031
287940, 42031
287964, 42031
292037, 42031
294086, 42031
296057, 42031
2655, 40975
2773, 39791
70191, 39791
196648, 39791
260815, 39791
26196, 36710
99769, 36710
152546, 36021
8012, 35656
8836, 35656
12809, 35656
13021, 35656
121299, 35656
123559, 35656
269582, 35307
5804, 35201
6840, 35201
200162, 33982
277142, 33982
285144, 33982
12092, 33406
43368, 33406
47693, 33406
49234, 33406
60436, 33406
88509, 33406
91276, 33406
102509, 33406
112079, 33406
127761, 33406
128831, 33406
139341, 33406
160303, 33406
160658, 33406
166335, 33406
187601, 33406
188141, 33406
194432, 33406
194962, 33406
196055, 33406
198022, 33406
203949, 33406
222326, 33406
223791, 33406
250590, 33406
208907, 33013
43474, 32945
108082, 32945
222266, 32762
294812, 32762
97487, 32671
240729, 30481
273150, 29299
245258, 28457
3927, 28027
9843, 26567
81813, 26399
136796, 26399
138429, 26399
178199, 26399
196677, 26399
205371, 26399
214404, 26399
223388, 26399
236529, 26399
240091, 26399
260568, 26399
286895, 26399
6189, 25906
13172, 25906
32382, 25906
41860, 25906
52025, 25906
52592, 25906
60445, 25906
69801, 25906
70201, 25906
92280, 25906
102094, 25906
103220, 25906
107978, 25906
110022, 25906
119700, 25906
123913, 25906
126896, 25906
144534, 25906
148462, 25906
154367, 25906
163986, 25906
169953, 25906
194615, 25906
196160, 25906
196653, 25906
200022, 25906
228223, 25906
237000, 25906
238091, 25906
238350, 25906
248213, 25906
248894, 25906
248924, 25906
251779, 25906
255593, 25906
256954, 25906
267497, 25906
269617, 25906
272045, 25906
272753, 25906
280022, 25906
289604, 25906
290789, 25906
267246, 24845
280505, 24802
188311, 24751
7638, 24621
9046, 24621
12469, 24621
16802, 24621
16804, 24621
24526, 24621
24852, 24621
25671, 24621
48228, 24621
62871, 24621
64681, 24621
79651, 24621
83798, 24621
95524, 24621
98692, 24621
99941, 24621
109071, 24621
114404, 24621
116587, 24621
117636, 24621
118533, 24621
119527, 24621
119811, 24621
121204, 24621
121530, 24621
124234, 24621
129040, 24621
135019, 24621
138577, 24621
144263, 24621
150110, 24621
151326, 24621
152477, 24621
160874, 24621
165147, 24621
166058, 24621
166321, 24621
177182, 24621
177607, 24621
184202, 24621
198762, 24621
202892, 24621
208654, 24621
208959, 24621
212197, 24621
212995, 24621
219929, 24621
225388, 24621
236398, 24621
243767, 24621
245603, 24621
249099, 24621
264026, 24621
269144, 24621
269392, 24621
276055, 24621
281539, 24621
16129, 23897
23897, 23897
28831, 23897
75076, 23897
81358, 23897
92270, 23897
112949, 23897
119081, 23897
163720, 23897
8045, 23368
252569, 23303
43045, 23274
51549, 23274
103935, 23274
118348, 23274
149885, 23274
184952, 23274
189705, 23274
232823, 23274
280573, 23274
226647, 23245
12318, 23191
46458, 23191
66535, 23191
98132, 23191
109122, 23191
117274, 23191
141143, 23191
167781, 23191
184185, 23191
199404, 23191
236169, 23191
237190, 23191
256425, 23191
206578, 22331
264326, 22331
281125, 22331
282566, 22331
294973, 22331
120244, 22109
3402, 22105
6218, 22017
8095, 22017
23697, 22017
33232, 22017
36818, 22017
41652, 22017
43807, 22017
44997, 22017
47915, 22017
54229, 22017
64055, 22017
66097, 22017
66478, 22017
66634, 22017
69739, 22017
78258, 22017
78648, 22017
84053, 22017
90833, 22017
104372, 22017
105309, 22017
112522, 22017
114536, 22017
115046, 22017
119075, 22017
119976, 22017
127903, 22017
128615, 22017
137441, 22017
150829, 22017
152756, 22017
153284, 22017
153738, 22017
178558, 22017
182155, 22017
185471, 22017
200062, 22017
200393, 22017
202972, 22017
212565, 22017
239245, 22017
243336, 22017
259311, 22017
259951, 22017
267421, 22017
269136, 22017
272850, 22017
274778, 22017
54003, 21960
127960, 21960
4738, 21892
212, 21613
14185, 21613
31400, 21613
48154, 21613
54282, 21613
88294, 21613
93018, 21613
106840, 21613
117464, 21613
193473, 21613
197422, 21613
221139, 21613
252603, 21613
254786, 21613
278931, 21613
23043, 21512
144992, 21512
10013, 21219
15354, 21219
113453, 21219
115817, 21219
212627, 21219
23319, 21196
50087, 21196
58243, 21196
116595, 21196
146325, 21196
259593, 20965
18996, 20875
16944, 20797
91467, 20797
29093, 20777
51360, 20777
60629, 20777
187488, 20777
223245, 20738
43146, 20666
51865, 20666
76448, 20666
79956, 20666
91100, 20666
94720, 20666
120210, 20666
216942, 20666
2081, 20620
8133, 20453
111652, 20431
75042, 20422
80452, 20422
99040, 20422
116685, 20422
133907, 20422
134343, 20422
172688, 20422
176581, 20422
222215, 20422
224044, 20422
224698, 20422
228797, 20422
233030, 20422
238550, 20422
242964, 20422
245648, 20422
274131, 20422
277764, 20422
287381, 20422
288898, 20422
294007, 20422
63528, 20408
101716, 20408
110593, 20408
140467, 20408
171402, 20408
241761, 20408
248758, 20408
288569, 20408
12067, 20347
57015, 20347
84408, 20347
85523, 20347
91232, 20347
98473, 20347
111763, 20347
148818, 20347
163913, 20314
168805, 20314
110347, 20223
124095, 20223
153872, 20223
159052, 20223
166963, 20223
173378, 20223
176022, 20223
179136, 20223
189304, 20223
195927, 20223
206605, 20223
208005, 20223
215878, 20223
221426, 20223
256361, 20223
272164, 20223
290689, 20223
6169, 20208
60441, 20206
255801, 20032
271756, 19955
197117, 19670
119789, 19084
97867, 19046
101361, 19046
116852, 19046
139072, 19046
183999, 19046
246830, 19046
3010, 18963
80124, 18793
111993, 18793
95876, 18702
127158, 18564
280856, 18387
39778, 18176
47323, 18176
52106, 18176
55739, 18176
62538, 18176
63836, 18176
75998, 18176
85615, 18176
86451, 18176
92698, 18176
95064, 18176
138149, 18176
148819, 18080
13697, 17575
1591, 17501
95405, 17501
31035, 17364
34580, 17364
38268, 17364
39990, 17364
40790, 17364
43579, 17364
47676, 17364
54984, 17364
59261, 17364
62272, 17364
63948, 17364
66401, 17364
68593, 17364
108718, 17364
132161, 17364
93515, 17310
285505, 17258
27975, 17249
44938, 17249
64962, 17249
130107, 17172
154741, 17036
222590, 16989
24434, 16987
27432, 16987
28627, 16987
49542, 16987
50862, 16987
83278, 16987
104958, 16987
105397, 16987
14234, 16845
295772, 16845
206357, 16740
65096, 16728
150502, 16713
49907, 16703
138060, 16700
15367, 16670
18671, 16670
20040, 16670
30617, 16670
164851, 16670
98591, 16668
26948, 16657
64457, 16657
65082, 16657
86199, 16657
103997, 16657
113483, 16657
161459, 16657
35289, 16627
50116, 16627
54286, 16627
80819, 16627
181089, 16627
14755, 16553
14892, 16553
20827, 16553
28840, 16553
64524, 16551
54310, 16513
8765, 16510
67354, 16492
47210, 16373
2500, 16323
188186, 16280
112437, 16264
148381, 16264
227613, 16264
240156, 16171
288820, 16171
105601, 15986
119572, 15986
53408, 15954
194797, 15954
276679, 15813
167355, 15665
246518, 15654
124782, 15588
206675, 15588
287751, 15588
198354, 15560
249736, 15560
247029, 15538
184543, 15528
14567, 15106
101216, 15106
126351, 15106
150861, 15064
172865, 15064
224190, 15064
215757, 14759
224820, 14759
142731, 14732
144369, 14732
147825, 14732
159874, 14732
160693, 14732
165569, 14732
166905, 14732
174788, 14732
179057, 14732
179416, 14732
190872, 14732
200722, 14732
202637, 14732
206241, 14732
222648, 14732
222662, 14732
232516, 14732
238497, 14732
246087, 14732
272121, 14732
122958, 14715
143080, 14715
149267, 14715
150409, 14715
155665, 14715
157249, 14715
159075, 14715
163445, 14715
252827, 14715
290198, 14715
105224, 14638
118071, 14638
118949, 14638
119086, 14638
120146, 14638
128155, 14638
130100, 14638
130292, 14638
131255, 14638
133447, 14638
133627, 14638
136367, 14638
137805, 14638
138318, 14638
139618, 14638
140214, 14638
141358, 14638
142169, 14638
143417, 14638
144618, 14638
144927, 14638
146328, 14638
146846, 14638
147429, 14638
148012, 14638
149603, 14638
150564, 14638
152204, 14638
152818, 14638
153361, 14638
153593, 14638
154598, 14638
155695, 14638
156671, 14638
160506, 14638
160939, 14638
166874, 14638
167120, 14638
168096, 14638
169699, 14638
170243, 14638
171266, 14638
172305, 14638
174057, 14638
175386, 14638
176782, 14638
177144, 14638
177155, 14638
177309, 14638
177319, 14638
178106, 14638
184152, 14638
186055, 14638
187422, 14638
187655, 14638
189424, 14638
191078, 14638
192161, 14638
192275, 14638
192412, 14638
193558, 14638
194904, 14638
197770, 14638
200028, 14638
200995, 14638
202815, 14638
207561, 14638
209866, 14638
210817, 14638
213899, 14638
214430, 14638
215294, 14638
216774, 14638
218135, 14638
219014, 14638
219996, 14638
223151, 14638
223527, 14638
225080, 14638
225887, 14638
227795, 14638
229836, 14638
229976, 14638
231119, 14638
231416, 14638
231482, 14638
231708, 14638
232175, 14638
237149, 14638
237424, 14638
238879, 14638
240580, 14638
242383, 14638
243170, 14638
247759, 14638
248740, 14638
252686, 14638
252797, 14638
253458, 14638
255605, 14638
256687, 14638
257103, 14638
257252, 14638
257724, 14638
260117, 14638
263236, 14638
264177, 14638
264955, 14638
267983, 14638
268279, 14638
268780, 14638
273322, 14638
275470, 14638
277396, 14638
278596, 14638
290796, 14638
291384, 14638
294876, 14638
159721, 14635
188463, 14635
250861, 14635
139532, 14630
188485, 14630
219561, 14630
267743, 14630
293559, 14630
96495, 14565
114108, 14565
136254, 14565
140570, 14565
146711, 14565
156703, 14565
159418, 14565
159490, 14565
165449, 14565
168765, 14565
172500, 14565
177257, 14565
183607, 14565
184089, 14565
190473, 14565
191230, 14565
193913, 14565
195643, 14565
199773, 14565
209468, 14565
211504, 14565
217976, 14565
224359, 14565
224728, 14565
231837, 14565
232366, 14565
238536, 14565
243072, 14565
243917, 14565
244261, 14565
254573, 14565
255105, 14565
258058, 14565
261237, 14565
281022, 14565
286791, 14565
288324, 14565
89706, 14557
97678, 14557
100378, 14557
112037, 14557
113482, 14557
114423, 14557
114852, 14557
118547, 14557
123048, 14557
134870, 14557
135313, 14557
140961, 14557
141817, 14557
142084, 14557
144210, 14557
145681, 14557
164514, 14557
173868, 14557
176249, 14557
179280, 14557
179305, 14557
183225, 14557
194774, 14557
196618, 14557
198129, 14557
199386, 14557
204523, 14557
206606, 14557
208681, 14557
208805, 14557
210939, 14557
220692, 14557
226859, 14557
227762, 14557
227784, 14557
240439, 14557
240814, 14557
249539, 14557
250612, 14557
253385, 14557
255816, 14557
256167, 14557
256169, 14557
261946, 14557
264103, 14557
270361, 14557
281031, 14557
281968, 14557
288337, 14557
288374, 14557
288704, 14557
293513, 14557
295295, 14557
295806, 14557
131497, 14556
145937, 14556
173379, 14556
174300, 14556
189872, 14556
195856, 14556
200488, 14556
202625, 14556
205909, 14556
208375, 14556
211497, 14556
218173, 14556
243205, 14556
263135, 14556
266370, 14556
122953, 14553
125722, 14553
130387, 14553
150266, 14553
155827, 14553
157553, 14553
160977, 14553
162358, 14553
162360, 14553
168261, 14553
170123, 14553
181207, 14553
189181, 14553
199439, 14553
201736, 14553
220156, 14553
244608, 14553
252962, 14553
259637, 14553
269807, 14553
270839, 14553
283655, 14553
284930, 14553
291515, 14553
292893, 14553
294310, 14553
141126, 14543
114228, 14518
173829, 14518
181135, 14518
79894, 14509
91648, 14509
103017, 14509
115531, 14509
120043, 14509
120113, 14509
120517, 14509
121970, 14509
125300, 14509
128392, 14509
129861, 14509
131960, 14509
133203, 14509
135270, 14509
138969, 14509
140134, 14509
140504, 14509
141837, 14509
141960, 14509
142384, 14509
144139, 14509
145502, 14509
145686, 14509
146713, 14509
147171, 14509
147898, 14509
148007, 14509
148952, 14509
150014, 14509
150063, 14509
150224, 14509
150452, 14509
150608, 14509
151949, 14509
152845, 14509
152975, 14509
154199, 14509
157062, 14509
158414, 14509
160742, 14509
162166, 14509
163591, 14509
164301, 14509
164789, 14509
166531, 14509
166786, 14509
166993, 14509
167599, 14509
167933, 14509
169483, 14509
169690, 14509
172311, 14509
173260, 14509
177290, 14509
179332, 14509
181012, 14509
185795, 14509
188904, 14509
188926, 14509
189464, 14509
191916, 14509
192809, 14509
193216, 14509
194308, 14509
194838, 14509
195423, 14509
199600, 14509
200569, 14509
200990, 14509
201191, 14509
202852, 14509
203089, 14509
204597, 14509
205215, 14509
205499, 14509
207737, 14509
207838, 14509
207984, 14509
208550, 14509
208607, 14509
208948, 14509
209483, 14509
210292, 14509
210952, 14509
211548, 14509
212599, 14509
212603, 14509
214751, 14509
219151, 14509
220784, 14509
221482, 14509
222509, 14509
223217, 14509
226149, 14509
228653, 14509
233368, 14509
234313, 14509
235683, 14509
236212, 14509
238323, 14509
238717, 14509
239118, 14509
239862, 14509
242370, 14509
242525, 14509
243830, 14509
244332, 14509
244454, 14509
244882, 14509
245300, 14509
246226, 14509
246421, 14509
246996, 14509
247480, 14509
248056, 14509
248433, 14509
248691, 14509
251640, 14509
254050, 14509
256052, 14509
256259, 14509
256915, 14509
258431, 14509
260708, 14509
260780, 14509
261777, 14509
265478, 14509
266207, 14509
266833, 14509
267780, 14509
270833, 14509
271075, 14509
272157, 14509
272202, 14509
277203, 14509
279122, 14509
281020, 14509
281477, 14509
282796, 14509
288035, 14509
291796, 14509
293371, 14509
294120, 14509
193407, 14468
213716, 14468
87580, 14466
106966, 14466
121622, 14466
147892, 14466
149445, 14466
179632, 14466
182851, 14466
191306, 14466
200359, 14466
201907, 14466
206098, 14466
210484, 14466
211006, 14466
214957, 14466
215532, 14466
216856, 14466
219641, 14466
220155, 14466
220684, 14466
222021, 14466
229124, 14466
229636, 14466
230191, 14466
233651, 14466
234331, 14466
235784, 14466
238971, 14466
240097, 14466
241899, 14466
243262, 14466
247690, 14466
250357, 14466
255016, 14466
259061, 14466
261473, 14466
264446, 14466
264692, 14466
273193, 14466
276996, 14466
278490, 14466
278608, 14466
279646, 14466
281275, 14466
282021, 14466
282542, 14466
285182, 14466
286220, 14466
286375, 14466
286814, 14466
288222, 14466
288705, 14466
290179, 14466
290288, 14466
290299, 14466
291890, 14466
295636, 14466
111028, 14464
179227, 14464
225431, 14464
288917, 14464
154810, 14463
204251, 14463
796, 14462
1400, 14462
91504, 14462
94687, 14462
101219, 14462
105871, 14462
106026, 14462
108634, 14462
110511, 14462
110530, 14462
111889, 14462
112016, 14462
114294, 14462
114434, 14462
114449, 14462
114832, 14462
114876, 14462
116600, 14462
116867, 14462
116887, 14462
118877, 14462
120679, 14462
121102, 14462
122447, 14462
124629, 14462
125021, 14462
125744, 14462
126070, 14462
126365, 14462
126888, 14462
126917, 14462
127237, 14462
127271, 14462
130552, 14462
130698, 14462
132501, 14462
133459, 14462
134208, 14462
134737, 14462
135155, 14462
135364, 14462
136241, 14462
136373, 14462
136417, 14462
136621, 14462
136638, 14462
136720, 14462
136877, 14462
137624, 14462
138271, 14462
139112, 14462
140937, 14462
141651, 14462
141753, 14462
141930, 14462
141953, 14462
142301, 14462
142661, 14462
143544, 14462
143678, 14462
143876, 14462
144940, 14462
145734, 14462
145973, 14462
145980, 14462
146076, 14462
146673, 14462
146694, 14462
147879, 14462
147987, 14462
148210, 14462
148332, 14462
148627, 14462
148847, 14462
149105, 14462
149635, 14462
149946, 14462
150081, 14462
150368, 14462
150633, 14462
150717, 14462
151690, 14462
151769, 14462
152384, 14462
152407, 14462
152554, 14462
152882, 14462
153899, 14462
154004, 14462
154040, 14462
154308, 14462
154755, 14462
155246, 14462
156569, 14462
156678, 14462
156861, 14462
157222, 14462
157505, 14462
157591, 14462
157694, 14462
157866, 14462
159493, 14462
160353, 14462
160816, 14462
161139, 14462
161930, 14462
161972, 14462
162508, 14462
162591, 14462
162631, 14462
163018, 14462
163081, 14462
163090, 14462
163330, 14462
163335, 14462
164659, 14462
164837, 14462
165383, 14462
165471, 14462
165520, 14462
165902, 14462
166182, 14462
166642, 14462
167958, 14462
168065, 14462
168348, 14462
168416, 14462
169003, 14462
169485, 14462
170193, 14462
171785, 14462
172667, 14462
172762, 14462
172914, 14462
173572, 14462
173621, 14462
173774, 14462
174109, 14462
174186, 14462
174558, 14462
174729, 14462
174979, 14462
175014, 14462
175430, 14462
176171, 14462
177149, 14462
177461, 14462
178512, 14462
179143, 14462
179671, 14462
180149, 14462
180219, 14462
180449, 14462
180589, 14462
181159, 14462
181272, 14462
181867, 14462
182008, 14462
182081, 14462
182285, 14462
182388, 14462
182638, 14462
183033, 14462
183304, 14462
183370, 14462
183489, 14462
183637, 14462
183988, 14462
184967, 14462
185917, 14462
185946, 14462
186016, 14462
186345, 14462
186522, 14462
186573, 14462
186587, 14462
186628, 14462
187614, 14462
187955, 14462
188261, 14462
188686, 14462
188850, 14462
189623, 14462
190388, 14462
190479, 14462
191147, 14462
191522, 14462
191625, 14462
191635, 14462
192519, 14462
192718, 14462
193089, 14462
193782, 14462
194297, 14462
194310, 14462
194476, 14462
194627, 14462
194817, 14462
194974, 14462
195294, 14462
196294, 14462
197430, 14462
198585, 14462
198918, 14462
199072, 14462
199364, 14462
199390, 14462
200319, 14462
200939, 14462
200947, 14462
201239, 14462
201251, 14462
201763, 14462
201880, 14462
202686, 14462
202730, 14462
202755, 14462
203266, 14462
203515, 14462
203610, 14462
204123, 14462
205771, 14462
206368, 14462
206634, 14462
206773, 14462
206798, 14462
207086, 14462
207194, 14462
207444, 14462
208058, 14462
208184, 14462
208692, 14462
208741, 14462
209158, 14462
209184, 14462
210393, 14462
210538, 14462
210944, 14462
211661, 14462
211822, 14462
211883, 14462
211920, 14462
212713, 14462
213492, 14462
214377, 14462
214680, 14462
214759, 14462
215497, 14462
215675, 14462
215894, 14462
216255, 14462
216542, 14462
216593, 14462
218270, 14462
218820, 14462
219558, 14462
220060, 14462
220382, 14462
221176, 14462
221349, 14462
221401, 14462
221609, 14462
222070, 14462
222378, 14462
222395, 14462
222602, 14462
222788, 14462
222901, 14462
223249, 14462
223624, 14462
225230, 14462
225377, 14462
225675, 14462
225972, 14462
226057, 14462
226115, 14462
226422, 14462
226438, 14462
226460, 14462
226755, 14462
226784, 14462
227245, 14462
227575, 14462
228340, 14462
228786, 14462
228854, 14462
230020, 14462
230083, 14462
230159, 14462
230285, 14462
230348, 14462
230596, 14462
231076, 14462
231088, 14462
231198, 14462
231460, 14462
231613, 14462
232320, 14462
232405, 14462
232774, 14462
233157, 14462
233748, 14462
233817, 14462
234714, 14462
236670, 14462
236734, 14462
237985, 14462
238030, 14462
238123, 14462
239065, 14462
239119, 14462
239490, 14462
240505, 14462
240652, 14462
240761, 14462
241076, 14462
241980, 14462
242111, 14462
242468, 14462
242717, 14462
243162, 14462
243818, 14462
243909, 14462
243930, 14462
246821, 14462
247076, 14462
247334, 14462
247346, 14462
247886, 14462
248785, 14462
249371, 14462
249577, 14462
249669, 14462
250003, 14462
250100, 14462
250139, 14462
250197, 14462
250265, 14462
250859, 14462
251442, 14462
251894, 14462
251995, 14462
252553, 14462
253121, 14462
253135, 14462
253314, 14462
253542, 14462
253800, 14462
253912, 14462
254216, 14462
254462, 14462
254710, 14462
254941, 14462
255253, 14462
255478, 14462
255875, 14462
256032, 14462
256092, 14462
256337, 14462
256456, 14462
256766, 14462
256858, 14462
257042, 14462
257266, 14462
258130, 14462
258210, 14462
258690, 14462
259379, 14462
260056, 14462
260401, 14462
261649, 14462
261933, 14462
262011, 14462
262035, 14462
262879, 14462
263238, 14462
264714, 14462
265161, 14462
265481, 14462
265627, 14462
265724, 14462
266406, 14462
266519, 14462
266775, 14462
266876, 14462
267134, 14462
267510, 14462
267717, 14462
268056, 14462
268400, 14462
268659, 14462
268678, 14462
269014, 14462
269030, 14462
269228, 14462
269614, 14462
269743, 14462
269845, 14462
270366, 14462
270615, 14462
271191, 14462
271239, 14462
271882, 14462
272456, 14462
272737, 14462
273151, 14462
273315, 14462
273844, 14462
274277, 14462
274361, 14462
274376, 14462
275011, 14462
275371, 14462
275436, 14462
276412, 14462
276910, 14462
277303, 14462
277539, 14462
278493, 14462
279289, 14462
279583, 14462
279859, 14462
280050, 14462
280077, 14462
281156, 14462
282675, 14462
283672, 14462
283691, 14462
283698, 14462
284024, 14462
284046, 14462
284176, 14462
284197, 14462
284449, 14462
284488, 14462
284795, 14462
285035, 14462
285500, 14462
285513, 14462
285886, 14462
286083, 14462
286881, 14462
287352, 14462
287450, 14462
287759, 14462
288457, 14462
289288, 14462
289405, 14462
289487, 14462
289949, 14462
290116, 14462
290717, 14462
291072, 14462
291401, 14462
291983, 14462
291996, 14462
292106, 14462
292205, 14462
293557, 14462
293626, 14462
293831, 14462
293880, 14462
294901, 14462
294946, 14462
295367, 14462
295524, 14462
296587, 14462
133734, 14458
139005, 14458
141159, 14458
148412, 14458
150898, 14458
160492, 14458
183417, 14458
198341, 14458
227492, 14458
230198, 14458
231503, 14458
259245, 14458
272271, 14458
282522, 14458
284394, 14458
296019, 14458
96084, 14449
128967, 14449
137703, 14449
145634, 14449
154894, 14449
158349, 14449
170686, 14449
194531, 14449
196044, 14449
196483, 14449
200412, 14449
226287, 14449
244650, 14449
273755, 14449
293684, 14449
115672, 14439
168290, 14439
168312, 14430
240978, 14430
100944, 14429
133119, 14429
84980, 14413
139494, 14413
220736, 14413
257814, 14413
118315, 14403
142560, 14403
146670, 14403
180703, 14403
192051, 14403
193842, 14403
223512, 14403
242974, 14403
243219, 14403
254168, 14403
259040, 14403
260792, 14403
261909, 14403
272262, 14403
276390, 14403
276637, 14403
284018, 14403
284954, 14403
243583, 14392
164727, 14391
180083, 14385
246969, 14385
276358, 14385
86895, 14384
91170, 14384
99129, 14384
108939, 14384
118806, 14384
132962, 14384
143126, 14384
153929, 14384
178649, 14384
205978, 14384
229731, 14384
283346, 14384
284563, 14384
290745, 14384
166722, 14380
183212, 14380
206981, 14380
230470, 14380
242698, 14380
252875, 14380
261558, 14380
95404, 14378
113154, 14378
152705, 14378
187138, 14378
205842, 14378
222404, 14378
242291, 14378
258267, 14378
277987, 14378
279897, 14378
285095, 14378
285191, 14378
285504, 14378
288150, 14378
142020, 14372
151408, 14372
153638, 14372
177037, 14372
217419, 14372
243898, 14372
249415, 14372
265829, 14372
276792, 14372
279325, 14372
282168, 14372
294098, 14372
151966, 14362
163997, 14362
211297, 14354
203010, 14352
206087, 14352
252295, 14352
96716, 14316
97140, 14316
124130, 14316
125822, 14316
126900, 14316
130645, 14316
131461, 14316
133092, 14316
133810, 14316
134998, 14316
135729, 14316
135777, 14316
136313, 14316
136907, 14316
138153, 14316
139089, 14316
141663, 14316
142793, 14316
143107, 14316
143188, 14316
144045, 14316
144049, 14316
147057, 14316
147678, 14316
149711, 14316
150033, 14316
150183, 14316
150643, 14316
150740, 14316
153227, 14316
153611, 14316
156677, 14316
157451, 14316
158099, 14316
160179, 14316
160313, 14316
161903, 14316
162065, 14316
162163, 14316
162179, 14316
164234, 14316
165001, 14316
165965, 14316
168142, 14316
169973, 14316
169976, 14316
170009, 14316
170011, 14316
170235, 14316
170875, 14316
171761, 14316
174121, 14316
174535, 14316
176855, 14316
178330, 14316
178659, 14316
179405, 14316
180685, 14316
181140, 14316
183696, 14316
185552, 14316
186047, 14316
186162, 14316
186571, 14316
187353, 14316
188574, 14316
190922, 14316
192286, 14316
192484, 14316
193649, 14316
193917, 14316
193948, 14316
194417, 14316
196026, 14316
196530, 14316
197030, 14316
197342, 14316
198185, 14316
198578, 14316
202010, 14316
202687, 14316
203045, 14316
203751, 14316
204882, 14316
206147, 14316
206511, 14316
207103, 14316
207661, 14316
208336, 14316
212334, 14316
212494, 14316
212560, 14316
213814, 14316
213911, 14316
213925, 14316
214057, 14316
215701, 14316
215914, 14316
216040, 14316
216498, 14316
216776, 14316
217345, 14316
219148, 14316
219312, 14316
220159, 14316
220896, 14316
223954, 14316
224270, 14316
224848, 14316
226682, 14316
227917, 14316
228507, 14316
229311, 14316
229344, 14316
230804, 14316
231158, 14316
233323, 14316
233456, 14316
233796, 14316
233887, 14316
234152, 14316
234156, 14316
234329, 14316
235170, 14316
235962, 14316
239085, 14316
240206, 14316
240742, 14316
242244, 14316
242342, 14316
243168, 14316
243266, 14316
244667, 14316
244957, 14316
245929, 14316
247091, 14316
247215, 14316
248872, 14316
249347, 14316
249931, 14316
250699, 14316
251044, 14316
251620, 14316
252303, 14316
252415, 14316
252466, 14316
252468, 14316
252498, 14316
253194, 14316
254118, 14316
254302, 14316
254315, 14316
254325, 14316
254643, 14316
254824, 14316
255641, 14316
255803, 14316
256016, 14316
256022, 14316
256583, 14316
256807, 14316
256818, 14316
257448, 14316
257704, 14316
257733, 14316
258585, 14316
258691, 14316
259316, 14316
260368, 14316
260633, 14316
261393, 14316
261496, 14316
261931, 14316
262365, 14316
263842, 14316
264583, 14316
266635, 14316
266931, 14316
267472, 14316
267710, 14316
268007, 14316
269102, 14316
269491, 14316
271334, 14316
271498, 14316
271687, 14316
271964, 14316
274211, 14316
274249, 14316
275923, 14316
276611, 14316
277069, 14316
277524, 14316
278553, 14316
278615, 14316
279013, 14316
279428, 14316
280136, 14316
280176, 14316
280863, 14316
281312, 14316
282022, 14316
282800, 14316
282890, 14316
283240, 14316
283432, 14316
284683, 14316
285432, 14316
285679, 14316
285845, 14316
286974, 14316
287835, 14316
289714, 14316
289801, 14316
290607, 14316
292922, 14316
292978, 14316
293162, 14316
293794, 14316
293874, 14316
294421, 14316
294541, 14316
136163, 14309
175896, 14309
210290, 14309
217868, 14309
278833, 14309
285212, 14309
254821, 14308
255331, 14301
132340, 14294
142419, 14294
228063, 14294
220347, 14286
167963, 14275
172057, 14275
195505, 14273
256611, 14273
188623, 14268
249746, 14267
154844, 14262
240416, 14262
232100, 14245
270733, 14245
89137, 14231
198600, 14217
228105, 14217
244651, 14217
252489, 14217
290793, 14217
159722, 14210
246189, 14210
141213, 14209
166456, 14206
177311, 14190
233462, 14190
293833, 14178
278689, 14157
149931, 14124
160859, 14124
130661, 14118
135269, 14118
146998, 14118
198645, 14118
218323, 14118
233522, 14118
247278, 14118
122550, 14059
169569, 14056
197251, 14047
151277, 14038
196258, 14031
62246, 13971
64263, 13971
261278, 13971
209301, 13843
197572, 13816
140255, 13778
152900, 13778
189205, 13778
201794, 13778
159668, 13769
228058, 13764
239441, 13698
258921, 13698
178996, 13634
156575, 13632
150785, 13605
227712, 13605
181661, 13593
192514, 13593
202638, 13593
228849, 13593
158737, 13585
208109, 13585
640, 13560
991, 13560
10192, 13560
61708, 13560
73602, 13560
83279, 13560
102890, 13560
116090, 13560
122922, 13560
124757, 13560
129820, 13560
130139, 13560
142056, 13560
145495, 13560
161309, 13560
165165, 13560
169029, 13560
173656, 13560
190135, 13560
198107, 13560
198858, 13560
200783, 13560
202589, 13560
206307, 13560
206910, 13560
210688, 13560
212473, 13560
212878, 13560
214629, 13560
215307, 13560
216279, 13560
218952, 13560
222029, 13560
224479, 13560
225383, 13560
229467, 13560
230812, 13560
234319, 13560
236719, 13560
237154, 13560
237557, 13560
244445, 13560
245677, 13560
247897, 13560
251714, 13560
255258, 13560
256144, 13560
261717, 13560
269660, 13560
273152, 13560
273734, 13560
277059, 13560
279182, 13560
279819, 13560
280318, 13560
283228, 13560
286516, 13560
292242, 13560
296366, 13560
94137, 13428
159274, 13425
242578, 13425
183452, 13041
84562, 12926
283370, 12841
197131, 12827
216397, 12827
261340, 12827
283797, 12827
166984, 12754
169644, 12733
278120, 12728
237227, 12646
240175, 12646
272723, 12646
135097, 12605
199607, 12605
202283, 12605
78023, 12580
78081, 12580
250245, 12555
154053, 12526
188056, 12526
210139, 12315
659, 12179
2594, 12176
54331, 12176
65648, 12176
83074, 12176
94685, 12176
97479, 12176
115137, 12176
116202, 12176
134715, 12176
142387, 12176
143756, 12176
159564, 12176
161474, 12176
163340, 12176
163475, 12176
170248, 12176
185695, 12176
186937, 12176
189483, 12176
190159, 12176
194906, 12176
199922, 12176
203044, 12176
220806, 12176
222939, 12176
232487, 12176
237637, 12176
238920, 12176
273728, 12176
291220, 12176
128303, 12158
26278, 12157
31530, 12157
46915, 12157
51889, 12157
59706, 12157
60876, 12157
69841, 12157
70916, 12157
73296, 12157
74799, 12157
78919, 12157
80944, 12157
82745, 12157
86553, 12157
87962, 12157
93244, 12157
96502, 12157
101949, 12157
107016, 12157
108458, 12157
120204, 12157
132088, 12157
135673, 12157
147348, 12157
156913, 12157
160665, 12157
163336, 12157
165474, 12157
174289, 12157
185559, 12157
200130, 12157
211793, 12157
221637, 12157
227010, 12157
714, 12089
52554, 12089
52679, 12089
79592, 12089
88131, 12089
90141, 12089
90664, 12089
93322, 12089
99742, 12089
99895, 12089
99909, 12089
100222, 12089
100871, 12089
106467, 12089
107250, 12089
112498, 12089
116549, 12089
135158, 12089
137743, 12089
147768, 12089
150385, 12089
160660, 12089
161452, 12089
171418, 12089
172977, 12089
174981, 12089
178197, 12089
179236, 12089
189775, 12089
193245, 12089
194871, 12089
205484, 12089
205810, 12089
211507, 12089
213756, 12089
217417, 12089
220598, 12089
223374, 12089
226880, 12089
238721, 12089
262434, 12089
265440, 12089
130376, 12061
52454, 12051
55396, 12051
71655, 12051
82820, 12051
138639, 12051
151726, 12051
159593, 12051
162674, 12051
196220, 12051
203707, 12051
208967, 12051
217501, 12051
221906, 12051
229252, 12051
230947, 12051
233722, 12051
244265, 12051
256317, 12051
263799, 12051
265566, 12051
278884, 12051
282290, 12051
289737, 12051
145411, 11897
10848, 11887
14267, 11887
23247, 11887
46006, 11887
56470, 11887
61791, 11887
76528, 11887
151393, 11887
172003, 11887
208801, 11887
243949, 11887
122115, 11864
210733, 11864
249308, 11864
285, 11830
18533, 11793
128171, 11793
141730, 11793
160759, 11789
278406, 11740
147521, 11733
211686, 11733
277399, 11733
259321, 11612
13227, 11587
20631, 11587
20650, 11587
30257, 11587
40638, 11587
44695, 11587
59386, 11587
66417, 11587
73465, 11587
85654, 11587
86853, 11587
87684, 11587
95990, 11587
97713, 11587
114754, 11587
139599, 11587
160691, 11587
163690, 11587
261412, 11587
18758, 11490
65077, 11481
185224, 11481
225463, 11481
278498, 11481
289456, 11481
214748, 11461
75465, 11402
105740, 11402
122614, 11402
130649, 11402
139573, 11402
142052, 11402
147108, 11402
177613, 11402
72277, 11325
109042, 11325
179967, 11325
205471, 11325
221645, 11316
275601, 11282
64935, 11264
92088, 11264
109792, 11230
146857, 11213
232519, 11213
170782, 11080
185215, 11080
209039, 11080
218831, 11080
226002, 11080
242282, 11080
259186, 11080
225454, 11076
163292, 11047
225693, 11047
232208, 11016
251136, 11016
44322, 11001
138843, 11001
237983, 11001
289934, 11001
134629, 10985
253507, 10985
211597, 10983
203978, 10906
260391, 10906
260883, 10906
290633, 10906
103223, 10901
177713, 10901
180520, 10901
189366, 10901
193261, 10901
196968, 10901
197272, 10901
202833, 10901
207358, 10901
208072, 10901
208795, 10901
215010, 10901
216081, 10901
217534, 10901
231269, 10901
237618, 10901
238973, 10901
239737, 10901
251188, 10901
254119, 10901
261713, 10901
262414, 10901
263582, 10901
263967, 10901
264666, 10901
264926, 10901
266627, 10901
266798, 10901
267502, 10901
270720, 10901
276605, 10901
279189, 10901
280726, 10901
282211, 10901
284217, 10901
285692, 10901
287552, 10901
287712, 10901
292363, 10901
253267, 10786
117588, 10762
125950, 10762
149411, 10762
153957, 10762
154934, 10762
158603, 10762
158900, 10762
176224, 10762
179014, 10762
188696, 10762
192364, 10762
194820, 10762
227852, 10762
229713, 10762
231155, 10762
231332, 10762
238299, 10762
238877, 10762
246494, 10762
249379, 10762
250096, 10762
255262, 10762
256581, 10762
260085, 10762
267129, 10762
268217, 10762
271213, 10762
271377, 10762
274657, 10762
275385, 10762
279353, 10762
286437, 10762
292410, 10762
295824, 10762
94278, 10698
193464, 10689
235430, 10673
243711, 10673
248983, 10673
255497, 10673
262243, 10673
263954, 10673
271661, 10673
274611, 10673
274780, 10673
280141, 10673
280703, 10673
288400, 10673
24443, 10626
25302, 10626
34142, 10626
36987, 10626
37838, 10626
52829, 10626
56074, 10626
71605, 10626
99124, 10626
119015, 10626
126621, 10626
127898, 10626
137346, 10626
169681, 10626
185707, 10626
202787, 10626
224789, 10626
246137, 10626
220419, 10583
292752, 10581
140654, 10560
184372, 10560
212271, 10560
219688, 10560
227448, 10560
234111, 10560
238403, 10560
244596, 10560
250372, 10560
275278, 10560
276249, 10560
148026, 10471
158748, 10288
273654, 10269
180601, 10268
184314, 10268
204506, 10268
204603, 10268
205306, 10268
214097, 10268
260677, 10268
264405, 10268
285394, 10268
139058, 10260
220641, 10198
227566, 10160
12544, 10156
290213, 9972
174539, 9922
251911, 9882
121251, 9869
193229, 9837
197367, 9837
127531, 9753
81151, 9563
176675, 9465
101587, 9323
131148, 9323
148582, 9323
176428, 9323
177031, 9323
179447, 9323
183589, 9323
190335, 9323
203681, 9323
205356, 9323
209144, 9323
225246, 9323
229903, 9323
230235, 9323
259928, 9323
222909, 9295
253018, 9295
256108, 9272
289723, 9272
278336, 8947
294214, 8659
3265, 8326
6075, 8288
222272, 8082
250350, 8082
118237, 8028
137398, 8028
142952, 8028
145586, 8028
200388, 8028
121303, 7798
172249, 7658
124485, 7393
126129, 7393
217377, 6251
105437, 5963
118158, 5963
158066, 5963
158695, 5963
90693, 4816
110261, 4816
124778, 4816
6887, 4526
24278, 4526
81306, 4353
279863, 4335
204968, 4311
3112, 4261
536, 4135
872, 4135
1885, 4135
2709, 4135
3652, 4135
3916, 4135
3955, 4135
5752, 4135
11070, 4135
136573, 4135
163238, 4135
165291, 4135
214366, 4135
231554, 4135
267664, 4135
277685, 4135
18374, 4114
23629, 4114
38117, 4114
160182, 4114
10403, 4089
30781, 4089
462, 4088
532, 4088
2214, 4085
6652, 4085
14733, 4085
195866, 4085
295066, 4085
65, 4068
246, 4068
40437, 4062
3231, 4047
4145, 4047
4693, 4047
12848, 4047
57722, 4047
213990, 4047
2065, 4019
107144, 3994
7926, 3987
11325, 3987
12098, 3987
12489, 3987
15451, 3987
15876, 3987
19382, 3987
19907, 3987
21738, 3987
23297, 3987
24461, 3987
26016, 3987
28236, 3987
29027, 3987
29414, 3987
29625, 3987
30792, 3987
33579, 3987
34825, 3987
35872, 3987
38164, 3987
38821, 3987
39682, 3987
42252, 3987
44321, 3987
44805, 3987
45175, 3987
45217, 3987
51039, 3987
54503, 3987
56084, 3987
56643, 3987
57978, 3987
59578, 3987
62068, 3987
62158, 3987
67965, 3987
68346, 3987
70399, 3987
71836, 3987
72059, 3987
74429, 3987
75427, 3987
76185, 3987
76501, 3987
78871, 3987
81563, 3987
92826, 3987
95725, 3987
97375, 3987
102670, 3987
103514, 3987
114724, 3987
194472, 3985
9513, 3984
28279, 3984
30146, 3984
61730, 3984
48618, 3980
58596, 3980
69652, 3980
74457, 3980
76537, 3980
82813, 3980
96656, 3980
1, 3973
5, 3973
18, 3973
3216, 3964
4732, 3964
255595, 3964
265928, 3964
2893, 3885
64703, 3797
75996, 3797
77109, 3797
82064, 3797
59374, 3680
18886, 3636
164, 3614
249378, 3506
81864, 3494
73797, 3214
83147, 3214
90556, 3214
118207, 2921
125915, 2921
175637, 2921
221574, 2921
230117, 2921
235670, 2921
252635, 2921
287978, 2921
288835, 2921
116, 2508
249162, 2227
137457, 2214
265761, 2209
2170, 2172
200694, 2162
2056, 2151
120139, 2151
134860, 2151
197936, 2151
123867, 2134
150466, 2134
3599, 2081
5183, 2080
5970, 2080
6246, 2080
2882, 2070
5186, 2070
175168, 2069
3790, 2066
9377, 2053
11782, 2053
99016, 2036
139743, 2036
8273, 2027
8584, 2027
8751, 2027
8843, 2027
8931, 2027
9854, 2027
9950, 2027
10043, 2027
10074, 2027
10090, 2027
10257, 2027
10261, 2027
10342, 2027
10383, 2027
10633, 2027
10704, 2027
10727, 2027
10782, 2027
10978, 2027
11269, 2027
11332, 2027
11579, 2027
11675, 2027
11746, 2027
12130, 2027
12427, 2027
12569, 2027
12785, 2027
13057, 2027
13141, 2027
13278, 2027
13419, 2027
13743, 2027
14018, 2027
5917, 2024
7004, 2024
7908, 2024
8091, 2024
8182, 2024
8296, 2024
9354, 2024
9750, 2024
11897, 2024
13011, 2024
8670, 2019
10762, 2019
12042, 2019
12829, 2019
12975, 2019
13489, 2019
13558, 2019
13939, 2019
14020, 2019
14191, 2019
14230, 2019
14282, 2019
14421, 2019
14459, 2019
14557, 2019
14621, 2019
15040, 2019
15446, 2019
15580, 2019
15662, 2019
15774, 2019
16066, 2019
16259, 2019
9292, 2017
1518, 2010
7988, 2003
4830, 2001
1156, 1998
11807, 1986
13803, 1986
14289, 1986
14590, 1986
14667, 1986
14969, 1986
15126, 1986
15161, 1986
15444, 1986
15872, 1986
15885, 1986
16276, 1986
16343, 1986
16589, 1986
16656, 1986
16758, 1986
16789, 1986
16948, 1986
17043, 1986
18567, 1986
18577, 1986
18710, 1986
19217, 1986
19279, 1986
290836, 1985
3517, 1983
5429, 1983
6059, 1983
5544, 1975
15980, 1971
16533, 1971
16906, 1971
16996, 1971
17156, 1971
17177, 1971
18287, 1971
18698, 1971
208589, 1971
7949, 1968
7919, 1966
13770, 1963
16053, 1963
17589, 1963
18666, 1963
19690, 1963
10643, 1960
13985, 1960
9102, 1953
9982, 1953
13271, 1952
14571, 1952
15502, 1952
15805, 1952
16935, 1952
12190, 1948
13409, 1948
14137, 1948
15366, 1948
15656, 1948
15804, 1948
16492, 1948
16553, 1948
19247, 1946
20256, 1946
21657, 1946
20249, 1944
16516, 1943
223188, 1941
17170, 1934
17309, 1934
18552, 1934
19748, 1934
20282, 1934
20382, 1934
20434, 1934
20662, 1934
20998, 1934
21086, 1934
21226, 1934
21585, 1934
21782, 1934
21986, 1934
22053, 1934
11322, 1927
18786, 1926
20696, 1926
18583, 1914
20171, 1914
20482, 1914
20964, 1914
21104, 1914
21190, 1914
21726, 1914
21816, 1914
22618, 1914
22807, 1914
22821, 1914
22839, 1914
22907, 1914
22982, 1914
23035, 1914
23130, 1914
23852, 1914
24451, 1914
24538, 1914
24610, 1914
26190, 1914
26501, 1914
32821, 1914
53475, 1914
11366, 1900
11403, 1900
19061, 1887
20014, 1887
12946, 1880
266392, 1880
17055, 1877
18973, 1877
19077, 1877
21191, 1877
22079, 1877
22636, 1877
22808, 1877
22914, 1877
23079, 1877
23598, 1877
24419, 1877
24444, 1877
25057, 1877
25612, 1877
26639, 1877
14386, 1876
15384, 1876
18470, 1852
19713, 1852
19867, 1852
20436, 1852
20530, 1852
20860, 1852
21066, 1852
21431, 1852
21601, 1852
21758, 1852
22098, 1852
22183, 1852
22880, 1852
23641, 1852
24008, 1852
24120, 1852
24741, 1852
24922, 1852
25243, 1852
25460, 1852
25480, 1852
25508, 1852
25604, 1852
26468, 1852
27611, 1852
12616, 1850
14040, 1850
15461, 1850
14316, 1847
18511, 1847
23721, 1847
23732, 1847
23861, 1847
24655, 1847
25200, 1847
25760, 1847
26368, 1847
26877, 1847
26901, 1847
26913, 1847
27193, 1847
27509, 1847
27999, 1847
28193, 1847
28975, 1847
29080, 1847
31322, 1847
14307, 1843
19257, 1843
22012, 1843
23109, 1843
24740, 1843
24862, 1843
26651, 1843
27120, 1843
28018, 1843
28349, 1843
28909, 1843
28958, 1843
29007, 1843
29065, 1843
31907, 1843
11899, 1840
26403, 1840
27913, 1840
28447, 1840
30063, 1840
30237, 1840
31025, 1840
31836, 1840
147133, 1832
14686, 1831
16194, 1831
16337, 1831
15145, 1829
17145, 1829
18950, 1829
19450, 1829
27079, 1829
27092, 1829
28681, 1829
29312, 1829
29643, 1829
29896, 1829
30018, 1829
30214, 1829
30297, 1829
30581, 1829
31191, 1829
31257, 1829
31827, 1829
32068, 1829
32139, 1829
32455, 1829
32626, 1829
33160, 1829
33591, 1829
34019, 1829
34153, 1829
34171, 1829
34230, 1829
34233, 1829
34523, 1829
34540, 1829
35095, 1829
35285, 1829
36124, 1829
36167, 1829
37975, 1829
38043, 1829
38446, 1829
25015, 1828
19792, 1825
21460, 1825
23738, 1825
23775, 1825
24193, 1825
24507, 1825
24946, 1825
25054, 1825
25593, 1825
26497, 1825
26549, 1825
26666, 1825
26708, 1825
27115, 1825
27142, 1825
27340, 1825
27342, 1825
28060, 1825
28680, 1825
29004, 1825
29375, 1825
29714, 1825
30073, 1825
30115, 1825
30347, 1825
30392, 1825
30466, 1825
30582, 1825
30635, 1825
30898, 1825
30959, 1825
31214, 1825
31264, 1825
31286, 1825
31474, 1825
32511, 1825
32793, 1825
33341, 1825
34268, 1825
16993, 1824
24073, 1824
24702, 1824
27876, 1824
29600, 1824
29743, 1824
30704, 1824
31159, 1824
31469, 1824
31774, 1824
32022, 1824
32183, 1824
32493, 1824
33144, 1824
33466, 1824
35046, 1824
35135, 1824
35450, 1824
35547, 1824
35656, 1824
36009, 1824
36091, 1824
37383, 1824
22806, 1823
25936, 1823
26395, 1823
29653, 1823
29876, 1823
30280, 1823
34998, 1823
25976, 1822
25453, 1820
27807, 1820
28495, 1820
30086, 1820
31374, 1811
20119, 1808
20717, 1808
25638, 1808
28558, 1806
29150, 1806
31825, 1806
32475, 1806
33122, 1806
34447, 1806
26739, 1797
28050, 1797
29555, 1797
32015, 1797
33390, 1797
35256, 1797
36325, 1797
37577, 1797
20745, 1796
29359, 1793
33726, 1792
29954, 1788
23179, 1781
33494, 1781
14023, 1774
18322, 1774
24225, 1774
24144, 1773
26762, 1773
29443, 1771
30110, 1771
30867, 1771
32159, 1771
33359, 1771
33629, 1771
34217, 1771
35278, 1771
35328, 1771
35816, 1771
35972, 1771
36444, 1771
36554, 1771
37081, 1771
37457, 1771
37740, 1771
37780, 1771
37918, 1771
38321, 1771
38454, 1771
38692, 1771
41044, 1771
43978, 1771
48115, 1771
39784, 1769
25486, 1761
27966, 1754
30289, 1754
29494, 1753
31777, 1753
34822, 1753
39885, 1753
39939, 1753
41896, 1753
44052, 1753
45919, 1753
46371, 1753
46496, 1753
46788, 1753
48071, 1753
48724, 1753
50333, 1753
50563, 1753
50676, 1753
52237, 1753
196799, 1750
29139, 1746
33639, 1746
34202, 1746
34406, 1746
35058, 1746
36434, 1746
37103, 1746
37596, 1746
37681, 1746
37876, 1746
38656, 1746
39450, 1746
39859, 1746
40707, 1746
40779, 1746
40833, 1746
41033, 1746
41428, 1746
41613, 1746
43092, 1746
43594, 1746
44083, 1746
44888, 1746
46375, 1746
47295, 1746
15318, 1737
19709, 1733
30356, 1731
42081, 1731
49767, 1731
10660, 1724
13378, 1724
30338, 1719
32612, 1719
33343, 1719
33762, 1719
34044, 1719
35092, 1719
37723, 1719
39788, 1719
41631, 1719
43432, 1719
18357, 1716
21068, 1716
18229, 1714
257358, 1714
25988, 1711
26353, 1711
21130, 1710
23854, 1710
17807, 1707
31365, 1704
33347, 1704
33575, 1704
33955, 1704
34972, 1704
35425, 1704
36758, 1704
36806, 1704
37901, 1704
38544, 1704
39715, 1704
39731, 1704
40120, 1704
40202, 1704
40455, 1704
41344, 1704
41567, 1704
41657, 1704
43763, 1704
49528, 1704
34281, 1702
41017, 1702
41437, 1702
44920, 1702
45942, 1702
46299, 1702
38080, 1700
39635, 1700
39959, 1700
40187, 1699
32623, 1695
39509, 1695
39831, 1695
39981, 1695
40966, 1695
41493, 1695
42089, 1695
42523, 1695
43439, 1695
44455, 1695
45265, 1695
45709, 1695
47413, 1695
47681, 1695
50561, 1695
25290, 1694
31423, 1694
32699, 1694
34129, 1694
34468, 1694
37897, 1694
38292, 1694
39185, 1694
40978, 1694
41355, 1694
42417, 1694
42760, 1694
43630, 1694
43853, 1694
44199, 1694
44628, 1694
44703, 1694
44893, 1694
45853, 1694
46399, 1694
47485, 1694
48104, 1694
48750, 1694
48465, 1693
19374, 1690
22471, 1690
23000, 1690
24380, 1690
24696, 1686
40880, 1686
44171, 1686
16184, 1685
27197, 1685
27609, 1685
28169, 1685
28428, 1685
32420, 1685
36764, 1685
37532, 1685
37645, 1685
38242, 1685
38854, 1685
38962, 1685
39141, 1685
40241, 1685
40819, 1685
42311, 1685
43622, 1685
43867, 1685
43891, 1685
43898, 1685
44177, 1685
44192, 1685
45418, 1685
46066, 1685
46363, 1685
47419, 1685
47443, 1685
48311, 1685
48696, 1685
49406, 1685
49536, 1685
49602, 1685
50401, 1685
50813, 1685
37405, 1684
39431, 1684
40000, 1684
41465, 1684
42638, 1684
43449, 1684
43658, 1684
44643, 1684
45471, 1684
45530, 1684
45543, 1684
46287, 1684
47446, 1684
48556, 1684
48663, 1684
49245, 1684
49813, 1684
49888, 1684
50045, 1684
50482, 1684
54035, 1684
34871, 1682
36144, 1682
39533, 1682
39862, 1682
41695, 1682
42046, 1682
42928, 1682
43062, 1682
43736, 1682
43757, 1682
43964, 1682
44690, 1682
44933, 1682
45632, 1682
46324, 1682
47949, 1682
48272, 1682
49098, 1682
49177, 1682
49484, 1682
49617, 1682
49987, 1682
50153, 1682
50428, 1682
50845, 1682
50995, 1682
51851, 1682
52320, 1682
52381, 1682
52384, 1682
52585, 1682
52877, 1682
52993, 1682
53241, 1682
55233, 1682
55591, 1682
55675, 1682
55764, 1682
53001, 1676
34353, 1674
37847, 1674
42443, 1674
42722, 1674
48822, 1674
20243, 1668
20487, 1668
23058, 1668
32718, 1667
36470, 1667
37163, 1667
37401, 1667
37539, 1667
38609, 1667
39735, 1667
40218, 1667
41508, 1667
41858, 1667
43018, 1667
43276, 1667
43703, 1667
45412, 1667
45746, 1667
45865, 1667
46724, 1667
47498, 1667
48489, 1667
48614, 1667
48836, 1667
48988, 1667
50378, 1667
52995, 1667
53445, 1667
55005, 1667
57707, 1667
15262, 1665
34733, 1665
36684, 1665
37529, 1665
38060, 1665
40071, 1665
40546, 1665
40633, 1665
40649, 1665
40763, 1665
41274, 1665
41432, 1665
41462, 1665
41716, 1665
41906, 1665
42781, 1665
43160, 1665
44370, 1665
44773, 1665
45033, 1665
45560, 1665
45840, 1665
46179, 1665
46482, 1665
46613, 1665
47013, 1665
47307, 1665
47524, 1665
47910, 1665
48077, 1665
48153, 1665
48472, 1665
48996, 1665
49088, 1665
49107, 1665
49392, 1665
49394, 1665
49616, 1665
49839, 1665
49897, 1665
49947, 1665
50037, 1665
50176, 1665
50387, 1665
50559, 1665
51087, 1665
51091, 1665
51347, 1665
52067, 1665
52122, 1665
53120, 1665
53177, 1665
53868, 1665
55532, 1665
55844, 1665
56008, 1665
56222, 1665
58230, 1665
58289, 1665
58834, 1665
26752, 1661
38101, 1661
53579, 1661
34582, 1659
38070, 1659
38469, 1659
42802, 1659
44123, 1659
29547, 1655
35240, 1655
36359, 1655
37232, 1655
37426, 1655
37806, 1655
41535, 1655
41943, 1655
44143, 1655
6423, 1645
40166, 1644
40553, 1644
47888, 1644
48353, 1644
49175, 1644
49686, 1644
49922, 1644
49984, 1644
51281, 1644
35569, 1642
43772, 1642
44184, 1642
44708, 1642
44822, 1642
45592, 1642
46895, 1642
47284, 1642
47819, 1642
48336, 1642
48753, 1642
50988, 1642
52049, 1642
54869, 1642
55201, 1642
27957, 1641
38307, 1640
43415, 1640
43707, 1640
45141, 1640
45296, 1640
45459, 1640
47078, 1640
47729, 1640
48313, 1640
51081, 1640
51376, 1640
52134, 1640
54150, 1640
58399, 1640
47832, 1636
3466, 1635
5909, 1635
27901, 1634
28338, 1634
45587, 1632
41326, 1631
7631, 1629
42911, 1629
45385, 1629
46086, 1629
54048, 1629
10829, 1628
40414, 1627
42421, 1627
44338, 1627
45076, 1627
45769, 1627
45948, 1627
46416, 1627
48295, 1627
48304, 1627
49744, 1627
51264, 1627
53011, 1627
53585, 1627
40641, 1625
34834, 1622
42968, 1622
44381, 1622
46502, 1622
42642, 1616
21319, 1612
22126, 1612
26452, 1612
31834, 1612
33971, 1612
281534, 1612
8932, 1611
2596, 1604
32196, 1602
43768, 1602
24657, 1600
30718, 1600
32161, 1600
28260, 1589
32478, 1589
28914, 1551
22262, 1523
28477, 1452
38851, 1452
53873, 1452
54192, 1452
64128, 1452
79607, 1452
114657, 1450
292191, 1450
99309, 1416
211900, 1416
50289, 1413
55506, 1413
67440, 1413
68869, 1413
69256, 1413
100297, 1413
101099, 1413
105778, 1413
108820, 1413
120350, 1413
127816, 1413
138618, 1413
153556, 1413
175120, 1413
185872, 1413
200796, 1413
205410, 1413
217270, 1413
225422, 1413
225606, 1413
227349, 1413
235861, 1413
260159, 1413
268958, 1413
283051, 1413
289827, 1413
295047, 1413
132335, 1375
7312, 1341
42300, 1317
47907, 1317
70334, 1317
46041, 1303
54800, 1303
116095, 1303
132473, 1303
145184, 1303
168074, 1303
171107, 1303
192856, 1303
207149, 1303
246576, 1303
282976, 1303
135163, 1293
23509, 1290
29160, 1290
29178, 1290
29480, 1290
31331, 1290
985, 1242
1376, 1242
1717, 1242
1779, 1242
1827, 1242
2050, 1242
2442, 1242
2451, 1242
2630, 1242
2840, 1242
2874, 1242
2910, 1242
3097, 1242
3107, 1242
3171, 1242
3288, 1242
3295, 1242
3439, 1242
3508, 1242
3540, 1242
3565, 1242
3738, 1242
3783, 1242
3872, 1242
3935, 1242
3959, 1242
4059, 1242
4158, 1242
4233, 1242
4260, 1242
4317, 1242
4345, 1242
4353, 1242
4411, 1242
4436, 1242
4522, 1242
4556, 1242
4557, 1242
4562, 1242
4611, 1242
4639, 1242
4654, 1242
4736, 1242
4771, 1242
4865, 1242
4914, 1242
4922, 1242
4932, 1242
4980, 1242
5042, 1242
5089, 1242
5114, 1242
5135, 1242
5212, 1242
5240, 1242
8326, 1240
21323, 1240
22795, 1240
24992, 1240
25278, 1240
38634, 1240
110281, 1240
26681, 1237
107162, 1237
269680, 1237
824, 1233
1793, 1233
2426, 1233
2718, 1231
11102, 1227
69455, 1227
73266, 1227
88002, 1227
91125, 1227
98323, 1227
98924, 1227
100046, 1227
104014, 1227
104688, 1227
110450, 1227
124966, 1227
28573, 1216
31402, 1216
1690, 1211
1820, 1198
4614, 1196
159434, 1195
191817, 1195
245459, 1195
269264, 1195
289342, 1195
4066, 1191
187864, 1191
202144, 1191
272875, 1191
3749, 1190
4636, 1190
4706, 1190
5132, 1190
105668, 1181
111260, 1181
114402, 1181
125244, 1181
131242, 1181
142915, 1181
681, 1179
1294, 1179
939, 1161
962, 1161
28157, 1158
41711, 1158
113241, 1158
343, 1144
18299, 1144
193751, 1140
140823, 1138
11998, 1133
143517, 1131
259155, 1131
17977, 1118
996, 1116
934, 1109
1001, 1109
913, 1104
26713, 1093
42084, 1093
94154, 1093
188367, 1091
21267, 1083
31342, 1083
1441, 1077
6235, 1077
102791, 1077
125938, 1077
131466, 1077
140261, 1077
154059, 1077
161788, 1077
190543, 1077
192429, 1077
221883, 1077
248762, 1077
903, 1075
959, 1075
57095, 1075
70040, 1075
72722, 1075
74130, 1075
75844, 1075
84611, 1075
88255, 1075
110095, 1075
137577, 1075
194456, 1075
287950, 1075
38948, 1074
162294, 1074
274255, 1074
25519, 1071
44311, 1071
64807, 1071
86739, 1071
131314, 1071
169334, 1071
182711, 1071
182822, 1071
183218, 1071
205489, 1071
229254, 1071
229954, 1071
253473, 1071
9927, 1069
46896, 1069
205935, 1069
212115, 1069
239064, 1069
240253, 1069
270189, 1069
295123, 1069
107559, 1068
182490, 1068
289357, 1068
11973, 1063
14572, 1063
102667, 1063
105021, 1063
118029, 1063
130123, 1063
142356, 1063
145497, 1063
169047, 1063
174752, 1063
186219, 1063
197243, 1063
198812, 1063
200107, 1063
217176, 1063
220329, 1063
221134, 1063
236465, 1063
237386, 1063
268030, 1059
108614, 1058
1015, 1057
17878, 1057
127624, 1057
206083, 1057
281418, 1057
690, 1056
7456, 1056
31344, 1056
153917, 1056
26564, 1055
62133, 1055
79493, 1055
107175, 1055
133922, 1055
160145, 1055
274509, 1055
76979, 1052
116124, 1052
285435, 1052
2736, 1051
6173, 1051
208504, 1051
273543, 1051
4707, 1049
260067, 1049
289208, 1049
291656, 1049
61043, 1047
116994, 1047
215673, 1047
861, 1045
869, 1045
103106, 1045
122617, 1045
24836, 1044
118488, 1044
9923, 1043
116628, 1043
35692, 1042
39928, 1042
55325, 1042
57854, 1042
99070, 1042
107438, 1042
109155, 1042
127095, 1042
133136, 1042
176326, 1042
231696, 1042
5131, 1039
14224, 1039
29050, 1039
34177, 1039
38389, 1039
54356, 1039
58336, 1039
89705, 1039
212818, 1039
969, 1038
1138, 1037
77656, 1036
252601, 1035
74269, 1034
127956, 1034
99061, 1033
116134, 1033
18139, 1031
18373, 1031
25163, 1031
50847, 1031
136652, 1027
5235, 1026
19747, 1026
37377, 1026
242081, 1026
252230, 1026
25647, 1024
119264, 1022
188551, 1022
81425, 1020
6899, 1019
9735, 1019
24518, 1019
34196, 1019
96169, 1019
15452, 1017
25951, 1017
26475, 1017
33016, 1017
34716, 1017
48018, 1017
54189, 1017
65035, 1017
827, 1013
931, 1013
7232, 1011
9036, 1011
48541, 1011
76695, 1011
170842, 1010
11169, 1008
16329, 1002
221361, 1002
22005, 1001
