262392, 57885
264069, 57885
265186, 57885
271752, 57885
273524, 57885
284917, 57885
290474, 57885
294634, 57885
295420, 57885
506, 56916
1200, 56916
258997, 56916
285907, 56916
293100, 56916
295532, 56916
153091, 56079
197827, 56079
249147, 56079
253327, 56079
255517, 56079
260833, 56079
261540, 56079
273768, 56079
285600, 56079
295351, 56079
111539, 52095
145047, 51706
651, 49321
280843, 48564
79396, 3737
88541, 3737
104060, 3737
160995, 3737
44850, 3693
56100, 3693
71729, 3693
86675, 3693
110092, 3693
112464, 3693
129080, 3693
139872, 3693
140834, 3693
148907, 3693
176409, 3693
201963, 3693
208838, 3693
208973, 3693
219098, 3693
227369, 3693
242595, 3693
266067, 3693
266327, 3693
279858, 3693
291576, 3693
296435, 3693
13432, 3646
84269, 3646
102005, 3646
112140, 3646
167734, 3646
196431, 3646
223032, 3646
276789, 3646
152107, 3643
177726, 3643
210266, 3643
228667, 3643
272508, 3643
277794, 3643
155530, 3640
203551, 3640
223164, 3640
242697, 3640
262666, 3640
268633, 3631
19534, 3629
70298, 3629
71634, 3629
72593, 3629
80981, 3629
87201, 3629
89676, 3629
94229, 3629
111308, 3629
111479, 3629
122900, 3629
127865, 3629
162908, 3629
177828, 3629
184326, 3629
193647, 3629
197916, 3629
198019, 3629
206841, 3629
210874, 3629
221826, 3629
242784, 3629
248351, 3629
258591, 3629
265282, 3629
265834, 3629
275905, 3629
284207, 3629
290533, 3629
290829, 3629
293676, 3629
296128, 3629
233734, 3626
74074, 3565
105632, 3565
117065, 3565
164947, 3565
224761, 3565
293176, 3565
268155, 3553
265600, 3550
8904, 3538
177738, 3538
111171, 3533
275416, 3491
241057, 3486
242503, 3486
233961, 3485
172551, 3483
94559, 3468
291377, 3453
141375, 3403
295120, 3403
174274, 3378
232128, 3363
245426, 3359
291729, 3348
70766, 3340
250343, 3289
212441, 3270
150504, 3212
108265, 3044
255107, 3044
286465, 3003
207599, 2996
199566, 2989
284389, 2989
64822, 2981
93670, 2981
178196, 2981
235723, 2981
128185, 2965
135639, 2965
190514, 2965
257184, 2965
41494, 2962
129745, 2962
274713, 2962
290957, 2962
294122, 2944
12886, 2939
106619, 2929
162102, 2929
166690, 2929
168820, 2929
73091, 2927
143334, 2927
75541, 2918
115691, 2918
191504, 2918
4540, 2910
221192, 2910
38866, 2900
39013, 2900
40183, 2900
58897, 2900
136153, 2900
229501, 2900
266151, 2900
68330, 2886
147255, 2879
65061, 2878
211982, 2878
106332, 2855
140245, 2855
140360, 2855
143920, 2855
163131, 2855
182814, 2855
255704, 2855
296261, 2855
199009, 2853
234221, 2853
5292, 2847
143103, 2847
288437, 2847
132938, 2843
161839, 2843
206346, 2843
213400, 2843
221823, 2843
66105, 2829
66960, 2829
72221, 2829
76708, 2829
101393, 2829
133536, 2829
209872, 2829
211761, 2829
123195, 2826
210583, 2826
86571, 2814
44840, 2806
64693, 2806
80002, 2806
100860, 2806
141419, 2806
167039, 2806
195249, 2806
273103, 2806
45527, 2799
84413, 2799
97788, 2799
102713, 2799
116730, 2799
127091, 2799
151359, 2799
169753, 2799
204946, 2799
207530, 2799
90500, 2778
126568, 2778
179067, 2778
279334, 2778
288312, 2778
191239, 2775
158630, 2764
191615, 2764
201296, 2764
219168, 2764
228460, 2764
56363, 2762
197623, 2742
200279, 2742
78571, 2739
32917, 2734
84406, 2734
142596, 2734
170653, 2734
248068, 2734
274891, 2734
63584, 2732
62977, 2707
73507, 2707
98161, 2707
100493, 2707
180223, 2707
229231, 2707
251204, 2707
263680, 2707
253948, 2705
99452, 2704
225032, 2704
258477, 2704
142156, 2701
190846, 2699
16519, 2690
96522, 2690
114328, 2690
116213, 2690
116418, 2690
126629, 2690
135236, 2690
145823, 2690
146159, 2690
153481, 2690
176068, 2690
185528, 2690
191154, 2690
193210, 2690
212592, 2690
213540, 2690
215413, 2690
254221, 2690
265537, 2690
292094, 2690
109812, 2686
166504, 2686
217420, 2686
251181, 2685
12495, 2683
36935, 2683
110413, 2683
243973, 2683
16080, 2678
36784, 2678
72340, 2678
98639, 2678
179762, 2678
249299, 2677
274465, 2677
100353, 2669
277374, 2669
249921, 2665
276582, 2665
291344, 2665
17917, 2651
80868, 2651
126939, 2651
116978, 2648
238311, 2644
111604, 2638
158375, 2638
164626, 2638
224386, 2638
17257, 2634
18584, 2634
22764, 2634
26655, 2634
33155, 2634
33814, 2634
35981, 2634
40699, 2634
41812, 2634
44106, 2634
55676, 2634
62553, 2634
68422, 2634
93305, 2634
102950, 2634
110007, 2634
110157, 2634
111135, 2634
128060, 2634
141033, 2634
145356, 2634
158670, 2634
164921, 2634
181683, 2634
195173, 2634
241450, 2634
97732, 2633
116999, 2633
117698, 2633
174590, 2633
177689, 2633
190006, 2633
202412, 2633
245182, 2633
272444, 2633
22622, 2632
36662, 2632
51109, 2632
73899, 2632
102271, 2632
120039, 2632
126656, 2632
136678, 2632
165889, 2632
193491, 2632
198688, 2632
211477, 2632
230907, 2632
252241, 2632
274572, 2632
78399, 2631
227528, 2631
180429, 2621
195430, 2621
235854, 2621
45115, 2620
87437, 2620
226481, 2620
234845, 2620
292162, 2620
40309, 2613
71099, 2613
125289, 2613
126612, 2613
222877, 2613
223829, 2613
271722, 2613
293216, 2613
296384, 2613
5631, 2612
29578, 2612
38072, 2612
39751, 2612
41865, 2612
47140, 2612
55998, 2612
84935, 2612
87368, 2612
93887, 2612
105964, 2612
113752, 2612
126181, 2612
129180, 2612
130983, 2612
133022, 2612
135165, 2612
151635, 2612
162107, 2612
166566, 2612
173166, 2612
180716, 2612
195328, 2612
206824, 2612
234435, 2612
267757, 2612
272470, 2612
17754, 2603
57136, 2603
95032, 2603
164901, 2603
169053, 2603
173742, 2603
247985, 2603
276228, 2603
280368, 2603
159214, 2601
237982, 2601
243492, 2601
72853, 2597
86465, 2595
157004, 2595
192991, 2595
238963, 2595
140200, 2590
249022, 2590
78876, 2584
114610, 2584
95757, 2583
117326, 2583
173752, 2583
191649, 2583
271813, 2583
62895, 2582
195113, 2582
2400, 2581
33952, 2581
126527, 2581
134781, 2581
145799, 2581
200961, 2581
203112, 2581
223110, 2581
276207, 2581
95924, 2580
109987, 2580
114918, 2580
119962, 2580
124198, 2580
140941, 2580
152974, 2580
162168, 2580
227636, 2580
227830, 2580
257616, 2580
287846, 2580
124524, 2579
282639, 2575
59699, 2574
26622, 2571
35662, 2571
42409, 2571
42561, 2571
52961, 2571
67826, 2571
75260, 2571
77674, 2571
129531, 2571
138186, 2571
146495, 2571
164390, 2571
164451, 2571
166599, 2571
171431, 2571
174390, 2571
175136, 2571
176678, 2571
177788, 2571
191977, 2571
203312, 2571
228860, 2571
273549, 2571
274278, 2571
222702, 2570
258262, 2570
49739, 2569
54655, 2569
101589, 2569
116039, 2569
129687, 2569
130929, 2569
133843, 2569
164288, 2569
167518, 2569
168014, 2569
176606, 2569
189547, 2569
209678, 2569
220192, 2569
228102, 2569
254915, 2569
272685, 2569
274773, 2569
279751, 2569
293258, 2569
72302, 2568
140083, 2567
257240, 2567
93452, 2564
119169, 2564
143448, 2564
149341, 2564
173978, 2564
176773, 2564
194785, 2564
123633, 2561
185826, 2561
187733, 2561
203958, 2561
231402, 2561
237065, 2561
252660, 2561
258861, 2561
263708, 2561
269268, 2561
287877, 2561
292691, 2561
296300, 2561
186371, 2559
191226, 2559
231387, 2559
254575, 2557
81771, 2556
152317, 2556
197871, 2556
238832, 2556
255754, 2556
260058, 2556
263544, 2556
265988, 2556
20233, 2552
146106, 2551
20928, 2550
30097, 2550
91294, 2550
112074, 2550
129285, 2550
130882, 2550
133066, 2550
167826, 2550
186001, 2550
255450, 2550
279452, 2550
215764, 2549
43597, 2539
284059, 2539
95853, 2538
111364, 2535
222625, 2535
270564, 2535
274678, 2535
275207, 2535
284602, 2535
7727, 2534
78958, 2534
79518, 2534
91946, 2534
95839, 2534
186845, 2534
187371, 2534
188373, 2534
214484, 2534
234090, 2534
236976, 2534
270743, 2534
271886, 2534
293779, 2534
87041, 2530
224223, 2530
252854, 2530
287646, 2530
201906, 2529
230929, 2529
178554, 2528
22534, 2525
39209, 2525
53390, 2525
64237, 2525
86291, 2525
92615, 2525
112189, 2525
123524, 2525
144831, 2525
182606, 2525
202592, 2525
240937, 2525
241917, 2525
258882, 2525
259000, 2525
261264, 2525
295535, 2525
191572, 2524
263128, 2524
9650, 2523
95676, 2523
132047, 2523
141943, 2523
150864, 2523
156390, 2523
170478, 2523
177785, 2523
237055, 2523
255319, 2523
266691, 2523
272655, 2523
274511, 2523
282361, 2523
5272, 2522
35191, 2522
81841, 2522
88724, 2522
256226, 2522
277225, 2521
153142, 2517
157286, 2517
213657, 2517
222286, 2517
224925, 2517
269083, 2517
272093, 2517
45910, 2516
47371, 2516
87815, 2516
135185, 2516
194035, 2516
252902, 2516
264705, 2516
289461, 2516
131881, 2515
42826, 2512
185065, 2510
208593, 2510
259671, 2510
168102, 2509
95125, 2507
167067, 2507
170277, 2507
221274, 2504
256371, 2504
81379, 2501
144816, 2501
149391, 2501
153366, 2501
154699, 2501
223610, 2501
242828, 2501
270621, 2501
278472, 2501
285698, 2501
286301, 2501
294553, 2501
17894, 2500
54992, 2500
84409, 2500
84628, 2500
92124, 2500
116482, 2500
130386, 2500
136096, 2500
175854, 2500
17715, 2498
64438, 2495
82089, 2495
117938, 2495
134945, 2495
140379, 2495
144234, 2495
167717, 2495
221222, 2495
253343, 2495
282305, 2495
292275, 2495
172086, 2494
172974, 2494
187945, 2494
224160, 2494
241480, 2494
262877, 2494
45685, 2492
79422, 2492
123310, 2492
211959, 2492
215529, 2492
216056, 2492
125845, 2490
228204, 2490
121596, 2487
84092, 2485
238072, 2481
94562, 2480
222186, 2480
267055, 2480
269777, 2480
272142, 2480
217638, 2476
246404, 2476
296481, 2476
98756, 2475
174828, 2474
211810, 2474
258786, 2474
181740, 2472
117307, 2468
132553, 2468
167268, 2468
185761, 2468
202422, 2468
213969, 2468
293745, 2468
102130, 2464
152325, 2464
178595, 2464
188466, 2464
188968, 2464
253328, 2464
109139, 2461
213797, 2461
75413, 2457
79464, 2457
159903, 2457
203987, 2453
234674, 2451
284666, 2451
110534, 2447
135938, 2447
291851, 2447
186601, 2445
33975, 2439
118341, 2439
157377, 2439
158968, 2439
199175, 2439
220252, 2439
221635, 2439
227190, 2439
279488, 2439
212297, 2437
191549, 2435
35894, 2434
38708, 2434
84766, 2434
89330, 2434
131884, 2434
138342, 2434
140438, 2434
151348, 2434
152293, 2434
180166, 2434
208677, 2434
220449, 2434
249682, 2434
254372, 2434
266388, 2434
187608, 2433
242559, 2433
261148, 2433
94226, 2432
174295, 2432
4554, 2430
75896, 2430
109285, 2430
152823, 2430
166226, 2430
231321, 2430
235075, 2430
215442, 2425
244616, 2425
236523, 2424
17605, 2423
233198, 2423
179533, 2422
76523, 2421
115651, 2421
13746, 2417
77612, 2417
177749, 2417
79611, 2414
106151, 2414
108244, 2414
93498, 2411
96277, 2411
110913, 2411
113312, 2411
134472, 2411
144546, 2411
156731, 2411
191679, 2411
203151, 2411
235899, 2411
240954, 2411
242494, 2411
254049, 2411
266744, 2411
77854, 2410
82022, 2407
106123, 2406
151799, 2406
223030, 2406
154353, 2405
224638, 2405
260663, 2405
85862, 2404
188425, 2404
188782, 2404
213038, 2404
223853, 2404
58703, 2400
84331, 2400
89673, 2400
95204, 2400
154560, 2400
268474, 2398
290101, 2393
929, 2389
120638, 2389
99143, 2388
165709, 2388
225461, 2388
181845, 2387
2708, 2383
30517, 2383
86431, 2383
124438, 2383
144498, 2383
153873, 2383
159568, 2383
159995, 2383
181039, 2383
182941, 2383
202498, 2383
219347, 2383
224192, 2383
227306, 2383
234518, 2383
246947, 2383
292596, 2383
40529, 2373
151765, 2373
157380, 2373
161307, 2373
216814, 2373
217336, 2373
221436, 2373
232681, 2373
294368, 2373
39316, 2368
178591, 2368
259944, 2368
113927, 2364
187822, 2364
94414, 2361
99229, 2361
154703, 2361
189908, 2361
218946, 2361
224855, 2361
227506, 2361
243454, 2361
8526, 2360
147666, 2360
50418, 2356
111536, 2355
153166, 2355
72244, 2346
105279, 2346
132697, 2346
219196, 2346
111515, 2344
144883, 2344
158548, 2341
175197, 2341
208287, 2341
115862, 2339
122690, 2339
154282, 2339
221497, 2339
219225, 2329
199644, 2325
239213, 2325
288885, 2318
34987, 2314
139128, 2314
234703, 2314
196061, 2311
227399, 2311
215368, 2308
87897, 2307
89335, 2302
166421, 2302
177251, 2302
184418, 2302
246269, 2302
271791, 2302
283414, 2302
293243, 2302
1754, 2298
211095, 2297
281442, 2289
194994, 2287
289860, 2287
161794, 2286
49932, 2284
204845, 2284
180281, 2280
199164, 2280
274136, 2280
280799, 2280
285481, 2280
258675, 2279
271020, 2279
65258, 2275
86257, 2275
156448, 2275
262773, 2275
55413, 2271
78210, 2271
81542, 2271
99891, 2271
105513, 2271
121577, 2271
150101, 2271
177090, 2271
204070, 2271
211965, 2271
243669, 2271
267480, 2271
275621, 2271
213371, 2266
226337, 2266
269763, 2265
5360, 2263
41211, 2263
181235, 2263
202999, 2263
222365, 2263
279768, 2263
164780, 2262
204320, 2262
217217, 2261
182597, 2260
201354, 2260
201634, 2260
230504, 2260
130782, 2257
180090, 2257
205183, 2257
144781, 2252
116386, 2250
141532, 2250
195080, 2250
199333, 2250
213677, 2250
267829, 2250
272072, 2250
291207, 2250
227006, 2247
256238, 2247
213222, 2246
227172, 2246
131220, 2244
236746, 2244
260954, 2244
49395, 2243
93517, 2243
177916, 2243
202860, 2243
212485, 2243
245631, 2243
122406, 2237
229786, 2237
170727, 2234
227805, 2234
250493, 2234
40051, 2232
46553, 2232
44258, 2230
2391, 2224
185186, 2223
266788, 2223
30853, 2222
49994, 2222
75494, 2222
114016, 2222
177403, 2222
278504, 2220
126814, 2217
251490, 2217
283849, 2217
40512, 2216
66294, 2216
70516, 2216
94127, 2216
111522, 2216
144778, 2216
147306, 2216
155870, 2216
171232, 2216
184425, 2216
189371, 2216
214132, 2216
220415, 2216
241443, 2216
241999, 2216
261323, 2216
277906, 2216
279576, 2216
286179, 2216
65414, 2215
78638, 2215
148817, 2215
159016, 2215
194903, 2215
9343, 2214
175414, 2214
54314, 2213
64880, 2213
136302, 2213
147062, 2213
161832, 2213
181399, 2213
192870, 2213
97832, 2211
224173, 2211
187772, 2210
79480, 2208
132082, 2208
220185, 2208
244645, 2208
183533, 2207
223560, 2207
289355, 2207
156700, 2202
218454, 2202
243106, 2202
119630, 2201
93375, 2200
108325, 2200
136326, 2200
148089, 2200
224687, 2200
235176, 2200
262583, 2200
204641, 2197
205038, 2197
227834, 2197
159509, 2190
161889, 2190
172749, 2190
186401, 2190
214345, 2190
214684, 2190
227951, 2190
236172, 2190
255637, 2190
273905, 2190
278630, 2190
162539, 2187
279450, 2187
294708, 2187
115334, 2185
120214, 2185
178166, 2185
135582, 2183
105368, 2181
133796, 2181
134213, 2181
151172, 2181
168369, 2181
176604, 2181
212643, 2181
237250, 2181
246685, 2181
146354, 2177
45300, 2175
288461, 2175
70855, 2173
171327, 2173
192616, 2173
271146, 2173
284279, 2173
111145, 2172
130224, 2172
178781, 2172
232454, 2172
267467, 2172
288490, 2172
101430, 2169
137240, 2169
190277, 2169
164094, 2167
214365, 2167
203036, 2166
102841, 2164
103298, 2164
277678, 2164
290068, 2164
291829, 2164
169809, 2159
231938, 2158
121771, 2152
236915, 2152
221247, 2151
39916, 2150
191017, 2150
237454, 2150
48312, 2149
50960, 2149
30402, 2145
250837, 2143
56169, 2139
264573, 2139
28438, 2138
5119, 2132
219391, 2132
251983, 2132
162113, 2128
172511, 2128
175422, 2128
153676, 2122
50386, 2120
266919, 2120
11190, 2119
155942, 2119
160614, 2119
248150, 2119
250910, 2119
86220, 2118
296185, 2118
125779, 2116
211099, 2116
244068, 2116
291508, 2116
98753, 2114
218174, 2114
9746, 2112
83050, 2112
90021, 2112
121254, 2112
138245, 2112
40285, 2110
120546, 2109
2675, 2108
199655, 2108
19395, 2105
229604, 2104
35644, 2096
38079, 2096
47257, 2096
49217, 2096
54732, 2096
57091, 2096
75390, 2096
81062, 2096
100500, 2096
115306, 2096
115480, 2096
120198, 2096
121134, 2096
139755, 2096
178608, 2096
189610, 2096
110226, 2088
112119, 2088
115667, 2088
117510, 2088
167783, 2088
174871, 2088
180154, 2088
202253, 2088
204820, 2088
107853, 2085
248134, 2085
56574, 2084
58833, 2084
95884, 2084
30970, 2078
30992, 2078
32002, 2078
35488, 2078
38612, 2078
38756, 2078
44619, 2078
46497, 2078
48215, 2078
52502, 2078
54459, 2078
54746, 2078
57096, 2078
68296, 2078
68691, 2078
74975, 2078
82689, 2078
84697, 2078
93903, 2078
97260, 2078
97497, 2078
107355, 2078
119884, 2078
122254, 2078
125625, 2078
146507, 2078
152322, 2078
153339, 2078
164110, 2078
213810, 2078
263327, 2078
280473, 2078
293825, 2078
97027, 2075
197260, 2074
183494, 2072
63927, 2071
91020, 2071
91552, 2071
97340, 2071
120791, 2071
170487, 2071
197281, 2071
278186, 2071
57877, 2070
208798, 2067
210907, 2064
87158, 2060
88739, 2060
114165, 2060
210009, 2060
216875, 2060
257490, 2060
60068, 2056
61917, 2056
135609, 2054
157118, 2053
10397, 2051
261642, 2051
194744, 2049
220392, 2049
17252, 2045
30137, 2045
44116, 2042
210034, 2042
132607, 2040
144928, 2040
2440, 2038
186810, 2038
128075, 2031
208579, 2031
77114, 2030
21276, 2028
32470, 2028
52983, 2028
57372, 2028
57989, 2028
58223, 2028
96219, 2028
99676, 2028
127294, 2028
134118, 2028
178423, 2026
215493, 2026
129677, 2025
85460, 2023
122702, 2023
242532, 2023
276662, 2021
161420, 2018
87622, 2016
74474, 2014
118575, 2014
122420, 2014
182441, 2014
197695, 2014
212270, 2014
241008, 2014
269894, 2014
34197, 2012
229235, 2012
179402, 2010
14006, 2008
39596, 2008
90319, 2008
98532, 2008
132779, 2008
157014, 2008
184243, 2008
188905, 2008
223038, 2008
226958, 2008
285932, 2008
19215, 2007
65952, 2007
126782, 2007
223160, 2007
225299, 2007
122347, 2006
134594, 2006
215310, 2006
292210, 2006
287960, 2003
78658, 2001
237216, 2000
262195, 2000
24486, 1996
113247, 1994
15942, 1993
79352, 1993
101213, 1991
54918, 1989
92807, 1989
170937, 1989
266947, 1989
42807, 1983
77145, 1983
96398, 1983
114315, 1983
126555, 1983
132091, 1983
165352, 1983
203759, 1983
226367, 1983
251492, 1983
260706, 1983
132732, 1982
136709, 1982
239067, 1982
264732, 1982
18641, 1981
19829, 1981
36402, 1981
38186, 1981
39332, 1981
71513, 1981
99345, 1981
115196, 1981
131473, 1981
145757, 1981
169050, 1981
205461, 1981
6494, 1980
157411, 1980
209262, 1980
92012, 1979
150088, 1979
155509, 1979
172621, 1979
186246, 1979
217997, 1979
269306, 1979
128363, 1973
80179, 1971
111831, 1971
123608, 1971
161004, 1971
190001, 1971
191267, 1971
191486, 1971
202023, 1971
225043, 1971
226401, 1971
231351, 1971
260210, 1971
178941, 1970
96366, 1968
131942, 1968
190056, 1968
242041, 1968
214416, 1967
21753, 1965
123577, 1965
272915, 1965
110087, 1964
147215, 1964
151174, 1964
260490, 1964
196879, 1963
174486, 1959
158249, 1958
226407, 1956
226354, 1955
244816, 1955
16481, 1953
33178, 1953
70524, 1953
90915, 1953
95076, 1953
112414, 1953
294147, 1953
193382, 1949
205930, 1949
255373, 1949
169500, 1946
220832, 1946
112154, 1942
249008, 1942
192551, 1940
226560, 1940
43167, 1939
44816, 1939
59999, 1939
115096, 1939
119171, 1939
126571, 1939
214634, 1939
240737, 1939
275388, 1939
91652, 1938
96607, 1938
109323, 1938
237867, 1938
90826, 1937
111650, 1937
123557, 1937
237721, 1937
247203, 1937
248466, 1937
255480, 1937
73063, 1936
199796, 1936
220838, 1936
244403, 1936
154943, 1935
172655, 1932
216795, 1932
91740, 1930
34676, 1929
117008, 1929
178880, 1929
251946, 1929
170246, 1925
104253, 1923
211082, 1923
66289, 1922
95887, 1922
100453, 1922
122797, 1922
124212, 1922
187681, 1922
200292, 1922
231051, 1922
243958, 1922
265934, 1922
295629, 1922
245497, 1919
215453, 1917
103631, 1911
134680, 1910
293691, 1910
72172, 1908
241608, 1908
207112, 1906
119772, 1902
128310, 1902
222339, 1902
257898, 1902
265670, 1902
52974, 1901
56033, 1901
64679, 1901
71348, 1901
73463, 1901
84455, 1901
86413, 1901
89085, 1901
93320, 1901
101535, 1901
112272, 1901
116390, 1901
128970, 1901
131880, 1901
143116, 1901
143916, 1901
168188, 1901
176546, 1901
181051, 1901
193173, 1901
208659, 1901
230594, 1901
237295, 1901
237718, 1901
238337, 1901
242511, 1901
247763, 1901
104642, 1899
122599, 1897
106779, 1896
127593, 1896
161027, 1896
163782, 1896
229990, 1896
247604, 1896
264505, 1896
276653, 1896
190923, 1895
63992, 1894
173625, 1893
252045, 1893
276111, 1893
90752, 1892
173637, 1891
38784, 1888
138828, 1888
33413, 1887
219490, 1887
263373, 1883
118788, 1879
151594, 1879
173679, 1879
218261, 1879
276888, 1879
59982, 1877
79105, 1877
159673, 1877
184699, 1877
53517, 1875
58239, 1875
101085, 1875
112751, 1875
271207, 1875
195802, 1872
239385, 1872
271218, 1872
271436, 1872
259368, 1869
71115, 1868
97447, 1868
102672, 1868
118453, 1868
143748, 1868
145026, 1866
45913, 1864
47645, 1864
60362, 1864
84469, 1864
92882, 1864
196647, 1864
224695, 1864
123170, 1861
253930, 1861
257833, 1859
54567, 1855
77198, 1854
100487, 1854
264521, 1854
63232, 1852
282955, 1852
192730, 1849
238951, 1849
269793, 1849
278405, 1849
283959, 1849
290125, 1849
16676, 1848
129660, 1847
289842, 1846
174047, 1844
191639, 1844
217435, 1844
226920, 1844
242921, 1844
272023, 1844
184731, 1843
22017, 1842
14372, 1841
40746, 1841
170945, 1841
15116, 1839
29994, 1839
70815, 1839
90101, 1839
94103, 1839
251028, 1839
295875, 1839
65954, 1835
70509, 1835
227916, 1835
194177, 1834
249625, 1832
276837, 1831
60208, 1829
22014, 1827
77347, 1827
165043, 1827
186835, 1827
107301, 1822
180839, 1822
247644, 1822
26595, 1820
48179, 1820
73651, 1820
111864, 1820
115268, 1820
126975, 1820
141359, 1820
197364, 1820
248396, 1820
21666, 1819
75162, 1819
79740, 1819
93170, 1819
105100, 1819
106166, 1819
118458, 1819
154795, 1819
171874, 1819
213968, 1819
217343, 1819
271200, 1819
98098, 1817
106687, 1815
158825, 1815
269866, 1815
285915, 1814
44765, 1812
151012, 1812
206321, 1812
176008, 1811
279047, 1811
172040, 1810
77785, 1809
291069, 1807
42554, 1806
67293, 1806
103819, 1806
116226, 1806
141638, 1806
154175, 1806
157063, 1806
199574, 1806
210423, 1806
235662, 1806
236347, 1806
34135, 1805
40179, 1805
43204, 1805
48456, 1805
54257, 1805
62107, 1805
68358, 1805
70955, 1805
72120, 1805
81804, 1805
88404, 1805
96562, 1805
98287, 1805
104870, 1805
106376, 1805
116024, 1805
119889, 1805
123417, 1805
125119, 1805
134194, 1805
174099, 1805
266410, 1805
57537, 1802
136361, 1802
181773, 1802
276817, 1802
288353, 1802
294917, 1802
282766, 1801
293620, 1800
136676, 1799
181165, 1799
287505, 1798
148081, 1797
158917, 1797
56678, 1793
87010, 1793
90188, 1793
91550, 1793
108085, 1793
114104, 1793
127543, 1793
135254, 1793
137473, 1793
142570, 1793
144285, 1793
148146, 1793
154178, 1793
165607, 1793
177641, 1793
178677, 1793
200544, 1793
213651, 1793
221185, 1793
233860, 1793
236432, 1793
237970, 1793
240544, 1793
255172, 1793
269351, 1793
276757, 1793
293614, 1793
296547, 1793
120834, 1792
255802, 1792
276479, 1792
293483, 1792
13531, 1790
52197, 1790
1028, 1788
100064, 1787
130007, 1787
255594, 1787
160661, 1782
181133, 1782
219467, 1782
226919, 1782
96701, 1781
97193, 1781
98746, 1781
127601, 1781
132676, 1781
145268, 1781
170958, 1781
181339, 1781
238477, 1781
31135, 1780
2363, 1778
129964, 1778
48012, 1777
59437, 1777
114593, 1777
136117, 1777
163592, 1777
234253, 1777
100998, 1776
182264, 1776
200019, 1776
213735, 1776
242040, 1776
284074, 1776
98844, 1773
114701, 1773
250539, 1773
196072, 1770
188285, 1769
226659, 1769
241592, 1769
12204, 1768
30536, 1768
40354, 1768
64885, 1768
100102, 1768
110573, 1768
125471, 1768
136801, 1768
149276, 1768
164608, 1768
56588, 1767
84294, 1767
98433, 1767
144355, 1767
177644, 1767
204953, 1763
11302, 1760
112496, 1760
25129, 1756
31955, 1756
41372, 1756
41511, 1756
45249, 1756
48003, 1756
53218, 1756
62618, 1756
63637, 1756
68123, 1756
71309, 1756
78887, 1756
110965, 1756
150283, 1756
153215, 1756
255880, 1756
29335, 1754
48212, 1754
50019, 1754
109867, 1754
123951, 1754
124934, 1754
187166, 1754
191964, 1754
226985, 1754
103185, 1753
135637, 1753
137708, 1753
166046, 1753
185399, 1753
200436, 1753
252011, 1753
259517, 1753
294609, 1753
188313, 1751
206038, 1749
98682, 1742
143163, 1742
195031, 1742
262852, 1742
122182, 1741
161652, 1741
293087, 1741
140620, 1738
260236, 1736
44545, 1735
95661, 1735
176598, 1735
204821, 1735
209313, 1735
231960, 1735
261474, 1735
290438, 1735
110539, 1727
266650, 1725
74105, 1724
82839, 1724
290092, 1724
71082, 1722
85956, 1722
143285, 1720
238033, 1720
251424, 1720
266455, 1720
21948, 1719
46975, 1719
68249, 1719
77552, 1719
130673, 1719
36834, 1717
62257, 1717
64568, 1717
219814, 1717
44359, 1716
61325, 1716
237957, 1712
68261, 1709
185061, 1709
219512, 1709
221675, 1709
224899, 1709
6484, 1708
39105, 1708
46812, 1708
56324, 1708
87422, 1707
178381, 1707
213946, 1707
224924, 1707
291665, 1707
51784, 1702
82429, 1702
154830, 1701
42586, 1698
131661, 1697
156462, 1697
190628, 1697
212608, 1697
213021, 1697
244681, 1697
211910, 1696
244144, 1696
61974, 1695
95208, 1695
142183, 1695
169823, 1695
189595, 1695
213789, 1695
248536, 1695
250651, 1695
256727, 1695
259971, 1695
263779, 1695
281212, 1695
281470, 1695
237527, 1693
242945, 1693
268439, 1693
73646, 1692
81179, 1692
187929, 1692
229049, 1690
281911, 1690
207097, 1688
213107, 1688
229970, 1688
288213, 1688
126035, 1687
55098, 1685
56038, 1685
102316, 1685
215594, 1685
269238, 1683
106299, 1681
181853, 1681
190737, 1681
168680, 1679
146506, 1674
119286, 1673
120334, 1673
157331, 1673
185040, 1673
193402, 1673
233295, 1673
41054, 1672
182409, 1672
197787, 1671
61014, 1670
187181, 1667
250426, 1664
80551, 1663
179561, 1663
221824, 1663
234971, 1663
49487, 1657
133978, 1657
163126, 1657
187263, 1657
190046, 1657
26402, 1655
74297, 1655
150301, 1655
155468, 1655
245898, 1655
55911, 1651
63719, 1651
217392, 1651
264288, 1651
272660, 1651
273199, 1651
52455, 1650
70182, 1650
120904, 1649
277385, 1649
278463, 1649
107883, 1647
198580, 1647
216896, 1647
221785, 1647
245502, 1647
250736, 1647
267695, 1647
270528, 1647
271918, 1647
274488, 1647
283280, 1647
212401, 1646
253526, 1646
293769, 1646
163634, 1645
121168, 1644
127683, 1644
247387, 1644
273407, 1644
276700, 1644
262201, 1643
46418, 1640
195695, 1640
213417, 1640
268597, 1640
87652, 1639
237059, 1639
126708, 1638
232276, 1638
240318, 1638
104518, 1637
94535, 1632
74305, 1631
79513, 1631
88046, 1631
98200, 1631
119486, 1631
138324, 1631
139004, 1631
157806, 1631
168830, 1631
200851, 1631
271094, 1631
272951, 1631
60204, 1630
76939, 1630
113738, 1630
148635, 1630
188661, 1630
224622, 1630
273352, 1630
32155, 1629
204962, 1629
41468, 1627
256088, 1627
282358, 1626
197488, 1624
150928, 1622
281456, 1622
65627, 1620
259439, 1620
67043, 1619
268274, 1615
210725, 1614
229452, 1614
155062, 1613
197375, 1613
19230, 1611
237991, 1611
293713, 1608
164567, 1604
242818, 1604
246010, 1604
250575, 1604
264012, 1604
272642, 1604
254263, 1603
206094, 1601
76339, 1599
110216, 1599
158576, 1599
249031, 1598
279778, 1598
158692, 1593
89275, 1592
206216, 1592
285464, 1592
87349, 1591
224576, 1590
112617, 1587
257181, 1587
292031, 1587
250573, 1585
148507, 1583
11962, 1581
14340, 1581
65650, 1581
208337, 1580
244278, 1580
254686, 1580
254793, 1580
266070, 1580
71415, 1578
84913, 1576
127619, 1576
172631, 1576
258878, 1576
272548, 1576
217742, 1575
261517, 1575
292549, 1574
26556, 1573
222695, 1572
98699, 1569
256801, 1569
224004, 1567
34649, 1564
148823, 1564
151630, 1564
235846, 1564
131331, 1561
158595, 1561
173835, 1561
227163, 1561
236085, 1561
262725, 1561
271128, 1561
108116, 1559
186147, 1559
161932, 1554
260596, 1554
261799, 1554
58266, 1553
137151, 1553
77942, 1552
109386, 1552
156291, 1552
178628, 1552
222041, 1552
138812, 1549
197191, 1549
205786, 1549
210584, 1549
216588, 1549
225332, 1549
285822, 1549
286830, 1549
288525, 1549
293048, 1549
114909, 1548
174853, 1548
213348, 1548
125359, 1547
273009, 1547
231933, 1546
64280, 1545
136425, 1545
218804, 1545
262161, 1544
266107, 1543
268866, 1543
284717, 1543
168466, 1542
257590, 1542
36993, 1541
37372, 1541
121640, 1541
228167, 1540
113631, 1539
222691, 1539
275000, 1539
206976, 1537
214371, 1536
19957, 1534
32327, 1534
41122, 1534
45455, 1534
54794, 1534
62010, 1534
75800, 1534
43499, 1532
52279, 1532
66922, 1532
72280, 1532
101391, 1532
180920, 1530
197505, 1530
101383, 1527
174095, 1527
56373, 1526
181673, 1525
252888, 1525
256909, 1525
146754, 1523
193459, 1520
67217, 1519
72723, 1519
121835, 1517
157536, 1517
171028, 1517
175150, 1517
265817, 1517
287787, 1517
269664, 1516
58093, 1515
291099, 1515
227331, 1513
138258, 1512
142069, 1512
294803, 1512
262255, 1510
12036, 1509
248299, 1507
252429, 1507
131101, 1506
164282, 1506
74688, 1505
245590, 1505
258225, 1505
199891, 1504
213447, 1504
267203, 1504
269442, 1504
293430, 1504
29667, 1502
32665, 1502
36678, 1502
37911, 1502
55746, 1502
56075, 1502
84693, 1502
143781, 1502
157899, 1502
171117, 1502
255279, 1502
57364, 1501
80664, 1501
104175, 1501
171637, 1501
32610, 1499
60936, 1499
206152, 1499
253273, 1499
254010, 1499
276000, 1499
280409, 1499
287192, 1499
18268, 1498
128574, 1498
286029, 1497
267545, 1496
147651, 1495
193689, 1495
210681, 1495
214974, 1495
257226, 1495
291618, 1495
293933, 1495
184943, 1494
246689, 1494
281727, 1494
254593, 1492
129629, 1488
145247, 1488
180249, 1487
30974, 1486
45568, 1486
184487, 1486
193683, 1486
232169, 1486
237654, 1486
242219, 1486
255760, 1486
262909, 1486
267383, 1486
268984, 1486
282441, 1483
227874, 1481
189185, 1480
199098, 1475
150086, 1474
178241, 1474
176427, 1473
274649, 1472
101583, 1471
128291, 1471
270834, 1471
275108, 1471
224553, 1470
289674, 1470
46591, 1468
56956, 1468
64061, 1468
90233, 1468
148561, 1468
135181, 1467
137374, 1467
811, 1466
109965, 1466
167913, 1466
196796, 1466
203183, 1466
227421, 1466
176321, 1464
180862, 1464
44736, 1463
76208, 1463
106219, 1463
119438, 1463
181858, 1463
203147, 1463
229532, 1463
237145, 1463
249230, 1463
283787, 1463
171601, 1462
102463, 1461
222271, 1461
230860, 1461
261797, 1461
267611, 1461
36304, 1460
66509, 1460
202813, 1460
212887, 1460
266289, 1460
111585, 1459
163317, 1459
194039, 1459
247210, 1459
114162, 1456
209432, 1456
290545, 1456
295474, 1456
159636, 1454
281753, 1454
282980, 1454
87960, 1452
207033, 1452
253898, 1452
276638, 1452
37507, 1450
50980, 1450
59452, 1450
90209, 1450
212647, 1450
234287, 1450
273735, 1450
275282, 1450
82784, 1449
91124, 1449
96206, 1449
116816, 1449
146264, 1449
161870, 1449
171364, 1449
256871, 1449
259421, 1449
283823, 1449
61608, 1448
190187, 1448
282329, 1448
288595, 1448
210392, 1447
224152, 1447
245645, 1447
271741, 1447
166907, 1446
54075, 1444
93049, 1444
141826, 1444
169708, 1444
198100, 1444
220789, 1444
251462, 1444
277867, 1444
283842, 1444
53630, 1443
83843, 1443
281462, 1443
147308, 1442
174068, 1442
211971, 1442
202977, 1441
225792, 1441
257382, 1441
213941, 1440
31885, 1439
218646, 1439
48468, 1438
71834, 1438
89300, 1438
93126, 1438
113659, 1438
140927, 1438
191767, 1438
221685, 1438
227559, 1438
263468, 1438
265593, 1438
269625, 1438
282987, 1438
292850, 1438
154647, 1437
161123, 1437
170228, 1437
194940, 1437
248766, 1437
249135, 1437
251453, 1437
254470, 1437
270719, 1437
286590, 1437
293543, 1437
122517, 1436
291923, 1436
203878, 1435
239399, 1435
295611, 1435
56079, 1434
73172, 1434
68121, 1433
142777, 1433
232161, 1433
234865, 1433
242308, 1433
275936, 1433
279743, 1431
53440, 1430
66643, 1430
82778, 1430
110111, 1430
151154, 1430
183986, 1429
160299, 1427
165790, 1427
175266, 1427
288725, 1427
291301, 1427
16927, 1426
211040, 1426
293242, 1426
241912, 1425
63896, 1422
279255, 1422
280750, 1422
11477, 1421
104127, 1421
136460, 1421
246906, 1421
149737, 1420
178046, 1420
262932, 1420
266540, 1420
123552, 1419
216463, 1419
57099, 1418
117225, 1418
190290, 1418
205888, 1418
249010, 1418
281730, 1418
295325, 1418
38768, 1417
69450, 1417
182166, 1417
208387, 1417
172457, 1414
260907, 1414
92745, 1412
204783, 1412
64223, 1411
195151, 1411
294038, 1411
58524, 1408
228218, 1408
56473, 1407
69176, 1407
186107, 1407
188336, 1407
52176, 1406
64085, 1406
65442, 1406
69563, 1406
75360, 1406
80341, 1406
86023, 1406
99308, 1406
110733, 1406
111769, 1406
113284, 1406
122257, 1406
155985, 1406
157614, 1406
182203, 1406
213674, 1406
283237, 1406
288034, 1406
141392, 1405
229725, 1405
257816, 1405
264691, 1405
268284, 1405
290366, 1399
295252, 1399
252214, 1398
35746, 1397
280079, 1395
283591, 1395
8218, 1394
253848, 1392
164401, 1391
246290, 1391
58125, 1390
82004, 1390
206205, 1390
233122, 1390
50241, 1389
99017, 1389
125414, 1389
144465, 1389
210927, 1389
228498, 1389
149154, 1388
167604, 1388
260632, 1388
6123, 1387
179218, 1387
265969, 1387
156757, 1386
206010, 1384
104205, 1383
173495, 1382
185952, 1382
212471, 1382
213638, 1382
251407, 1382
256916, 1382
289501, 1382
62184, 1381
80167, 1381
118982, 1381
157027, 1381
206748, 1381
259984, 1381
261043, 1381
291247, 1380
56362, 1378
73206, 1378
191508, 1378
199387, 1378
206787, 1378
260174, 1378
236499, 1375
179304, 1374
159723, 1373
235738, 1373
258811, 1373
43888, 1372
16446, 1370
64876, 1370
75432, 1370
86649, 1370
94045, 1370
178564, 1370
106993, 1369
84636, 1368
129360, 1368
186960, 1368
204201, 1368
242082, 1366
66214, 1365
97008, 1365
253129, 1365
267556, 1365
58031, 1363
180045, 1363
127791, 1362
191134, 1362
213895, 1362
29949, 1361
91149, 1361
94807, 1361
131776, 1361
211331, 1361
251278, 1361
252845, 1361
104838, 1359
280475, 1359
67468, 1358
151204, 1358
202053, 1356
257734, 1356
284987, 1356
164955, 1355
1794, 1354
287363, 1354
17017, 1353
14199, 1352
122454, 1352
124568, 1352
139130, 1352
156921, 1352
159143, 1352
180300, 1352
222794, 1352
247376, 1352
253497, 1352
267431, 1352
288432, 1352
32389, 1351
66338, 1351
106938, 1351
116727, 1351
81068, 1350
108022, 1349
164731, 1349
203954, 1349
42904, 1348
56596, 1348
57568, 1348
92257, 1348
115047, 1348
275233, 1348
214380, 1347
35471, 1346
84508, 1346
126122, 1346
153208, 1346
39601, 1343
236395, 1343
268795, 1343
202466, 1342
67045, 1341
75700, 1341
75826, 1341
105342, 1341
108220, 1341
113707, 1341
146553, 1341
148135, 1341
179337, 1341
181280, 1341
184773, 1341
194585, 1341
214270, 1341
223883, 1341
224529, 1341
228522, 1341
229715, 1341
263259, 1341
136892, 1340
200031, 1340
204661, 1340
250908, 1340
274423, 1340
22218, 1339
113564, 1339
174830, 1339
259089, 1339
264930, 1339
79729, 1338
197147, 1338
267625, 1338
271420, 1338
280397, 1338
16865, 1337
26575, 1337
47831, 1337
96266, 1337
112763, 1337
270582, 1337
291630, 1337
148171, 1336
167409, 1336
88160, 1334
177808, 1334
191124, 1334
217311, 1334
258606, 1334
285429, 1334
55707, 1333
85229, 1333
112055, 1333
151091, 1333
171684, 1333
272739, 1333
288241, 1333
191717, 1332
210708, 1332
279392, 1332
193338, 1331
253100, 1330
51736, 1329
164175, 1329
278580, 1329
95996, 1328
226890, 1328
241544, 1328
30873, 1327
75957, 1327
130575, 1327
246862, 1327
8623, 1325
43859, 1325
55327, 1324
77823, 1324
94066, 1324
112199, 1324
118153, 1324
228250, 1324
228815, 1324
272776, 1324
37689, 1323
81143, 1323
228454, 1323
293844, 1323
284996, 1322
278813, 1319
270327, 1317
30734, 1316
32836, 1315
146378, 1315
39029, 1314
39170, 1314
59765, 1314
128307, 1314
189222, 1314
244501, 1314
36882, 1313
52774, 1313
52935, 1313
53176, 1313
109337, 1313
191616, 1313
78865, 1312
89509, 1312
152826, 1312
32772, 1311
68850, 1311
122231, 1311
165955, 1311
191937, 1311
248828, 1311
39335, 1309
47291, 1309
71901, 1309
77092, 1309
144042, 1309
159128, 1309
167378, 1309
172713, 1309
174379, 1309
199989, 1309
213878, 1309
273226, 1309
277230, 1309
288288, 1309
24955, 1308
126791, 1308
18061, 1307
256637, 1307
291622, 1307
144829, 1306
239218, 1305
57729, 1304
168428, 1304
180269, 1304
237838, 1304
224703, 1303
235739, 1303
291848, 1303
29436, 1302
31309, 1302
57258, 1302
76023, 1302
76353, 1302
77558, 1302
97314, 1302
97329, 1302
100438, 1302
115564, 1302
115940, 1302
117250, 1302
121510, 1302
140543, 1302
152048, 1302
166965, 1302
196934, 1302
220495, 1302
279706, 1302
21414, 1301
29783, 1301
30251, 1301
35069, 1301
43094, 1301
54862, 1301
56628, 1301
59152, 1301
70100, 1301
74634, 1301
81799, 1301
85730, 1301
93606, 1301
99133, 1301
109920, 1301
111429, 1301
113758, 1301
115614, 1301
124651, 1301
145695, 1301
148423, 1301
167991, 1301
170853, 1301
189628, 1301
207700, 1301
210357, 1301
215247, 1301
234616, 1301
234851, 1301
246013, 1301
247113, 1301
247572, 1301
248903, 1301
252596, 1301
261232, 1301
266080, 1301
294856, 1301
126187, 1300
198273, 1300
235076, 1300
274613, 1300
280781, 1300
296269, 1300
12406, 1299
63771, 1299
79476, 1299
130908, 1299
238647, 1299
72383, 1298
99703, 1298
208203, 1298
218244, 1298
258628, 1298
269124, 1298
277078, 1298
282074, 1297
287753, 1297
6138, 1296
22438, 1296
122034, 1296
123415, 1296
123428, 1296
169077, 1296
207678, 1296
208534, 1296
242790, 1296
262528, 1296
124880, 1295
132080, 1295
150678, 1295
162665, 1295
170027, 1295
202192, 1295
212756, 1295
236280, 1295
294470, 1295
139168, 1294
155342, 1294
39586, 1293
79980, 1293
98101, 1293
170898, 1293
198218, 1293
266228, 1293
26602, 1292
161418, 1290
170935, 1290
190378, 1290
253219, 1289
144248, 1288
75101, 1285
270971, 1285
30605, 1284
60751, 1284
64550, 1284
86652, 1284
99603, 1284
159437, 1284
210683, 1284
212239, 1284
218038, 1284
258940, 1284
98962, 1283
254290, 1283
280282, 1283
66748, 1282
59698, 1281
139505, 1281
192776, 1281
193308, 1281
214104, 1281
260971, 1281
59210, 1280
72459, 1280
89344, 1280
92116, 1280
153219, 1280
157210, 1280
166297, 1280
200577, 1280
229236, 1280
235685, 1280
290215, 1280
164552, 1279
246157, 1279
269023, 1279
3275, 1277
195208, 1277
204419, 1277
264960, 1277
279615, 1277
287599, 1277
289270, 1277
191272, 1276
199905, 1276
251939, 1276
5832, 1275
71541, 1275
104588, 1274
120963, 1274
236696, 1274
249385, 1274
258372, 1274
85346, 1272
228422, 1271
83044, 1270
179452, 1270
144111, 1269
77283, 1268
94668, 1268
118736, 1268
152143, 1268
267215, 1268
42371, 1267
73795, 1267
156808, 1267
164625, 1267
184884, 1267
260592, 1267
71957, 1266
131947, 1266
158549, 1265
161030, 1265
239481, 1265
38308, 1264
42157, 1264
48191, 1264
67011, 1264
97307, 1264
105362, 1264
134644, 1264
168567, 1264
174943, 1264
191586, 1264
216266, 1264
247050, 1264
251388, 1264
274345, 1264
280780, 1264
285404, 1264
294632, 1264
17016, 1263
63186, 1263
259885, 1263
39954, 1262
133176, 1262
141342, 1262
201873, 1262
206229, 1262
229862, 1262
238415, 1262
142814, 1261
146084, 1261
250013, 1261
116443, 1259
120186, 1259
137765, 1259
98751, 1258
112756, 1258
45311, 1257
47444, 1257
112304, 1257
113909, 1257
116274, 1257
131749, 1257
191911, 1257
292700, 1257
91253, 1256
112770, 1256
118345, 1256
126279, 1256
145540, 1256
153326, 1256
220363, 1256
257533, 1256
273339, 1256
1522, 1255
30915, 1255
26339, 1254
28387, 1254
57435, 1254
103698, 1254
140400, 1254
257503, 1254
44819, 1253
267553, 1253
290559, 1253
18831, 1252
50916, 1252
174899, 1252
184465, 1252
192945, 1252
269422, 1252
293669, 1252
112628, 1251
124487, 1249
166565, 1249
208630, 1249
219612, 1249
259135, 1249
123568, 1248
203000, 1248
100429, 1247
231546, 1246
273381, 1246
146741, 1245
263399, 1245
83754, 1244
222241, 1244
251813, 1244
292788, 1244
48264, 1243
76385, 1243
161025, 1243
192172, 1243
216312, 1243
270554, 1243
277061, 1243
130692, 1242
145094, 1242
61264, 1240
98578, 1240
173288, 1240
204480, 1240
269318, 1240
269735, 1240
41002, 1239
128614, 1239
155373, 1239
194280, 1239
195567, 1239
208102, 1239
284753, 1239
47494, 1238
120844, 1238
81417, 1237
269183, 1236
40498, 1235
59563, 1233
64388, 1233
83577, 1233
114472, 1233
127594, 1233
296151, 1233
74062, 1232
163672, 1232
203330, 1232
226592, 1231
12317, 1230
37340, 1230
80683, 1230
127469, 1230
203203, 1230
206639, 1230
270746, 1230
5386, 1229
32795, 1229
62867, 1229
99692, 1229
116223, 1229
138225, 1229
208745, 1229
234186, 1229
244028, 1229
255235, 1229
282362, 1229
291785, 1229
122062, 1228
147015, 1228
150902, 1228
237785, 1228
292771, 1228
150162, 1227
158740, 1227
270082, 1227
270584, 1227
91636, 1226
281844, 1226
75573, 1225
203920, 1225
177895, 1224
109692, 1223
120321, 1223
147424, 1223
163023, 1223
208657, 1223
253276, 1223
277325, 1223
101227, 1222
120037, 1222
70769, 1221
90651, 1221
75795, 1220
154375, 1220
169589, 1220
199547, 1220
80507, 1219
108345, 1219
238422, 1219
281181, 1219
283034, 1219
85525, 1218
139105, 1218
145575, 1218
155439, 1218
174722, 1218
175379, 1218
195958, 1218
196355, 1218
199788, 1218
210807, 1218
245634, 1218
256925, 1218
265960, 1218
139671, 1217
172396, 1217
208329, 1217
262844, 1217
277319, 1217
146773, 1216
185153, 1216
190197, 1216
251982, 1216
267301, 1216
285477, 1216
87947, 1215
91513, 1215
105868, 1215
106822, 1215
233014, 1215
242475, 1215
197289, 1214
283198, 1214
293075, 1214
60589, 1213
81847, 1213
145875, 1213
151124, 1212
197528, 1212
289499, 1212
32164, 1211
124184, 1211
211371, 1211
214529, 1211
231717, 1211
237408, 1211
286851, 1211
70115, 1210
102671, 1210
130187, 1210
262739, 1210
267529, 1210
270915, 1210
20199, 1209
34062, 1209
44543, 1209
61463, 1209
84325, 1209
92136, 1209
96187, 1209
98144, 1209
106519, 1209
140384, 1209
146043, 1209
182485, 1209
190345, 1209
207154, 1209
214368, 1209
245336, 1209
257153, 1209
258612, 1209
258719, 1209
2592, 1208
101201, 1208
197271, 1208
249368, 1208
258132, 1208
271746, 1208
275984, 1208
285382, 1208
204250, 1207
223603, 1207
233774, 1207
238874, 1207
271817, 1207
280158, 1207
60541, 1205
70134, 1205
113518, 1205
124751, 1205
138066, 1205
228916, 1205
279342, 1205
11643, 1203
135748, 1203
142344, 1203
173601, 1203
53642, 1202
70250, 1202
133355, 1202
153791, 1202
157491, 1202
225341, 1202
291525, 1202
148170, 1201
248416, 1201
162422, 1200
257344, 1200
288473, 1200
60863, 1199
67756, 1199
71364, 1199
114172, 1199
122647, 1199
127700, 1199
181433, 1199
211758, 1199
240157, 1199
74500, 1198
123878, 1198
126877, 1198
132361, 1198
147282, 1198
148203, 1198
153377, 1198
168686, 1198
189182, 1198
215410, 1198
237443, 1198
245917, 1198
17692, 1197
51550, 1197
100553, 1197
258763, 1197
85290, 1196
42658, 1195
44181, 1195
107938, 1195
109441, 1195
113976, 1195
169794, 1195
225613, 1195
237895, 1195
243243, 1195
250120, 1195
277378, 1195
58764, 1194
222219, 1194
239265, 1194
254490, 1194
272167, 1194
286618, 1194
48801, 1193
116369, 1193
123667, 1193
146947, 1193
161263, 1193
179827, 1193
199360, 1193
208208, 1193
287482, 1193
27211, 1192
50377, 1192
113313, 1192
250623, 1192
291184, 1192
8290, 1191
29837, 1191
32843, 1191
114563, 1191
131869, 1191
145857, 1191
193321, 1191
201818, 1191
205329, 1191
221181, 1191
243986, 1191
264041, 1191
70363, 1190
77171, 1190
92873, 1190
106727, 1190
171790, 1190
232048, 1190
289607, 1190
1699, 1189
130099, 1189
151509, 1189
188832, 1189
237692, 1189
248508, 1189
277743, 1189
28066, 1188
68585, 1188
171256, 1188
233519, 1188
65925, 1187
99416, 1187
114110, 1187
172628, 1187
175933, 1187
258286, 1187
44006, 1186
51002, 1186
53125, 1186
64127, 1186
94337, 1186
129549, 1186
134674, 1186
180820, 1186
197524, 1186
204742, 1186
231403, 1186
278797, 1186
281823, 1186
45450, 1185
201420, 1185
30281, 1184
109030, 1184
121990, 1184
128793, 1184
137682, 1184
162669, 1184
181163, 1184
186536, 1184
197921, 1184
210606, 1184
278009, 1184
77137, 1183
102718, 1183
132083, 1183
233352, 1183
270411, 1183
38219, 1182
123733, 1182
165668, 1182
188163, 1182
193628, 1182
229352, 1182
240542, 1182
268635, 1182
277735, 1182
280061, 1182
289533, 1182
289872, 1182
293984, 1182
58543, 1181
120395, 1181
148039, 1181
205701, 1181
209551, 1181
260282, 1181
264545, 1181
276233, 1181
47862, 1180
58837, 1180
66596, 1180
103422, 1180
123854, 1180
215633, 1180
278037, 1180
283085, 1180
292099, 1180
54821, 1178
142362, 1178
149175, 1178
159459, 1178
55231, 1177
86751, 1177
122835, 1177
167919, 1177
182322, 1177
209141, 1177
214476, 1177
52472, 1176
62552, 1176
98960, 1176
99277, 1176
174584, 1176
194546, 1176
195671, 1176
208752, 1176
234032, 1176
237643, 1176
281191, 1176
192004, 1175
286742, 1175
23436, 1174
185503, 1174
205217, 1174
163348, 1173
200239, 1173
228929, 1173
38563, 1172
148631, 1172
152740, 1172
159614, 1172
161216, 1172
175028, 1172
196531, 1172
203729, 1172
237052, 1172
247642, 1172
24081, 1171
143180, 1171
260837, 1171
275651, 1171
132605, 1170
190749, 1170
196889, 1170
230006, 1170
249205, 1170
275767, 1170
75048, 1169
95042, 1169
112372, 1169
174983, 1169
266232, 1169
288481, 1169
106305, 1168
168242, 1168
173552, 1168
213594, 1168
236261, 1168
42876, 1167
130084, 1167
61197, 1166
61725, 1166
184719, 1166
201704, 1166
216799, 1166
222302, 1166
262960, 1166
267516, 1166
280320, 1166
294033, 1166
8325, 1165
11065, 1165
15684, 1165
18383, 1165
21915, 1165
78060, 1165
79362, 1165
79584, 1165
79627, 1165
81572, 1165
92042, 1165
93789, 1165
99912, 1165
102818, 1165
105060, 1165
107317, 1165
109376, 1165
109419, 1165
111467, 1165
113261, 1165
118259, 1165
122782, 1165
123087, 1165
126082, 1165
136722, 1165
138037, 1165
140805, 1165
141564, 1165
142035, 1165
142097, 1165
147388, 1165
156278, 1165
157996, 1165
167333, 1165
175493, 1165
181980, 1165
183643, 1165
193276, 1165
202663, 1165
203157, 1165
205283, 1165
214731, 1165
215649, 1165
217896, 1165
254954, 1165
261451, 1165
264612, 1165
275856, 1165
285039, 1165
174874, 1164
249227, 1164
291662, 1164
29423, 1163
89508, 1163
148241, 1163
205571, 1163
210648, 1163
225061, 1163
259034, 1163
264809, 1163
265463, 1163
268297, 1163
16351, 1162
77334, 1162
189344, 1162
231320, 1162
245569, 1162
256550, 1162
32213, 1161
56225, 1161
139809, 1161
227667, 1161
238956, 1161
245033, 1161
256618, 1161
274182, 1161
283647, 1161
288926, 1161
25221, 1160
50756, 1160
75236, 1160
75966, 1160
78652, 1160
86735, 1160
115290, 1160
154486, 1160
160319, 1160
160550, 1160
164867, 1160
170465, 1160
175148, 1160
192311, 1160
206849, 1160
231809, 1160
237497, 1160
246938, 1160
284216, 1160
289221, 1160
58665, 1159
100580, 1159
132843, 1159
177652, 1159
258955, 1159
31003, 1158
55272, 1158
91224, 1158
138075, 1158
197684, 1158
100973, 1157
145570, 1157
164690, 1157
173099, 1157
191824, 1157
214694, 1157
259594, 1157
127853, 1156
253325, 1156
60402, 1155
130848, 1155
149764, 1155
68662, 1154
8510, 1153
19767, 1153
33025, 1153
64349, 1153
84657, 1153
99371, 1153
102665, 1153
202281, 1153
74452, 1152
156561, 1152
159665, 1152
251317, 1152
255239, 1152
10060, 1151
16219, 1151
21769, 1151
23978, 1151
49575, 1151
119865, 1151
123124, 1151
155241, 1151
171730, 1151
173461, 1151
182255, 1151
184531, 1151
199876, 1151
228482, 1151
232079, 1151
262228, 1151
272346, 1151
40635, 1150
48089, 1150
73395, 1150
109830, 1150
149907, 1150
167008, 1150
211387, 1150
213147, 1150
256765, 1150
278096, 1150
73573, 1149
141832, 1149
145494, 1149
191868, 1149
193582, 1149
233821, 1149
243847, 1149
151871, 1148
218617, 1148
154131, 1147
174116, 1147
213722, 1147
217376, 1147
252022, 1147
252992, 1147
263634, 1147
38751, 1146
59890, 1146
199269, 1146
248971, 1146
265225, 1146
3683, 1145
13323, 1145
34658, 1145
54889, 1145
55775, 1145
80193, 1145
91205, 1145
92524, 1145
122519, 1145
151023, 1145
160871, 1145
189838, 1145
255335, 1145
288861, 1145
14058, 1144
64485, 1144
74829, 1144
92220, 1144
94295, 1144
111180, 1144
124062, 1144
138895, 1144
157936, 1144
162112, 1144
168083, 1144
219350, 1144
235497, 1144
282455, 1144
288061, 1144
47505, 1143
79637, 1143
110356, 1143
220001, 1143
289432, 1143
296207, 1143
4047, 1142
70901, 1142
105820, 1142
153558, 1142
261121, 1142
280916, 1142
21536, 1141
25816, 1141
25836, 1141
38542, 1141
49203, 1141
62704, 1141
107989, 1141
118020, 1141
128958, 1141
151685, 1141
164714, 1141
166452, 1141
247259, 1141
253293, 1141
281009, 1141
294205, 1141
163148, 1140
173264, 1139
259522, 1139
14354, 1138
21566, 1138
44553, 1138
94444, 1138
134238, 1138
103773, 1137
126293, 1137
296614, 1137
281333, 1136
289997, 1136
187571, 1135
194162, 1135
253180, 1135
202843, 1134
33331, 1133
48444, 1133
97135, 1133
120518, 1133
173358, 1133
182950, 1133
201201, 1133
225256, 1133
210799, 1132
238727, 1132
294620, 1132
18278, 1130
58282, 1130
60489, 1130
65012, 1130
105162, 1130
147986, 1130
148859, 1130
170870, 1130
188358, 1130
190874, 1130
251207, 1130
271584, 1130
44949, 1129
48529, 1129
149881, 1129
155682, 1129
240589, 1129
253947, 1129
291538, 1129
92355, 1127
145531, 1127
174211, 1127
278544, 1127
47312, 1126
54307, 1126
64335, 1126
96616, 1126
110052, 1126
190593, 1126
193670, 1126
202762, 1126
218931, 1126
225707, 1126
244643, 1126
246925, 1126
252410, 1126
256098, 1126
260487, 1126
266270, 1126
274458, 1126
278084, 1126
283202, 1126
288811, 1126
289937, 1126
293900, 1126
295240, 1126
28652, 1125
32339, 1125
35173, 1125
62303, 1125
101071, 1125
119417, 1125
137641, 1125
183947, 1125
235982, 1125
284209, 1125
295946, 1125
9351, 1124
150805, 1124
176109, 1124
203376, 1124
222035, 1124
224550, 1124
229574, 1124
268191, 1124
289753, 1124
114385, 1123
89196, 1122
103440, 1122
126026, 1122
138157, 1122
144272, 1122
234946, 1122
247696, 1122
265985, 1122
294985, 1122
33130, 1121
89977, 1120
97014, 1120
145392, 1120
212142, 1120
233228, 1120
137606, 1119
145946, 1119
245562, 1119
116196, 1118
216274, 1118
244056, 1118
269126, 1118
189169, 1117
203915, 1117
134059, 1116
168685, 1116
184082, 1116
241254, 1116
250028, 1116
270650, 1116
293336, 1116
75446, 1115
85352, 1115
146383, 1115
189898, 1115
256785, 1115
187562, 1114
49577, 1113
56962, 1113
69819, 1113
98307, 1113
99955, 1113
142117, 1113
157640, 1113
174671, 1113
219311, 1113
109601, 1112
200766, 1112
268442, 1112
79665, 1111
93883, 1111
129664, 1111
164279, 1111
184138, 1111
279531, 1111
193899, 1110
249318, 1110
277962, 1110
115216, 1109
193896, 1109
225839, 1109
250181, 1109
262577, 1109
42887, 1108
211962, 1108
7447, 1107
19237, 1107
27095, 1107
35332, 1107
108769, 1107
127010, 1107
130397, 1107
135868, 1107
139935, 1107
150585, 1107
150653, 1107
197190, 1107
19820, 1106
95469, 1106
187962, 1106
104450, 1105
142690, 1105
233587, 1105
240386, 1105
255894, 1105
289720, 1105
25327, 1104
55019, 1104
61616, 1104
77001, 1104
78030, 1104
79250, 1104
176825, 1104
226952, 1104
156518, 1102
195959, 1102
49604, 1101
265831, 1101
37026, 1100
96311, 1100
157217, 1099
244858, 1099
108849, 1098
159038, 1098
180318, 1098
266339, 1098
36867, 1097
80098, 1097
222699, 1097
73186, 1096
283946, 1096
292513, 1096
59095, 1095
152578, 1095
192658, 1095
273481, 1095
49452, 1094
73114, 1094
205344, 1094
215087, 1094
8916, 1093
19592, 1093
60507, 1093
64849, 1093
89053, 1093
100143, 1093
135774, 1093
147511, 1093
155838, 1093
176805, 1093
193082, 1093
219673, 1093
274493, 1093
274991, 1093
51729, 1092
54384, 1092
59633, 1092
176972, 1092
185227, 1092
202888, 1092
274838, 1092
92663, 1091
156086, 1091
240472, 1091
260434, 1091
137989, 1090
148118, 1090
154799, 1090
165745, 1090
274564, 1090
189418, 1089
234270, 1089
116621, 1088
203651, 1088
231310, 1088
76794, 1087
175646, 1087
191436, 1087
282058, 1087
169103, 1086
176850, 1086
204868, 1086
235369, 1086
10552, 1085
104394, 1085
128909, 1085
136975, 1085
142205, 1085
155007, 1085
176112, 1085
199316, 1085
213442, 1085
119151, 1084
165454, 1084
74032, 1083
79070, 1083
104400, 1083
121323, 1083
171437, 1083
203770, 1083
233308, 1083
238833, 1083
275885, 1083
278358, 1083
166709, 1082
194394, 1082
219443, 1082
270905, 1082
144879, 1081
204183, 1081
233474, 1081
249303, 1081
252847, 1081
422, 1080
107190, 1080
136580, 1080
259513, 1080
272322, 1080
39034, 1079
165373, 1079
242889, 1079
40921, 1078
48315, 1078
80149, 1078
96165, 1078
108062, 1078
129103, 1078
171720, 1078
252979, 1078
267533, 1078
281775, 1078
62838, 1077
167473, 1077
252782, 1077
261272, 1077
270777, 1077
282345, 1077
149044, 1076
193379, 1076
268064, 1076
272517, 1076
291647, 1076
74855, 1075
85271, 1075
90158, 1075
152591, 1075
167245, 1075
4907, 1074
8379, 1074
28294, 1074
93346, 1074
114253, 1074
134280, 1073
190864, 1073
269086, 1073
20003, 1072
63151, 1072
178361, 1072
168004, 1071
171920, 1071
280060, 1071
288187, 1071
90473, 1070
120862, 1070
122184, 1070
159711, 1070
273718, 1070
62877, 1069
268836, 1069
56423, 1068
73183, 1068
147637, 1068
242479, 1068
104343, 1067
146705, 1067
177235, 1067
48310, 1066
48693, 1066
65156, 1066
86656, 1066
88545, 1066
108790, 1066
117230, 1066
155680, 1066
157703, 1066
176373, 1066
177241, 1066
234670, 1066
244879, 1066
83703, 1064
157560, 1064
241798, 1064
266741, 1064
271120, 1064
296620, 1064
16400, 1063
66510, 1063
141937, 1063
274760, 1063
33394, 1062
36977, 1062
69827, 1062
126094, 1062
198525, 1062
250969, 1062
251477, 1062
288412, 1062
2202, 1061
20483, 1061
56422, 1061
66284, 1061
170049, 1061
194639, 1061
267053, 1061
21618, 1060
50111, 1060
51125, 1060
52936, 1060
72982, 1060
102084, 1060
115355, 1060
124529, 1060
139896, 1060
141372, 1060
164768, 1060
175796, 1060
179966, 1060
223888, 1060
224561, 1060
227922, 1060
245115, 1060
251348, 1060
292946, 1060
117101, 1059
163502, 1059
198336, 1059
202386, 1059
245277, 1059
14809, 1058
74946, 1058
120533, 1058
232909, 1058
93029, 1057
103190, 1057
131804, 1057
193033, 1057
218985, 1057
219984, 1057
86315, 1056
192040, 1056
154675, 1055
254966, 1055
136098, 1054
290495, 1054
27850, 1053
58828, 1053
70369, 1053
74275, 1053
125860, 1053
143637, 1053
156249, 1053
274573, 1053
159065, 1052
216141, 1052
268250, 1052
285447, 1052
258761, 1051
264362, 1051
44242, 1050
142961, 1050
14778, 1049
67609, 1049
71010, 1049
73425, 1049
82630, 1049
103701, 1049
105400, 1049
121255, 1049
159211, 1049
212223, 1049
225664, 1049
229979, 1049
239057, 1049
262697, 1049
267169, 1049
105447, 1048
268186, 1048
629, 1047
33065, 1047
180256, 1047
199151, 1047
231784, 1047
256752, 1047
277532, 1047
12009, 1046
21966, 1046
37066, 1046
92227, 1046
168169, 1046
54835, 1045
58407, 1045
122133, 1045
138347, 1045
139154, 1045
149333, 1045
163589, 1045
166503, 1045
166968, 1045
171133, 1045
176367, 1045
177708, 1045
190729, 1045
201417, 1045
203099, 1045
206102, 1045
207592, 1045
211596, 1045
217984, 1045
238119, 1045
240392, 1045
242259, 1045
243883, 1045
259740, 1045
265367, 1045
292377, 1045
65630, 1044
142336, 1044
180721, 1043
23814, 1042
80466, 1042
102411, 1042
166164, 1042
185130, 1042
195770, 1042
40436, 1041
52524, 1041
61064, 1041
85831, 1041
132955, 1041
141414, 1041
152038, 1041
154105, 1041
154889, 1041
158754, 1041
159511, 1041
172282, 1041
224323, 1041
227230, 1041
232513, 1041
232908, 1041
234238, 1041
234743, 1041
236513, 1041
239000, 1041
239562, 1041
243739, 1041
243868, 1041
254369, 1041
258419, 1041
281196, 1041
283175, 1041
290375, 1041
290425, 1041
294861, 1041
294890, 1041
295662, 1041
29736, 1040
121874, 1040
238029, 1040
267032, 1040
40248, 1039
59853, 1039
62074, 1039
75934, 1039
98469, 1039
101368, 1039
102446, 1039
113996, 1039
154109, 1039
177578, 1039
179300, 1039
182328, 1039
189871, 1039
200094, 1039
203948, 1039
222249, 1039
223483, 1039
238343, 1039
240573, 1039
262839, 1039
274435, 1039
282113, 1039
285743, 1039
286983, 1039
39834, 1038
54998, 1038
58612, 1038
64621, 1038
73872, 1038
92584, 1038
133047, 1038
134545, 1038
139508, 1038
164376, 1038
178372, 1038
191636, 1038
194142, 1038
195098, 1038
198766, 1038
206845, 1038
213795, 1038
224984, 1038
250383, 1038
275667, 1038
283118, 1038
292578, 1038
78509, 1037
255608, 1037
256539, 1037
61888, 1036
90486, 1036
111219, 1036
126949, 1036
137549, 1036
194548, 1036
26472, 1035
28750, 1035
97864, 1035
133124, 1035
162541, 1035
187777, 1035
225787, 1035
81858, 1034
89125, 1034
94802, 1034
118942, 1034
121129, 1034
129904, 1034
156950, 1034
171499, 1034
187061, 1034
190186, 1034
215848, 1034
244772, 1034
278361, 1034
291252, 1034
136298, 1032
177310, 1032
214176, 1032
88312, 1031
105106, 1031
107371, 1031
121371, 1031
134528, 1031
194810, 1031
290648, 1031
149323, 1030
183746, 1030
186816, 1030
197781, 1030
11271, 1029
41884, 1029
62642, 1029
64903, 1029
100958, 1029
138229, 1029
141486, 1029
178236, 1029
238274, 1029
250975, 1029
252762, 1029
113407, 1028
175823, 1028
216349, 1028
239117, 1028
242013, 1028
284473, 1028
294806, 1028
48107, 1026
102781, 1026
162530, 1026
26214, 1025
136439, 1025
201392, 1025
71433, 1024
32294, 1023
36904, 1023
62195, 1023
66953, 1023
80110, 1023
93268, 1023
103224, 1023
113845, 1023
118439, 1023
140839, 1023
144724, 1023
162394, 1023
165120, 1023
169771, 1023
170510, 1023
172285, 1023
181688, 1023
191626, 1023
195225, 1023
211098, 1023
213786, 1023
216027, 1023
219019, 1023
225911, 1023
239202, 1023
254870, 1023
261823, 1023
267303, 1023
272096, 1023
278859, 1023
281135, 1023
293544, 1023
59614, 1022
61610, 1022
244561, 1022
53157, 1021
80172, 1021
82209, 1021
82619, 1021
84379, 1021
89642, 1021
121059, 1021
121985, 1021
131792, 1021
140568, 1021
153615, 1021
172052, 1021
192270, 1021
239407, 1021
264783, 1021
289744, 1021
109341, 1020
239125, 1020
250017, 1020
264190, 1020
280369, 1020
291516, 1020
292757, 1020
37936, 1019
46761, 1019
72017, 1019
210620, 1019
243050, 1019
243429, 1019
265709, 1019
278559, 1019
89823, 1018
96460, 1018
97613, 1018
107251, 1018
115034, 1018
142464, 1018
160601, 1018
165441, 1018
193718, 1018
256851, 1018
285775, 1018
23564, 1017
37803, 1017
60847, 1017
71974, 1017
72468, 1017
76648, 1017
90102, 1017
109822, 1017
109883, 1017
144630, 1017
145095, 1017
179820, 1017
190549, 1017
209253, 1017
216172, 1017
226571, 1017
228097, 1017
245914, 1017
288969, 1017
31967, 1016
67859, 1016
75508, 1016
120519, 1016
213220, 1016
23204, 1015
30121, 1015
43423, 1015
68208, 1015
107860, 1015
113074, 1015
132523, 1015
175595, 1015
190404, 1015
217624, 1015
217900, 1015
259364, 1015
40822, 1014
250115, 1014
47096, 1013
69402, 1013
72199, 1013
84660, 1013
122260, 1013
139051, 1013
169478, 1013
170511, 1013
184455, 1013
212458, 1013
223317, 1013
283257, 1013
291458, 1013
294524, 1013
36781, 1012
245750, 1012
28874, 1011
44961, 1011
70984, 1011
92254, 1011
114707, 1011
122965, 1011
132333, 1011
196031, 1011
197046, 1011
199079, 1011
223673, 1011
240802, 1011
802, 1010
20184, 1010
53923, 1010
175763, 1010
209617, 1010
229088, 1010
291172, 1010
42280, 1009
61563, 1008
233680, 1008
246506, 1008
251459, 1008
285177, 1008
110040, 1007
123404, 1007
142262, 1007
184647, 1007
211227, 1007
82303, 1006
133262, 1006
158908, 1006
171914, 1006
27292, 1005
97827, 1005
196946, 1005
217840, 1005
258733, 1005
274923, 1005
48905, 1004
59299, 1004
161382, 1004
163375, 1004
168778, 1004
192609, 1004
195193, 1004
257244, 1004
68799, 1003
81286, 1003
91157, 1003
133740, 1003
142440, 1003
223611, 1003
224072, 1003
50766, 1002
52241, 1002
57416, 1002
58083, 1002
73954, 1002
84725, 1002
103563, 1002
118100, 1002
129401, 1002
134535, 1002
171473, 1002
179717, 1002
211658, 1002
29435, 1001
108329, 1001
125633, 1001
146550, 1001
146760, 1001
155964, 1001
169717, 1001
177756, 1001
184652, 1001
198573, 1001
199261, 1001
220559, 1001
233154, 1001
259019, 1001
259882, 1001
267600, 1001
274629, 1001
276268, 1001
279057, 1001
175553, 1000
211981, 1000
213321, 1000
267152, 1000
