46410, 62451
47663, 62451
47738, 62451
48698, 62451
48700, 62451
48770, 62451
50379, 62451
50449, 62451
50545, 62451
51449, 62451
51526, 62451
51800, 62451
52763, 62451
53294, 62451
54015, 62451
54700, 62451
56272, 62451
56286, 62451
57183, 62451
58864, 62451
62592, 62451
47264, 59229
49180, 59229
49250, 59229
50331, 59229
51318, 59229
51757, 59229
52460, 59229
54651, 59229
54666, 59229
54898, 59229
55454, 59229
56127, 59229
56352, 59229
56782, 59229
57475, 59229
58499, 59229
61213, 59229
62993, 59229
65995, 59229
28055, 2839
227183, 2751
125073, 2697
281902, 2673
53200, 2666
81979, 2666
179909, 2666
250514, 2666
279715, 2666
188498, 2655
235416, 2634
254096, 2634
288478, 2628
127999, 2626
227554, 2597
242180, 2597
97420, 2589
293610, 2584
251263, 2570
160374, 2563
189274, 2563
212173, 2563
225466, 2563
281115, 2563
142691, 2556
187315, 2556
192820, 2556
213753, 2556
282019, 2550
121416, 2547
239216, 2543
254636, 2543
182972, 2541
286722, 2538
45071, 2532
77046, 2532
77873, 2532
98415, 2532
101598, 2532
167040, 2532
190260, 2532
160800, 2522
182942, 2522
99398, 2515
109760, 2515
75746, 2512
145053, 2512
215624, 2512
52504, 2503
153840, 2502
130613, 2500
232793, 2500
264245, 2493
285824, 2493
212060, 2491
280339, 2491
201800, 2489
202732, 2476
110638, 2470
254760, 2470
96362, 2469
118766, 2469
129092, 2469
136806, 2469
154450, 2469
169616, 2469
258630, 2469
272013, 2469
277780, 2469
282375, 2469
286809, 2469
290704, 2469
81671, 2465
163532, 2465
283879, 2463
99203, 2460
118601, 2460
140253, 2460
33295, 2457
70690, 2457
107271, 2457
257920, 2457
271597, 2457
118879, 2444
193041, 2444
211599, 2443
227891, 2443
149100, 2442
174926, 2442
296598, 2442
127986, 2441
248663, 2441
92564, 2437
95224, 2437
113431, 2437
120568, 2437
174800, 2437
226954, 2437
270007, 2436
129408, 2434
137415, 2434
177729, 2434
211541, 2434
237453, 2434
16274, 2429
195898, 2429
250838, 2429
109980, 2427
28177, 2422
90991, 2422
126000, 2422
127080, 2422
128536, 2422
132545, 2422
146791, 2422
150708, 2422
158298, 2422
163548, 2422
171614, 2422
193508, 2422
229472, 2422
229758, 2422
243784, 2422
280995, 2422
284498, 2422
98213, 2421
168023, 2421
205024, 2421
21572, 2414
46141, 2414
191889, 2414
220489, 2414
245339, 2414
250965, 2414
267676, 2414
267683, 2414
279754, 2414
287669, 2414
234856, 2411
280662, 2411
215297, 2409
80448, 2403
261726, 2403
31512, 2402
74851, 2402
116022, 2402
165926, 2402
169530, 2402
240227, 2401
203378, 2400
108915, 2398
151561, 2398
185981, 2398
254147, 2398
263123, 2398
92143, 2390
145981, 2390
219344, 2390
118787, 2388
125526, 2388
174851, 2388
219700, 2388
286690, 2388
28873, 2386
197044, 2386
277775, 2386
39750, 2385
59650, 2385
80994, 2385
83034, 2385
88299, 2385
111330, 2385
150505, 2385
190391, 2385
198292, 2385
252152, 2385
261532, 2385
268342, 2385
59995, 2384
153719, 2384
157890, 2384
197461, 2384
204880, 2384
232035, 2384
289228, 2384
295692, 2384
142281, 2383
153710, 2383
183507, 2383
228874, 2383
91773, 2380
108278, 2370
110165, 2370
179517, 2370
203104, 2370
215566, 2370
237598, 2370
247648, 2370
250559, 2370
272901, 2370
273387, 2370
281562, 2370
286648, 2370
160334, 2369
209233, 2369
41459, 2364
55157, 2364
92660, 2364
133761, 2364
165248, 2364
187392, 2364
242071, 2364
255257, 2364
272842, 2364
292934, 2364
282593, 2363
279038, 2361
62356, 2356
131921, 2356
141256, 2356
189190, 2356
48767, 2355
60377, 2355
84482, 2355
85875, 2355
93380, 2355
146847, 2355
231573, 2355
78820, 2350
101502, 2350
106540, 2350
43959, 2349
104891, 2349
146834, 2349
161022, 2349
277761, 2349
177642, 2347
201879, 2347
196781, 2346
211024, 2346
257519, 2346
287997, 2346
135149, 2344
145774, 2344
256560, 2344
201535, 2338
128924, 2337
258371, 2337
211460, 2336
246888, 2336
40895, 2333
59367, 2333
194140, 2333
235827, 2333
267704, 2333
20458, 2331
28626, 2331
45583, 2331
87443, 2331
109237, 2331
163489, 2331
181247, 2331
296162, 2331
100273, 2330
112131, 2330
146977, 2330
243628, 2330
246556, 2330
248180, 2330
264721, 2330
278668, 2330
283965, 2330
292261, 2330
103969, 2326
120053, 2326
128876, 2326
130113, 2326
132525, 2326
139327, 2326
146054, 2326
146584, 2326
175732, 2326
177203, 2326
188953, 2326
249756, 2326
254669, 2326
262537, 2326
270387, 2326
275745, 2326
78240, 2325
111435, 2325
171073, 2325
109731, 2323
172473, 2323
174636, 2323
221325, 2323
221538, 2323
237322, 2323
238313, 2323
251352, 2323
263142, 2323
263594, 2323
277404, 2323
278413, 2323
280169, 2323
291200, 2323
293890, 2323
279570, 2321
100988, 2320
120431, 2320
153835, 2320
170751, 2320
201791, 2320
224991, 2320
225295, 2320
230184, 2320
252669, 2320
262261, 2320
272657, 2320
286305, 2320
188852, 2317
214626, 2317
212426, 2316
230024, 2316
233563, 2316
62808, 2314
67971, 2314
195511, 2314
213072, 2314
289365, 2314
128226, 2312
153423, 2312
236397, 2312
247718, 2312
164510, 2310
192219, 2308
234117, 2308
255342, 2308
266076, 2308
36369, 2306
194240, 2305
290114, 2305
46785, 2304
169014, 2299
183237, 2299
195190, 2299
205889, 2299
264027, 2299
267163, 2299
278253, 2299
66916, 2297
68608, 2297
168851, 2297
197114, 2297
262172, 2297
265145, 2297
292631, 2297
90533, 2296
230140, 2296
285934, 2296
17753, 2294
24413, 2294
58421, 2294
115332, 2294
120821, 2294
209811, 2294
224288, 2294
273427, 2291
282990, 2291
61741, 2290
94121, 2290
289762, 2290
10722, 2289
202796, 2289
250956, 2289
29373, 2288
71180, 2288
113129, 2288
137190, 2288
189634, 2288
235142, 2288
279469, 2288
203514, 2286
165102, 2284
73360, 2283
124459, 2282
186015, 2282
47089, 2280
65873, 2280
167376, 2280
180576, 2280
195111, 2280
244724, 2280
80404, 2279
255374, 2279
105507, 2278
180357, 2278
259308, 2278
223411, 2275
264267, 2270
55652, 2269
59125, 2269
120464, 2269
161848, 2269
165121, 2269
165755, 2269
212771, 2269
214428, 2269
245095, 2269
279750, 2269
214706, 2268
259466, 2268
261665, 2268
50713, 2265
54886, 2265
73771, 2265
83679, 2265
134410, 2265
226741, 2265
256219, 2265
281627, 2265
255543, 2264
9708, 2263
58590, 2263
106826, 2263
168482, 2263
186445, 2263
202911, 2263
211454, 2263
255013, 2263
288928, 2263
32958, 2262
42025, 2262
158943, 2262
207502, 2261
226270, 2261
271871, 2261
290742, 2261
264434, 2260
276199, 2260
94747, 2259
150304, 2259
206221, 2259
216021, 2259
240853, 2259
171745, 2258
216234, 2255
51789, 2253
274922, 2253
64828, 2252
93113, 2252
106240, 2252
198546, 2252
280481, 2251
24987, 2246
56220, 2246
163104, 2246
173010, 2246
179853, 2246
190365, 2246
195248, 2246
226158, 2246
267148, 2243
132319, 2242
107515, 2240
118792, 2240
134283, 2240
147722, 2240
258889, 2240
273041, 2240
205996, 2239
216573, 2239
261568, 2239
262065, 2239
116899, 2238
154515, 2238
180372, 2238
283415, 2238
17945, 2237
64030, 2237
106634, 2237
111527, 2237
123247, 2237
165645, 2237
168644, 2237
194247, 2237
240081, 2237
105616, 2236
146601, 2236
270346, 2236
44611, 2235
62982, 2235
69796, 2235
87325, 2235
106064, 2235
179973, 2235
194866, 2235
225519, 2235
243230, 2235
286610, 2235
294336, 2235
79593, 2233
114448, 2233
93459, 2231
111398, 2231
195639, 2231
235541, 2231
138214, 2230
31228, 2228
276562, 2228
11153, 2227
20027, 2227
52823, 2227
126459, 2227
141010, 2227
144389, 2227
199154, 2227
221856, 2227
234241, 2227
97720, 2225
155228, 2225
195840, 2225
239546, 2225
266085, 2225
241133, 2224
90223, 2223
124161, 2223
156908, 2223
191958, 2223
220979, 2223
237483, 2223
283052, 2223
292476, 2222
103263, 2221
215299, 2219
203191, 2217
231655, 2217
53792, 2213
178005, 2211
98425, 2210
154230, 2208
252470, 2208
52394, 2207
179164, 2206
227790, 2206
63920, 2202
72362, 2202
215383, 2200
36540, 2196
147366, 2196
162109, 2196
198678, 2196
125718, 2195
200215, 2193
206788, 2193
274674, 2188
166124, 2186
177856, 2185
212521, 2185
252645, 2185
289431, 2185
182912, 2184
154937, 2182
49893, 2178
57603, 2178
83260, 2178
141031, 2178
171483, 2178
256330, 2178
94719, 2177
143339, 2177
175184, 2177
253918, 2177
284724, 2177
218054, 2175
272922, 2174
120889, 2170
132968, 2170
190294, 2170
204896, 2170
226209, 2170
233005, 2170
237979, 2170
264520, 2170
267337, 2170
207954, 2169
211062, 2169
250307, 2169
163938, 2167
263280, 2167
39215, 2165
53031, 2165
107818, 2165
223851, 2165
231322, 2165
90525, 2164
144311, 2163
99374, 2162
188561, 2162
120650, 2161
139328, 2161
239201, 2161
73635, 2160
200208, 2160
123900, 2159
266040, 2159
283035, 2159
287807, 2159
198814, 2156
222305, 2153
29900, 2152
132474, 2152
221703, 2152
21340, 2151
121837, 2151
128817, 2150
213782, 2150
138295, 2149
56813, 2143
79780, 2143
114005, 2143
262883, 2143
75719, 2141
131257, 2141
200773, 2141
235912, 2141
246919, 2141
261406, 2141
281588, 2141
70309, 2139
159534, 2136
60252, 2134
183153, 2134
144170, 2131
126920, 2130
150598, 2128
49031, 2126
52359, 2126
87611, 2126
94124, 2126
175911, 2126
226156, 2126
257426, 2126
51709, 2125
136359, 2125
196684, 2125
80326, 2124
189442, 2124
124043, 2121
177559, 2121
273970, 2121
189972, 2120
23678, 2117
78084, 2117
80982, 2117
119838, 2117
130027, 2117
138134, 2117
165233, 2117
258784, 2117
275987, 2117
277864, 2115
73036, 2114
175318, 2114
197547, 2113
227316, 2113
34145, 2112
37834, 2112
91151, 2112
182612, 2112
226146, 2112
109418, 2111
196030, 2111
240833, 2111
31869, 2110
72152, 2110
153192, 2110
23490, 2108
178204, 2107
92641, 2104
261378, 2104
160680, 2103
262080, 2103
296074, 2103
148402, 2102
196787, 2102
277354, 2102
55313, 2100
20556, 2099
50046, 2099
175271, 2099
242612, 2099
63945, 2097
89740, 2097
129046, 2097
145378, 2097
147047, 2097
154897, 2097
207694, 2097
215054, 2097
242864, 2096
172084, 2095
96800, 2094
224176, 2094
118290, 2090
226494, 2090
9489, 2087
43073, 2087
144352, 2087
217434, 2087
10567, 2085
118346, 2085
119111, 2085
217616, 2085
283226, 2085
214066, 2083
257393, 2083
187298, 2082
81320, 2081
23941, 2080
63458, 2080
123010, 2080
163959, 2080
12987, 2079
207407, 2079
259073, 2078
271256, 2077
48299, 2076
123325, 2076
150849, 2076
175808, 2076
184551, 2075
194032, 2075
277392, 2075
150597, 2073
184110, 2073
198856, 2073
145989, 2072
254865, 2072
196425, 2070
204225, 2069
78592, 2068
115543, 2068
118034, 2067
142587, 2067
147014, 2067
165318, 2067
214036, 2067
225734, 2067
240434, 2067
260494, 2067
269121, 2066
246345, 2065
265323, 2063
163010, 2056
212986, 2056
246097, 2056
260927, 2056
268005, 2053
56630, 2052
88257, 2052
168705, 2052
195421, 2051
146276, 2050
248853, 2050
15273, 2049
131555, 2049
179678, 2049
264842, 2049
166171, 2048
183553, 2048
186384, 2048
196389, 2048
200800, 2048
228765, 2048
255856, 2048
282648, 2048
131372, 2047
235818, 2044
104803, 2041
116648, 2041
124201, 2041
150169, 2041
91847, 2039
172680, 2035
247573, 2035
279490, 2034
65344, 2033
95707, 2033
17723, 2032
24660, 2032
53351, 2032
72823, 2032
105024, 2032
164231, 2032
190619, 2032
222227, 2032
222294, 2032
277793, 2032
284164, 2032
159638, 2031
8564, 2029
141025, 2029
188762, 2029
101344, 2028
165423, 2028
170546, 2028
180460, 2028
213357, 2028
236188, 2028
266462, 2028
266576, 2028
267596, 2028
271396, 2028
280131, 2028
290078, 2028
222536, 2027
58752, 2026
129276, 2026
241513, 2026
107686, 2024
158941, 2024
165979, 2024
187023, 2024
204804, 2024
224151, 2024
263359, 2024
284785, 2024
180098, 2023
224363, 2023
287399, 2023
125758, 2022
133606, 2020
104881, 2019
126081, 2019
285169, 2019
44501, 2018
46184, 2018
69698, 2018
79987, 2018
194148, 2018
195787, 2018
224048, 2018
255604, 2018
270740, 2018
277212, 2018
284277, 2018
93061, 2017
30642, 2016
77595, 2016
126613, 2016
239504, 2016
279327, 2016
78274, 2012
33161, 2008
40091, 2007
68095, 2007
187538, 2007
119665, 2005
152054, 2005
207080, 2004
225835, 2004
164800, 2003
69220, 2002
215424, 2002
226782, 2002
233590, 2002
181164, 2000
242269, 2000
269272, 2000
76793, 1999
160078, 1998
106062, 1997
200061, 1996
249216, 1996
103339, 1994
159706, 1994
274001, 1994
162496, 1992
32156, 1991
213168, 1991
236566, 1991
243434, 1991
49435, 1990
142319, 1990
210370, 1990
56604, 1989
206896, 1989
108630, 1986
276158, 1986
136712, 1985
283562, 1982
27912, 1981
30389, 1981
49762, 1981
65687, 1981
81031, 1981
107769, 1981
174463, 1981
184966, 1981
217590, 1981
90337, 1980
104612, 1980
116092, 1980
285811, 1979
90799, 1977
172761, 1977
104821, 1976
183185, 1976
194529, 1976
166006, 1975
206858, 1973
238068, 1973
127417, 1972
266998, 1972
126925, 1970
72259, 1967
124496, 1966
176970, 1966
294127, 1966
174398, 1965
235286, 1965
187646, 1963
276103, 1963
285538, 1962
46198, 1960
78046, 1960
78449, 1960
130914, 1960
186848, 1960
274451, 1960
130665, 1959
153870, 1959
233080, 1959
45206, 1956
89282, 1956
218970, 1954
29867, 1952
80096, 1952
164484, 1952
154991, 1951
164906, 1951
34757, 1949
55938, 1949
87888, 1949
95552, 1949
95558, 1949
96078, 1949
103061, 1949
164985, 1949
168364, 1949
239193, 1949
288865, 1949
45315, 1948
76658, 1948
82475, 1948
170873, 1945
275145, 1945
73222, 1944
146781, 1943
171539, 1943
152627, 1942
154195, 1942
231922, 1942
237478, 1942
266463, 1942
41485, 1941
127150, 1940
147914, 1940
148497, 1940
187094, 1940
274472, 1940
294164, 1940
15185, 1939
94348, 1939
116896, 1939
119031, 1939
280578, 1939
290591, 1939
29766, 1937
51582, 1937
34673, 1935
260417, 1935
37228, 1933
96818, 1933
135607, 1933
249390, 1933
257527, 1933
275004, 1933
77707, 1932
101212, 1931
210674, 1931
283368, 1931
217954, 1929
249263, 1929
122268, 1927
123133, 1926
173858, 1926
55228, 1925
134106, 1923
198751, 1923
231982, 1922
150833, 1921
218522, 1921
293035, 1921
35041, 1919
183950, 1919
251745, 1919
263047, 1919
263406, 1919
286879, 1919
213458, 1918
294413, 1918
52385, 1917
55891, 1917
89693, 1917
120480, 1917
183187, 1917
206354, 1917
284937, 1917
260012, 1916
282334, 1916
286125, 1916
25300, 1913
76155, 1913
129116, 1913
130939, 1913
202775, 1913
29433, 1911
66134, 1911
185304, 1910
79079, 1908
97343, 1908
99572, 1908
106253, 1908
129382, 1908
156931, 1908
212330, 1908
115998, 1907
186680, 1907
44618, 1906
170711, 1905
261277, 1905
266150, 1905
42062, 1904
151417, 1904
105583, 1903
201396, 1903
255254, 1903
291008, 1903
77315, 1902
128217, 1902
204778, 1902
99777, 1900
101841, 1899
103435, 1899
150575, 1899
169827, 1899
62572, 1898
81672, 1898
289158, 1898
271800, 1897
285474, 1897
41993, 1896
114488, 1896
274224, 1896
281685, 1896
110410, 1895
161376, 1895
128973, 1894
142300, 1894
147767, 1894
154564, 1894
169540, 1894
178410, 1894
191920, 1894
196686, 1894
229155, 1894
237399, 1894
248003, 1894
255788, 1894
259970, 1894
276253, 1894
283486, 1894
111230, 1890
197771, 1889
85418, 1888
119625, 1888
189172, 1888
214456, 1888
230361, 1888
32784, 1887
84822, 1887
154631, 1887
237751, 1887
251195, 1887
71345, 1886
93101, 1886
271135, 1886
295257, 1886
72265, 1883
77390, 1883
226976, 1883
9536, 1882
101740, 1882
141665, 1882
143286, 1882
173481, 1882
190026, 1882
194977, 1882
216028, 1882
227551, 1882
293786, 1882
250073, 1881
55647, 1880
101620, 1880
231612, 1880
232321, 1880
293016, 1880
272891, 1879
50478, 1878
70900, 1878
78216, 1878
79407, 1878
110142, 1878
135830, 1878
188747, 1878
253338, 1878
267249, 1878
47734, 1877
76611, 1877
142270, 1877
157279, 1877
159379, 1877
170097, 1877
192400, 1877
227280, 1877
273155, 1877
280503, 1877
288391, 1877
294519, 1877
82656, 1876
255118, 1876
34488, 1872
141917, 1870
199812, 1870
74925, 1869
99906, 1869
160155, 1867
245265, 1867
77208, 1866
131578, 1866
208762, 1866
259649, 1866
258334, 1864
283190, 1864
139088, 1863
227676, 1863
75586, 1861
84565, 1861
89194, 1861
193018, 1861
258222, 1861
292380, 1861
112215, 1860
166361, 1860
234375, 1860
279806, 1859
267286, 1857
181975, 1856
158686, 1854
219486, 1854
252035, 1854
15000, 1853
86750, 1853
130180, 1853
242990, 1853
254149, 1853
154409, 1851
92700, 1849
17382, 1848
68962, 1848
153632, 1848
153673, 1848
161824, 1848
246605, 1848
260148, 1848
285937, 1848
292298, 1848
22451, 1847
51765, 1847
35715, 1846
43974, 1846
65926, 1846
132293, 1846
250660, 1846
284776, 1846
136455, 1845
236114, 1845
116787, 1844
176693, 1843
292404, 1840
212989, 1839
216445, 1836
24207, 1835
74906, 1835
145346, 1835
227738, 1835
74609, 1834
135691, 1834
166991, 1834
99624, 1833
64870, 1830
176742, 1830
196605, 1830
207276, 1830
150686, 1829
267703, 1829
108224, 1826
99467, 1825
74995, 1820
86518, 1819
111503, 1819
179244, 1818
198943, 1818
29023, 1817
201391, 1817
189332, 1815
78492, 1814
137755, 1814
140386, 1814
211976, 1814
223917, 1814
227792, 1814
286494, 1814
73824, 1812
93379, 1812
51974, 1810
242289, 1810
280357, 1810
290488, 1810
127380, 1809
9688, 1808
10629, 1808
24837, 1808
33244, 1808
51368, 1808
71219, 1808
82310, 1808
86299, 1808
87275, 1808
94519, 1808
114127, 1808
134172, 1808
152509, 1808
167551, 1808
173208, 1808
208017, 1808
229019, 1808
85402, 1807
294787, 1807
145832, 1803
168346, 1803
178791, 1803
98889, 1802
190204, 1802
212772, 1802
133410, 1801
134484, 1801
185002, 1801
226590, 1801
247345, 1801
157235, 1800
196888, 1800
218265, 1800
273875, 1800
75449, 1798
131341, 1798
144615, 1798
259086, 1797
263315, 1797
26130, 1796
69672, 1796
239123, 1796
95922, 1795
44339, 1794
95745, 1794
129844, 1794
257795, 1794
240672, 1793
287562, 1792
26802, 1790
111600, 1790
145166, 1789
175501, 1789
175861, 1789
189542, 1789
224510, 1789
248222, 1789
251448, 1789
164244, 1788
176544, 1788
207147, 1788
241148, 1787
175273, 1785
188999, 1784
271559, 1784
156047, 1783
199948, 1783
92789, 1782
161117, 1782
183832, 1782
281997, 1782
94798, 1780
218780, 1780
227500, 1780
284741, 1780
295024, 1780
22709, 1779
23214, 1779
23542, 1779
76850, 1779
80342, 1779
86205, 1779
96884, 1779
123240, 1779
164595, 1779
166756, 1779
218128, 1779
45342, 1778
65968, 1778
77113, 1778
95769, 1778
190913, 1778
193910, 1778
225197, 1778
280042, 1778
290799, 1778
296589, 1778
15751, 1776
96812, 1776
99983, 1776
209555, 1776
217243, 1776
255942, 1776
123081, 1775
144907, 1775
261974, 1775
73142, 1774
191953, 1774
207267, 1774
222085, 1774
230867, 1774
257427, 1774
268222, 1774
30566, 1772
258490, 1772
122792, 1770
143444, 1770
161633, 1770
184330, 1770
71899, 1769
179900, 1769
222899, 1769
21710, 1768
85496, 1768
159292, 1768
169805, 1768
200838, 1768
220951, 1768
242617, 1768
260431, 1768
289209, 1768
290641, 1768
107254, 1767
72726, 1766
72906, 1765
127466, 1765
154135, 1765
164203, 1765
185569, 1765
270255, 1765
288465, 1765
288484, 1765
294236, 1765
291425, 1761
30490, 1760
53503, 1760
63874, 1760
199221, 1760
264063, 1760
56354, 1759
111817, 1759
162683, 1759
197351, 1759
248322, 1757
169104, 1754
47582, 1753
54994, 1753
119509, 1753
124153, 1753
55521, 1752
64921, 1752
52849, 1749
241177, 1749
95764, 1746
124444, 1746
153191, 1746
161316, 1746
191286, 1746
220398, 1746
279980, 1746
245273, 1744
212335, 1743
32632, 1742
57503, 1742
65477, 1742
127328, 1742
211087, 1742
215570, 1742
165439, 1741
11729, 1740
212535, 1740
75152, 1739
295464, 1739
125137, 1738
147829, 1738
164072, 1738
192119, 1738
189174, 1737
40652, 1736
287834, 1736
156866, 1734
174071, 1734
221044, 1734
283911, 1734
291048, 1734
73768, 1731
85141, 1731
187887, 1731
204639, 1730
208420, 1730
151396, 1729
281561, 1729
97856, 1727
11419, 1725
128017, 1725
129404, 1725
140137, 1725
186002, 1725
223732, 1725
287938, 1725
21008, 1723
91541, 1723
181827, 1723
190418, 1723
222189, 1723
231145, 1723
242188, 1723
276580, 1723
98341, 1722
275131, 1722
275658, 1722
31829, 1721
196681, 1721
103446, 1720
189690, 1720
200826, 1720
233641, 1720
107240, 1718
181542, 1718
257494, 1718
273864, 1718
287300, 1718
40102, 1717
112054, 1716
151372, 1716
95409, 1713
199824, 1713
166568, 1711
170761, 1710
177077, 1710
21821, 1709
53982, 1709
75227, 1709
152011, 1709
232313, 1709
290962, 1709
32777, 1708
38683, 1708
44651, 1708
121020, 1708
127166, 1708
141704, 1708
181679, 1708
216121, 1708
230904, 1708
235373, 1708
243674, 1708
245006, 1708
283253, 1708
293059, 1708
293407, 1708
293997, 1708
87995, 1707
94151, 1707
279115, 1707
79244, 1705
104011, 1705
105424, 1705
110843, 1705
137386, 1705
143654, 1705
206999, 1705
81519, 1703
5034, 1702
236652, 1701
278867, 1701
40601, 1700
80875, 1700
91924, 1700
123554, 1700
194724, 1700
282037, 1700
286409, 1700
288774, 1700
119270, 1699
241794, 1699
7591, 1698
12000, 1698
102470, 1698
103450, 1698
107458, 1698
112999, 1698
144609, 1698
164914, 1698
171822, 1698
186895, 1698
230446, 1698
274006, 1698
287065, 1698
61233, 1697
106001, 1697
153520, 1697
154145, 1697
162786, 1697
180986, 1697
258604, 1697
279827, 1697
61327, 1696
272623, 1696
68167, 1695
126757, 1695
151426, 1695
296258, 1695
176351, 1694
226013, 1693
53019, 1692
225647, 1691
41707, 1690
67332, 1690
83656, 1690
207918, 1689
243496, 1689
257470, 1689
36130, 1688
89331, 1688
96710, 1688
233246, 1688
260183, 1688
262495, 1688
287708, 1688
220613, 1687
260063, 1687
271545, 1687
32782, 1685
42889, 1685
100597, 1685
119370, 1685
162633, 1685
13906, 1684
39618, 1684
108187, 1684
172488, 1684
178150, 1684
193771, 1684
216396, 1684
241937, 1684
163049, 1683
189753, 1683
202109, 1683
217798, 1683
270129, 1683
29802, 1682
119496, 1682
142118, 1682
56830, 1681
58633, 1681
142997, 1681
29921, 1680
56215, 1680
112780, 1680
151896, 1680
168246, 1680
190410, 1680
194887, 1680
234641, 1680
277068, 1680
282371, 1680
19707, 1679
20695, 1679
55143, 1679
59923, 1679
227457, 1679
256572, 1679
1874, 1678
78510, 1678
79572, 1678
176528, 1678
129136, 1676
146340, 1676
248722, 1676
250915, 1676
270482, 1676
124474, 1675
238382, 1675
269748, 1675
272237, 1675
50009, 1674
221623, 1674
154511, 1673
286792, 1673
207381, 1672
80862, 1670
245949, 1670
278391, 1668
6344, 1666
40463, 1666
71754, 1666
74395, 1666
117267, 1666
21348, 1665
124826, 1665
154161, 1665
245493, 1665
256325, 1665
271850, 1665
52242, 1663
210205, 1663
220782, 1663
224147, 1663
253985, 1663
45016, 1662
52034, 1662
75543, 1661
165472, 1661
121685, 1660
48244, 1659
55960, 1659
143344, 1659
222608, 1659
258290, 1659
277269, 1659
22714, 1658
103039, 1658
126813, 1658
142632, 1658
14364, 1657
72675, 1657
104128, 1657
249093, 1657
73125, 1655
177608, 1655
191940, 1655
295034, 1654
35907, 1653
95779, 1653
43528, 1652
45247, 1652
80958, 1652
84519, 1652
92856, 1652
98708, 1652
139380, 1652
142014, 1652
159372, 1652
250952, 1652
294393, 1652
10098, 1651
163431, 1651
252768, 1651
121341, 1649
38799, 1648
43657, 1648
51707, 1648
52107, 1648
84049, 1648
87687, 1648
97228, 1648
121768, 1648
139526, 1648
151824, 1648
153047, 1648
157580, 1648
234594, 1648
240516, 1648
270924, 1647
140829, 1645
53003, 1644
208043, 1644
296605, 1644
291865, 1643
294955, 1643
73548, 1642
105742, 1642
131649, 1642
154270, 1642
181313, 1642
200700, 1642
275676, 1642
46475, 1641
62056, 1641
99020, 1641
136280, 1641
171604, 1641
193266, 1641
250182, 1641
39664, 1640
169063, 1640
227721, 1640
26842, 1639
34964, 1639
203700, 1639
210347, 1639
237394, 1639
237405, 1639
244745, 1639
50521, 1638
58422, 1638
71726, 1638
130638, 1638
206920, 1638
263333, 1638
289901, 1638
39323, 1637
104718, 1637
105895, 1637
156590, 1637
172021, 1637
289566, 1637
157855, 1636
174439, 1636
112402, 1635
281121, 1635
129882, 1634
277457, 1634
116297, 1633
59811, 1631
85557, 1631
90516, 1631
240038, 1631
240595, 1630
57195, 1629
68731, 1629
69254, 1629
170096, 1629
213959, 1629
230740, 1629
250746, 1629
230326, 1627
248857, 1627
272390, 1627
24830, 1626
33724, 1626
117220, 1626
243046, 1626
56551, 1624
170744, 1624
193890, 1624
225999, 1624
238798, 1624
266179, 1624
286633, 1624
4741, 1623
32886, 1623
84094, 1623
108136, 1623
158951, 1623
202440, 1623
218142, 1623
237992, 1623
289748, 1623
113987, 1622
126501, 1622
158344, 1622
235063, 1622
252118, 1622
217583, 1621
233221, 1621
9303, 1620
264300, 1618
11284, 1617
50107, 1615
57832, 1615
201754, 1615
125134, 1614
163948, 1614
285213, 1614
69894, 1613
6078, 1610
42059, 1610
86825, 1610
136687, 1610
161955, 1610
106334, 1609
175667, 1609
217204, 1609
281260, 1609
29618, 1608
67119, 1608
184996, 1607
235686, 1606
58389, 1605
127032, 1605
130630, 1605
176066, 1605
182196, 1605
200209, 1605
236300, 1605
284423, 1605
68311, 1603
83231, 1603
192950, 1603
205467, 1603
71143, 1602
49318, 1601
143535, 1601
147795, 1601
193930, 1601
272669, 1601
53467, 1600
154808, 1600
146385, 1599
168075, 1599
37153, 1598
124933, 1598
224571, 1598
261854, 1598
184672, 1597
200533, 1597
205547, 1597
294136, 1597
3465, 1596
54545, 1596
138097, 1596
158448, 1596
162331, 1596
42149, 1595
96334, 1595
151554, 1595
172378, 1595
181967, 1595
54049, 1594
84863, 1594
174153, 1594
290104, 1594
100277, 1593
239561, 1593
59678, 1592
218407, 1592
259246, 1592
282868, 1592
14412, 1591
13575, 1590
19619, 1590
166664, 1590
223014, 1590
89024, 1589
270263, 1589
270932, 1589
281604, 1589
47407, 1588
55573, 1586
56045, 1586
135769, 1586
184151, 1586
240799, 1586
277388, 1586
5262, 1585
7307, 1585
30050, 1585
57650, 1585
69032, 1585
87226, 1585
88530, 1585
90180, 1585
119078, 1585
125230, 1585
163524, 1585
164492, 1585
167137, 1585
186244, 1585
210325, 1585
235384, 1585
36377, 1584
59129, 1584
67420, 1584
81616, 1584
139803, 1584
157569, 1584
196919, 1584
199453, 1584
222887, 1584
231350, 1584
249551, 1584
261736, 1584
284020, 1584
288143, 1584
290767, 1584
20708, 1583
46987, 1583
55192, 1583
147266, 1583
151188, 1583
25834, 1582
144525, 1581
190470, 1581
44494, 1580
83160, 1580
183584, 1580
253943, 1579
212825, 1578
215522, 1578
126547, 1577
151334, 1577
30865, 1576
31954, 1576
120372, 1576
121953, 1576
125228, 1576
133239, 1576
135762, 1576
137844, 1576
149981, 1576
154743, 1576
191765, 1576
193876, 1576
208192, 1576
222585, 1576
238890, 1576
256054, 1576
259102, 1576
261255, 1576
268838, 1576
282064, 1576
13773, 1575
54490, 1575
96132, 1575
214082, 1575
219752, 1575
259173, 1575
283374, 1575
9014, 1574
39408, 1574
44195, 1574
68365, 1574
86891, 1574
121463, 1574
145519, 1574
262483, 1574
9436, 1573
27587, 1573
120027, 1573
209602, 1573
265742, 1573
278293, 1573
246139, 1572
18503, 1571
150303, 1571
171514, 1571
15139, 1570
29750, 1570
180413, 1570
187778, 1570
54019, 1569
219643, 1569
279725, 1569
1854, 1568
241016, 1568
211880, 1567
17818, 1566
54081, 1566
66611, 1566
82146, 1566
89060, 1566
100144, 1566
128674, 1566
133672, 1566
136431, 1566
142754, 1566
146596, 1566
149135, 1566
165721, 1566
200920, 1566
202056, 1566
204001, 1566
204929, 1566
218677, 1566
227474, 1566
267602, 1566
292679, 1566
185812, 1565
219142, 1565
188384, 1564
86143, 1561
86599, 1561
112776, 1561
81926, 1560
156074, 1560
115656, 1559
192720, 1559
66867, 1558
214105, 1558
12810, 1556
140700, 1556
166555, 1556
170528, 1556
195715, 1556
233684, 1556
266674, 1556
33485, 1555
22176, 1553
139364, 1553
273680, 1552
68546, 1550
127561, 1550
158668, 1550
279826, 1550
292211, 1550
35561, 1549
81349, 1549
117021, 1549
188791, 1549
229108, 1549
184777, 1548
198410, 1548
247903, 1548
13293, 1547
41642, 1547
94931, 1547
96915, 1547
99163, 1547
134497, 1547
149018, 1547
197341, 1547
244037, 1547
271666, 1547
285974, 1547
99899, 1546
271356, 1546
50929, 1543
95133, 1543
223653, 1543
77407, 1542
158246, 1542
20591, 1541
27315, 1541
86614, 1541
92389, 1541
92485, 1541
108673, 1541
118667, 1541
118786, 1541
154080, 1541
154374, 1541
158608, 1541
161158, 1541
163630, 1541
185603, 1541
192408, 1541
192550, 1541
198159, 1541
201093, 1541
229316, 1541
257010, 1541
272125, 1541
12847, 1540
69080, 1540
101303, 1540
110430, 1540
134556, 1540
163474, 1540
224739, 1540
51595, 1539
76480, 1539
92762, 1539
124481, 1539
190912, 1539
201000, 1539
215940, 1539
264636, 1539
296417, 1539
53898, 1538
66357, 1538
80357, 1538
113829, 1538
153181, 1538
195987, 1538
198908, 1538
222448, 1538
261761, 1538
10553, 1536
201327, 1536
22819, 1535
109722, 1534
136016, 1534
172364, 1534
76577, 1533
113478, 1533
187845, 1533
256789, 1533
109820, 1532
261075, 1530
15756, 1529
188827, 1529
190339, 1529
217489, 1529
30418, 1528
39822, 1528
95571, 1528
119112, 1528
187438, 1528
214861, 1528
229827, 1528
237085, 1528
245748, 1528
270303, 1528
274432, 1528
282894, 1528
283103, 1528
61077, 1526
45582, 1525
53211, 1525
114589, 1525
115550, 1525
129026, 1525
146251, 1525
183498, 1525
190599, 1525
275941, 1525
78866, 1524
280263, 1523
80127, 1521
25548, 1520
160877, 1520
285190, 1520
294058, 1520
89272, 1519
170191, 1518
229422, 1518
294250, 1518
84770, 1516
151146, 1516
199110, 1516
208540, 1516
38419, 1515
245906, 1515
39851, 1514
124169, 1514
17137, 1513
288993, 1513
140432, 1512
199999, 1512
225859, 1512
272061, 1512
93981, 1511
166875, 1511
177058, 1511
223661, 1511
87519, 1510
46391, 1509
56691, 1509
203459, 1509
255632, 1509
267225, 1509
277024, 1507
80957, 1506
86343, 1506
194422, 1506
208023, 1506
243798, 1506
252016, 1506
27490, 1504
267616, 1504
47857, 1503
203636, 1502
33784, 1501
293350, 1501
47364, 1500
54248, 1500
74894, 1500
89730, 1500
122823, 1500
128824, 1500
159199, 1500
177595, 1500
252400, 1500
290160, 1500
273573, 1499
118312, 1498
123316, 1498
182895, 1498
210018, 1498
289809, 1497
12588, 1496
34120, 1496
99363, 1496
107685, 1496
122739, 1496
153876, 1496
168545, 1496
219615, 1496
222993, 1496
250642, 1496
253639, 1496
272933, 1496
291921, 1496
77795, 1495
93195, 1495
110265, 1495
119023, 1495
155963, 1495
168488, 1495
170383, 1495
255025, 1495
265648, 1495
270262, 1495
282920, 1495
36000, 1494
183591, 1494
211372, 1494
228017, 1494
2222, 1493
24160, 1493
42378, 1493
44483, 1493
100693, 1493
138243, 1493
150159, 1493
178295, 1493
71840, 1492
187344, 1492
234930, 1492
274399, 1491
279376, 1491
29165, 1490
42481, 1490
72173, 1490
141829, 1490
159162, 1490
168720, 1490
217999, 1490
262322, 1490
294174, 1490
120529, 1489
143422, 1489
205256, 1489
243467, 1488
257143, 1488
84540, 1487
88512, 1487
168849, 1487
178293, 1487
191611, 1487
215045, 1487
236609, 1487
262175, 1487
272804, 1487
189127, 1486
254381, 1486
5304, 1485
133613, 1484
147271, 1483
147796, 1483
274941, 1483
6525, 1481
24998, 1481
238526, 1481
238553, 1481
53910, 1480
117702, 1480
27228, 1479
33349, 1479
74895, 1479
79185, 1479
100846, 1479
142971, 1479
251901, 1479
28459, 1478
71035, 1478
98505, 1478
107178, 1478
132947, 1478
133568, 1478
213919, 1478
215698, 1478
231459, 1478
259351, 1478
263941, 1478
292821, 1478
82223, 1477
15122, 1476
33547, 1476
44779, 1476
134323, 1476
160104, 1476
176041, 1476
177195, 1476
179151, 1476
184146, 1476
185496, 1476
197154, 1476
207823, 1476
210198, 1476
210762, 1476
224405, 1476
225411, 1476
226274, 1476
226581, 1476
227754, 1476
247411, 1476
249858, 1476
251161, 1476
251529, 1476
256294, 1476
256651, 1476
260756, 1476
263129, 1476
263330, 1476
263357, 1476
264412, 1476
268821, 1476
269181, 1476
273484, 1476
274489, 1476
278169, 1476
280004, 1476
280506, 1476
281694, 1476
285226, 1476
292607, 1476
108506, 1475
194298, 1475
228066, 1475
228114, 1475
34784, 1474
237315, 1474
262062, 1474
110786, 1473
134913, 1473
167436, 1473
230343, 1473
260497, 1473
261973, 1473
264397, 1473
264592, 1473
291845, 1473
294381, 1473
123192, 1472
182300, 1472
211985, 1472
212369, 1472
222296, 1472
238290, 1472
267857, 1472
268883, 1472
279628, 1472
140369, 1471
183752, 1471
66581, 1470
67408, 1470
87069, 1470
196163, 1470
212820, 1470
280721, 1470
118998, 1469
246406, 1469
36946, 1468
212035, 1468
233051, 1468
154496, 1467
201035, 1467
240094, 1467
766, 1466
5236, 1466
12301, 1466
12912, 1466
38418, 1466
40284, 1466
62857, 1466
87806, 1466
108036, 1466
129574, 1466
134112, 1466
153196, 1466
156712, 1466
158782, 1466
185562, 1466
258370, 1466
261161, 1466
295437, 1465
128763, 1464
217596, 1464
292400, 1464
71202, 1463
130841, 1463
36883, 1462
50639, 1462
59120, 1462
67868, 1462
70936, 1462
86829, 1462
106451, 1462
109177, 1462
125611, 1462
133723, 1462
137344, 1462
152727, 1462
278158, 1462
59500, 1461
91980, 1461
95304, 1461
114403, 1461
115577, 1461
159803, 1461
179710, 1461
276198, 1461
27715, 1460
144631, 1460
178819, 1460
242237, 1460
277410, 1460
92648, 1459
160173, 1459
196828, 1459
229458, 1459
248179, 1459
248959, 1459
281078, 1459
161817, 1458
189807, 1458
280438, 1458
8084, 1457
63244, 1457
236668, 1457
287594, 1457
90517, 1456
270267, 1456
66880, 1455
121147, 1455
270001, 1455
115119, 1454
229989, 1454
56572, 1453
58297, 1453
80118, 1453
94275, 1453
188579, 1453
200652, 1453
35441, 1452
183781, 1452
196442, 1452
219846, 1452
245771, 1452
294321, 1452
24629, 1451
151537, 1451
254812, 1450
119451, 1449
166346, 1449
217619, 1449
230872, 1449
257335, 1448
38, 1447
81718, 1447
247218, 1447
249239, 1447
208498, 1446
255226, 1446
105573, 1445
183512, 1445
253778, 1445
19840, 1444
56340, 1444
86366, 1444
121279, 1444
161291, 1444
187132, 1444
189968, 1444
216703, 1444
239416, 1444
249638, 1444
54714, 1443
121863, 1443
194304, 1443
56155, 1442
147963, 1442
32819, 1441
69792, 1441
84005, 1441
91319, 1441
109476, 1441
168601, 1441
202168, 1441
279294, 1441
193300, 1440
219024, 1440
244623, 1440
247996, 1440
62807, 1439
135295, 1439
177376, 1439
228368, 1439
250857, 1439
276993, 1439
283076, 1439
5878, 1438
255779, 1438
160390, 1437
201005, 1437
232302, 1437
241167, 1436
36509, 1435
60725, 1435
79313, 1435
93289, 1435
98663, 1435
194364, 1435
226106, 1435
242739, 1435
248674, 1435
248809, 1435
250900, 1435
251416, 1435
253253, 1435
278258, 1435
285491, 1435
49981, 1434
85591, 1434
130285, 1434
180815, 1434
226450, 1434
263952, 1434
280417, 1434
82025, 1433
102398, 1433
192623, 1433
137214, 1432
192240, 1432
18211, 1431
69335, 1431
77406, 1431
94889, 1431
169355, 1431
172637, 1431
185672, 1431
206708, 1431
234265, 1431
264975, 1431
48345, 1430
96742, 1430
86799, 1429
3751, 1428
73124, 1428
192203, 1428
106658, 1427
156532, 1427
158365, 1427
158659, 1427
161651, 1427
181076, 1427
185324, 1427
186010, 1427
204185, 1427
208214, 1427
223229, 1427
231309, 1427
249359, 1427
260522, 1427
293693, 1427
117066, 1426
140011, 1426
167151, 1426
279720, 1426
10627, 1425
14879, 1425
22574, 1425
24663, 1425
59421, 1425
82449, 1425
100000, 1425
123670, 1425
220752, 1425
278595, 1425
161419, 1424
218327, 1424
246023, 1424
88083, 1423
162642, 1423
283315, 1423
21167, 1422
91625, 1422
119656, 1422
122535, 1422
146366, 1422
160719, 1422
175845, 1422
243259, 1422
265190, 1421
74825, 1420
151052, 1420
213580, 1420
246800, 1420
273492, 1420
84025, 1419
91397, 1419
129090, 1419
130632, 1419
141944, 1419
154687, 1419
172357, 1419
218808, 1419
239151, 1419
248435, 1419
35908, 1418
63460, 1418
86118, 1418
252160, 1418
279582, 1418
91960, 1417
14810, 1416
44045, 1416
57717, 1416
81666, 1416
107445, 1416
114990, 1416
119271, 1416
204508, 1416
254587, 1416
271868, 1416
24074, 1415
128335, 1415
163844, 1415
181571, 1415
231919, 1415
244811, 1415
128422, 1414
86322, 1413
120338, 1413
129141, 1413
208383, 1413
247871, 1413
281993, 1413
285448, 1413
293613, 1413
296498, 1413
136894, 1412
136996, 1412
141179, 1412
145775, 1412
160191, 1412
160322, 1412
160533, 1412
182804, 1412
185893, 1412
187207, 1412
196931, 1412
197989, 1412
200024, 1412
203771, 1412
204207, 1412
204354, 1412
213181, 1412
215128, 1412
219777, 1412
220954, 1412
225937, 1412
226342, 1412
231663, 1412
232253, 1412
234315, 1412
234325, 1412
236173, 1412
242171, 1412
245550, 1412
247578, 1412
251031, 1412
252255, 1412
254128, 1412
258481, 1412
258662, 1412
259527, 1412
261036, 1412
263160, 1412
264677, 1412
267364, 1412
269482, 1412
273986, 1412
274620, 1412
283817, 1412
285074, 1412
287125, 1412
288248, 1412
288550, 1412
293313, 1412
295462, 1412
9902, 1410
99057, 1410
193705, 1410
224662, 1410
32134, 1409
64694, 1409
79830, 1409
111512, 1409
177809, 1409
205597, 1409
218405, 1409
268881, 1409
270244, 1409
279703, 1409
120068, 1408
151652, 1408
170026, 1408
269711, 1408
161054, 1407
176205, 1407
192735, 1407
77006, 1406
107483, 1406
109073, 1406
116708, 1406
139513, 1406
27759, 1405
150107, 1405
151879, 1405
212026, 1405
45186, 1404
197465, 1404
202264, 1404
221658, 1404
63202, 1403
115650, 1403
131428, 1403
138270, 1403
141858, 1403
149054, 1403
153383, 1403
161589, 1403
161644, 1403
169551, 1403
173263, 1403
178620, 1403
183639, 1403
183692, 1403
188337, 1403
192331, 1403
193568, 1403
196492, 1403
197279, 1403
200741, 1403
200984, 1403
208097, 1403
209080, 1403
210692, 1403
212961, 1403
215037, 1403
218234, 1403
222486, 1403
223081, 1403
226167, 1403
227843, 1403
232223, 1403
233250, 1403
237752, 1403
247240, 1403
248745, 1403
256430, 1403
258583, 1403
259842, 1403
265216, 1403
277194, 1403
284578, 1403
286589, 1403
47497, 1401
80914, 1401
95403, 1401
24956, 1400
57580, 1400
113099, 1400
116923, 1400
192744, 1400
289170, 1400
32526, 1399
215744, 1399
9745, 1397
103589, 1397
112007, 1397
30067, 1396
40842, 1396
45768, 1396
57733, 1396
69008, 1396
75144, 1396
100532, 1396
128781, 1396
130488, 1396
149986, 1396
170669, 1396
230353, 1396
240487, 1396
242423, 1396
22984, 1395
57108, 1395
83951, 1395
88047, 1395
94425, 1395
102073, 1395
148695, 1395
177912, 1395
225005, 1395
234228, 1395
274588, 1395
180754, 1394
52430, 1393
99622, 1393
139453, 1393
239035, 1393
43006, 1392
47074, 1392
78169, 1392
119574, 1392
124897, 1392
203788, 1392
248083, 1392
257600, 1392
265414, 1392
18812, 1391
28540, 1391
112688, 1391
115808, 1391
163358, 1391
184586, 1391
190262, 1391
192906, 1391
229303, 1391
241093, 1391
250727, 1391
250777, 1391
251103, 1391
253872, 1391
254582, 1391
265977, 1391
279917, 1391
42843, 1390
55743, 1390
56816, 1390
61108, 1390
74695, 1390
83408, 1390
83510, 1390
92720, 1390
109344, 1390
118426, 1390
128567, 1390
133255, 1390
159519, 1390
173338, 1390
180027, 1390
192597, 1390
226875, 1390
241663, 1390
22104, 1389
160715, 1389
208487, 1388
275017, 1388
277661, 1388
295517, 1388
23916, 1387
25048, 1387
36232, 1387
63333, 1387
64737, 1387
85079, 1387
121684, 1387
205323, 1387
236096, 1387
228113, 1386
26927, 1385
28563, 1385
148478, 1384
217166, 1384
263437, 1384
288142, 1384
116055, 1383
120585, 1383
199427, 1383
227170, 1383
246015, 1383
256881, 1383
270088, 1383
40826, 1382
52754, 1382
140142, 1382
148413, 1382
189045, 1382
192525, 1382
211756, 1382
268215, 1382
96413, 1381
98045, 1381
205345, 1381
216229, 1381
45090, 1380
61716, 1380
140595, 1380
169702, 1380
175526, 1380
197589, 1380
228989, 1380
257800, 1380
24127, 1379
27411, 1379
82929, 1379
87225, 1379
141432, 1379
206248, 1379
206495, 1379
210644, 1379
22435, 1378
159528, 1378
161702, 1378
66148, 1377
99886, 1377
131787, 1377
1234, 1376
22298, 1376
53830, 1376
60628, 1376
72374, 1376
88185, 1376
101649, 1376
126924, 1376
163008, 1376
186687, 1376
273124, 1376
64016, 1375
158420, 1375
162528, 1375
191565, 1375
237347, 1375
52267, 1374
58127, 1374
147554, 1374
171559, 1374
203414, 1374
241166, 1374
251481, 1374
51906, 1373
56625, 1373
63466, 1373
65953, 1373
75040, 1373
83797, 1373
98749, 1373
125314, 1373
137224, 1373
151345, 1373
158910, 1373
169266, 1373
171090, 1373
190528, 1373
199028, 1373
255745, 1373
262134, 1373
264504, 1373
270904, 1373
78802, 1372
130907, 1372
132606, 1372
156806, 1372
186847, 1372
227700, 1372
233583, 1372
37376, 1370
130098, 1370
162129, 1370
175662, 1370
217046, 1370
25696, 1369
77676, 1369
114467, 1369
170588, 1369
223592, 1369
262711, 1369
8458, 1368
27974, 1368
60635, 1368
119982, 1368
123932, 1368
185830, 1368
247089, 1368
20009, 1367
60395, 1367
254683, 1367
26079, 1366
33721, 1366
57711, 1366
66113, 1366
75571, 1366
101941, 1366
110205, 1366
113423, 1366
114301, 1366
114519, 1366
122017, 1366
131519, 1366
141400, 1366
141924, 1366
155608, 1366
156014, 1366
162460, 1366
165304, 1366
178715, 1366
186843, 1366
187111, 1366
208972, 1366
211787, 1366
212286, 1366
215309, 1366
238976, 1366
284036, 1366
285985, 1366
290893, 1366
285670, 1365
46114, 1364
68389, 1364
141487, 1364
204448, 1364
288523, 1364
89525, 1363
178858, 1363
255591, 1363
5319, 1362
28734, 1362
29641, 1362
38620, 1362
39550, 1362
40133, 1362
44369, 1362
44875, 1362
49573, 1362
52953, 1362
54410, 1362
54927, 1362
55851, 1362
60973, 1362
61047, 1362
61131, 1362
62049, 1362
65287, 1362
77687, 1362
93621, 1362
222759, 1362
280982, 1362
1991, 1361
5557, 1361
22401, 1361
29286, 1361
63846, 1361
80415, 1361
98258, 1361
119135, 1361
124845, 1361
142496, 1361
157244, 1361
163328, 1361
167572, 1361
183154, 1361
190750, 1361
194028, 1361
198849, 1361
202080, 1361
213236, 1361
220671, 1361
223194, 1361
231344, 1361
247018, 1361
252129, 1361
269586, 1361
275066, 1361
287470, 1361
289891, 1361
12150, 1360
15591, 1360
36221, 1360
52010, 1360
72962, 1360
84288, 1360
99436, 1360
103884, 1360
132653, 1360
202460, 1360
203672, 1360
239194, 1360
239215, 1360
259711, 1360
266867, 1360
283832, 1360
38383, 1359
55134, 1359
57922, 1359
75325, 1359
76623, 1359
91634, 1359
102103, 1359
104777, 1359
111423, 1359
112837, 1359
113077, 1359
119529, 1359
123032, 1359
144403, 1359
164808, 1359
169504, 1359
169596, 1359
170032, 1359
174996, 1359
184942, 1359
188980, 1359
218589, 1359
236418, 1359
247305, 1359
292127, 1359
294409, 1359
44376, 1358
54763, 1358
96893, 1358
141393, 1358
162800, 1358
11585, 1357
41123, 1357
53512, 1357
147475, 1357
216071, 1357
231457, 1357
13570, 1356
79395, 1356
134889, 1356
138334, 1356
144725, 1356
200529, 1356
4490, 1355
8317, 1355
61866, 1355
172602, 1355
225568, 1355
275394, 1355
2909, 1354
50468, 1354
68165, 1354
117902, 1354
148364, 1354
156196, 1354
294837, 1354
6974, 1353
22777, 1353
34574, 1353
45042, 1353
56758, 1353
72327, 1353
86919, 1353
88758, 1353
102047, 1353
105136, 1353
109398, 1353
117771, 1353
120609, 1353
121224, 1353
123479, 1353
126085, 1353
137836, 1353
171448, 1353
194809, 1353
203595, 1353
216837, 1353
220837, 1353
233783, 1353
235120, 1353
250475, 1353
294361, 1353
55442, 1352
307, 1351
21627, 1351
23213, 1351
41900, 1351
61171, 1351
69714, 1351
93619, 1351
142550, 1351
181154, 1351
185863, 1351
204274, 1351
205671, 1351
223394, 1351
226161, 1351
241268, 1351
245232, 1351
257059, 1351
260393, 1351
270993, 1351
271930, 1351
277239, 1351
282205, 1351
295963, 1351
52002, 1350
53361, 1350
55324, 1350
62668, 1350
63696, 1350
84159, 1350
87303, 1350
92639, 1350
94239, 1350
102892, 1350
120370, 1350
124008, 1350
166859, 1350
192717, 1350
222110, 1350
254622, 1350
259238, 1350
28284, 1349
51077, 1349
95210, 1349
99782, 1349
130657, 1349
136675, 1349
140080, 1349
142922, 1349
174252, 1349
238346, 1349
24317, 1348
64452, 1348
103632, 1348
131345, 1348
168902, 1348
178384, 1348
226744, 1348
234784, 1348
235245, 1348
237070, 1348
237188, 1348
244046, 1348
253195, 1348
277698, 1348
283687, 1348
39964, 1347
52493, 1347
52980, 1347
84237, 1347
84454, 1347
92963, 1347
96854, 1347
113704, 1347
140915, 1347
150254, 1347
156183, 1347
159764, 1347
166509, 1347
167685, 1347
169503, 1347
171207, 1347
172080, 1347
172681, 1347
173274, 1347
175573, 1347
196457, 1347
203973, 1347
219856, 1347
233132, 1347
245886, 1347
272421, 1347
275392, 1347
293184, 1347
295997, 1347
150947, 1346
214459, 1346
22195, 1345
142164, 1345
291274, 1345
27481, 1344
28076, 1344
74527, 1344
77047, 1344
78909, 1344
112393, 1344
147111, 1344
149228, 1344
192165, 1344
192935, 1344
194019, 1344
199487, 1344
216961, 1344
220953, 1344
247609, 1344
263720, 1344
62186, 1343
68887, 1343
119663, 1343
156956, 1343
164532, 1343
197742, 1343
197769, 1343
202405, 1343
234460, 1343
250885, 1343
252076, 1343
275245, 1343
125552, 1342
138351, 1342
232532, 1342
258330, 1342
16585, 1341
20758, 1341
26313, 1341
35808, 1341
39765, 1341
59286, 1341
168267, 1341
254816, 1341
29675, 1340
253897, 1340
292177, 1340
77871, 1339
101314, 1339
105463, 1339
116480, 1339
118094, 1339
132154, 1339
133194, 1339
186566, 1339
186755, 1339
198583, 1339
225406, 1339
25607, 1338
99460, 1338
104615, 1338
113821, 1338
131657, 1338
146413, 1338
150934, 1338
168869, 1338
184036, 1338
202873, 1338
217085, 1338
244755, 1338
251605, 1338
193277, 1337
222403, 1337
7398, 1336
68088, 1336
82279, 1336
88764, 1336
117527, 1336
123662, 1336
131465, 1336
132167, 1336
155910, 1336
157612, 1336
171085, 1336
177064, 1336
180835, 1336
189813, 1336
191225, 1336
195372, 1336
207125, 1336
208794, 1336
216819, 1336
220220, 1336
240036, 1336
252187, 1336
272958, 1336
278373, 1336
284409, 1336
286521, 1336
287524, 1336
290550, 1336
130702, 1335
232932, 1335
277458, 1335
7985, 1334
125419, 1334
145998, 1334
184096, 1334
295181, 1334
70435, 1333
75764, 1333
105901, 1333
120005, 1333
208427, 1333
6056, 1332
8792, 1332
18870, 1332
68148, 1332
80669, 1332
87148, 1332
88116, 1332
95495, 1332
109113, 1332
16824, 1331
59652, 1331
115040, 1331
128959, 1331
146005, 1331
173396, 1331
207365, 1331
8525, 1330
36277, 1330
45007, 1330
45213, 1330
68588, 1330
74289, 1330
93906, 1330
139474, 1330
161584, 1330
187259, 1330
206851, 1330
238569, 1330
243976, 1330
251316, 1330
260865, 1330
103554, 1329
235042, 1329
10955, 1328
36577, 1328
38244, 1328
39861, 1328
44223, 1328
45963, 1328
49256, 1328
52939, 1328
63910, 1328
72477, 1328
79953, 1328
89482, 1328
100836, 1328
104061, 1328
107018, 1328
120017, 1328
130800, 1328
147519, 1328
152039, 1328
159849, 1328
173176, 1328
179050, 1328
179970, 1328
180812, 1328
188179, 1328
189007, 1328
202226, 1328
209826, 1328
241079, 1328
278357, 1328
132025, 1327
45131, 1326
50608, 1326
76002, 1326
81309, 1326
92554, 1326
101825, 1326
121216, 1326
139355, 1326
139739, 1326
181724, 1326
197438, 1326
210246, 1326
272724, 1326
43626, 1325
72822, 1325
87354, 1325
104679, 1325
127730, 1325
132688, 1325
176214, 1325
21581, 1324
56431, 1324
68213, 1324
69663, 1324
71060, 1324
78938, 1324
82975, 1324
108746, 1324
115107, 1324
118124, 1324
124801, 1324
128756, 1324
142613, 1324
148541, 1324
148672, 1324
156492, 1324
162500, 1324
163262, 1324
169951, 1324
171296, 1324
172077, 1324
175502, 1324
175773, 1324
176848, 1324
179317, 1324
214735, 1324
222466, 1324
227659, 1324
227728, 1324
245598, 1324
246416, 1324
255419, 1324
55473, 1323
60442, 1323
64002, 1323
77983, 1323
81824, 1323
87380, 1323
108544, 1323
123158, 1323
128751, 1323
166660, 1323
168087, 1323
189994, 1323
199765, 1323
274252, 1323
282577, 1323
293631, 1323
11510, 1322
51685, 1322
54989, 1322
83699, 1322
104503, 1322
111477, 1322
184958, 1322
288214, 1322
293898, 1322
9706, 1321
26601, 1321
190085, 1321
211621, 1321
285496, 1321
8055, 1320
61771, 1320
55872, 1319
79586, 1319
83197, 1319
146698, 1319
171203, 1319
192043, 1319
200260, 1319
202475, 1319
211388, 1319
277753, 1319
66895, 1318
164817, 1318
181781, 1318
182085, 1318
224880, 1318
36644, 1317
46190, 1317
52578, 1317
54040, 1317
70956, 1317
72238, 1317
139104, 1317
140955, 1317
171954, 1317
218603, 1317
221109, 1317
277942, 1317
68706, 1316
73442, 1316
74702, 1316
80932, 1316
105545, 1316
122562, 1316
123718, 1316
124690, 1316
127666, 1316
135525, 1316
141727, 1316
162396, 1316
190417, 1316
222071, 1316
272287, 1316
11163, 1315
15243, 1315
17944, 1315
48587, 1315
58237, 1315
78127, 1315
91089, 1315
95258, 1315
98275, 1315
108839, 1315
116757, 1315
147984, 1315
197950, 1315
257238, 1315
63878, 1314
90602, 1314
130666, 1314
213598, 1314
219628, 1314
246096, 1314
264946, 1314
72053, 1313
107092, 1313
109519, 1313
167901, 1313
221867, 1313
264497, 1313
272206, 1313
285151, 1313
25683, 1312
37320, 1312
41088, 1312
56725, 1312
57651, 1312
136774, 1312
148805, 1312
165407, 1312
190828, 1312
208372, 1312
230677, 1312
64808, 1311
77688, 1311
82295, 1311
92334, 1311
92825, 1311
222923, 1311
237090, 1311
270762, 1311
292029, 1311
293837, 1311
38438, 1310
53518, 1310
162000, 1310
173186, 1310
176135, 1310
180213, 1310
212691, 1310
250893, 1310
267267, 1310
270785, 1310
276676, 1310
17340, 1309
49898, 1309
61524, 1309
72781, 1309
78684, 1309
81849, 1309
146123, 1309
158756, 1309
161801, 1309
210005, 1309
220506, 1309
28701, 1308
41446, 1308
50442, 1308
97676, 1308
249800, 1308
106266, 1307
115959, 1307
219061, 1307
27503, 1306
31990, 1306
56774, 1306
69696, 1306
73013, 1306
73241, 1306
92145, 1306
97568, 1306
98221, 1306
107091, 1306
143548, 1306
174406, 1306
185685, 1306
186285, 1306
197546, 1306
213351, 1306
217093, 1306
223831, 1306
246863, 1306
246993, 1306
256411, 1306
263114, 1306
285282, 1306
296046, 1306
16060, 1305
52573, 1305
61947, 1305
97144, 1305
100264, 1305
100545, 1305
109634, 1305
34780, 1304
53619, 1304
60940, 1304
73514, 1304
85362, 1304
137032, 1304
145173, 1304
146417, 1304
151313, 1304
211289, 1304
244229, 1304
276096, 1304
292527, 1304
76281, 1303
103519, 1303
112540, 1303
147787, 1303
150691, 1303
267620, 1303
273852, 1303
279820, 1303
93952, 1302
111005, 1302
122261, 1302
171951, 1302
183636, 1302
201947, 1302
207416, 1302
207427, 1302
210233, 1302
253132, 1302
286663, 1302
170382, 1301
208888, 1301
252148, 1301
67294, 1300
88171, 1300
88944, 1300
112253, 1300
140309, 1300
143677, 1300
188138, 1300
193998, 1300
195596, 1300
195617, 1300
202750, 1300
252853, 1300
256874, 1300
258843, 1300
264109, 1300
271938, 1300
13041, 1299
15309, 1299
73697, 1299
214614, 1299
230458, 1298
20766, 1297
149679, 1297
290259, 1297
28312, 1296
58642, 1296
78796, 1296
135831, 1296
206971, 1296
230026, 1296
35105, 1295
70695, 1295
117880, 1295
182152, 1295
285452, 1295
91644, 1294
157353, 1294
216206, 1294
248918, 1294
70952, 1293
141974, 1293
11869, 1292
53396, 1292
191772, 1292
247899, 1292
254390, 1292
276301, 1292
280431, 1292
25908, 1291
42235, 1291
46991, 1291
47549, 1291
61101, 1291
68935, 1291
111133, 1291
115370, 1291
148701, 1291
151400, 1291
163192, 1291
170550, 1291
172160, 1291
197588, 1291
202324, 1291
256395, 1291
268683, 1291
279363, 1291
282633, 1291
283050, 1291
295773, 1291
1247, 1290
61215, 1290
63547, 1290
66119, 1290
108414, 1290
114101, 1290
176979, 1290
205153, 1290
265511, 1290
40022, 1289
60404, 1289
81624, 1289
124556, 1289
136991, 1289
141551, 1289
180428, 1289
207493, 1289
222290, 1289
244513, 1289
268049, 1289
147499, 1288
51554, 1287
171336, 1287
272579, 1287
282253, 1287
283439, 1287
79776, 1286
28789, 1285
236682, 1285
31508, 1284
86264, 1284
111792, 1284
132430, 1284
168250, 1284
24940, 1283
33928, 1283
40117, 1283
91155, 1283
113096, 1283
234887, 1283
263942, 1283
60205, 1282
64408, 1282
70966, 1282
83763, 1282
99650, 1282
105326, 1282
107847, 1282
109925, 1282
134855, 1282
142129, 1282
177487, 1282
177840, 1282
195881, 1282
199826, 1282
203181, 1282
216577, 1282
256798, 1282
265244, 1282
279973, 1282
37967, 1281
80242, 1281
89667, 1281
94647, 1281
130416, 1281
132086, 1281
135719, 1281
176954, 1281
179640, 1281
214696, 1281
249344, 1281
274434, 1281
15400, 1280
15950, 1280
23439, 1280
53687, 1280
55251, 1280
65427, 1280
72935, 1280
124561, 1280
124685, 1280
128596, 1280
130753, 1280
217652, 1280
282039, 1280
289025, 1280
39177, 1279
76554, 1279
188489, 1279
222924, 1279
281167, 1279
93908, 1278
111055, 1278
113182, 1278
119168, 1278
163724, 1278
171432, 1278
230182, 1278
252549, 1278
273869, 1278
276784, 1278
290906, 1278
71340, 1277
111584, 1277
116197, 1277
133343, 1277
217096, 1277
225514, 1277
231797, 1277
241670, 1277
253347, 1277
257091, 1277
6842, 1276
9996, 1276
22526, 1276
32722, 1276
57812, 1276
76919, 1276
98876, 1276
140270, 1276
175801, 1276
188309, 1276
198662, 1276
203974, 1276
204699, 1276
225143, 1276
225175, 1276
243911, 1276
253036, 1276
259160, 1276
261392, 1276
262859, 1276
269440, 1276
273593, 1276
64149, 1275
190947, 1275
280215, 1275
64171, 1274
85176, 1274
87521, 1274
87838, 1274
93486, 1274
102248, 1274
152012, 1274
168390, 1274
169946, 1274
176949, 1274
179421, 1274
180995, 1274
188655, 1274
195763, 1274
197423, 1274
205957, 1274
231003, 1274
243675, 1274
246246, 1274
255396, 1274
258044, 1274
268092, 1274
268340, 1274
271913, 1274
274703, 1274
287412, 1274
3803, 1273
17204, 1273
31318, 1273
39978, 1273
83495, 1273
92828, 1273
57643, 1272
104132, 1272
150076, 1272
18761, 1271
71812, 1271
73077, 1271
165504, 1271
201648, 1271
217916, 1271
270448, 1271
11604, 1270
31164, 1270
46747, 1270
79197, 1270
89160, 1270
114466, 1270
128960, 1270
129743, 1270
135125, 1270
145276, 1270
176561, 1270
190565, 1270
222278, 1270
232464, 1270
242465, 1270
262196, 1270
274614, 1270
37502, 1269
61724, 1269
62268, 1269
123071, 1269
245165, 1269
249222, 1269
253005, 1269
258435, 1269
88248, 1268
97725, 1268
157041, 1268
182515, 1268
214877, 1267
253366, 1267
13294, 1266
19076, 1266
21869, 1266
39987, 1266
41129, 1266
86918, 1266
110595, 1266
122097, 1266
170902, 1266
218545, 1266
25331, 1265
95673, 1265
109428, 1265
165232, 1265
169156, 1265
197322, 1265
222510, 1265
261273, 1265
81178, 1264
109275, 1264
220269, 1264
37265, 1263
56478, 1263
89808, 1263
148825, 1263
163152, 1263
165693, 1263
214844, 1263
222104, 1263
284873, 1263
288411, 1263
294160, 1263
100797, 1262
130252, 1262
157213, 1262
157798, 1262
167519, 1262
177620, 1262
230707, 1262
232129, 1262
247016, 1262
83193, 1261
170124, 1261
246521, 1261
287635, 1261
44585, 1260
136769, 1260
145275, 1260
164931, 1260
177754, 1260
23947, 1259
66554, 1259
105490, 1259
138991, 1258
282874, 1258
15693, 1257
25303, 1257
69257, 1257
73930, 1257
88793, 1257
118291, 1257
133161, 1257
154340, 1257
158541, 1257
228159, 1257
267226, 1257
285467, 1257
16271, 1255
123118, 1255
155805, 1255
230273, 1255
132441, 1254
210769, 1254
279384, 1254
61496, 1253
102486, 1253
113396, 1253
138524, 1253
223050, 1253
24138, 1252
40185, 1252
159648, 1252
278189, 1252
45091, 1251
67657, 1251
89476, 1251
100432, 1251
254282, 1251
271005, 1251
32133, 1250
35748, 1250
37458, 1250
47761, 1250
51828, 1250
71699, 1250
94860, 1250
20443, 1249
39980, 1249
89608, 1249
100906, 1249
101612, 1249
103178, 1249
122320, 1249
140772, 1249
175315, 1249
177122, 1249
188603, 1249
224421, 1249
258016, 1249
29033, 1248
135908, 1248
154400, 1248
227541, 1248
234693, 1248
41894, 1247
61798, 1247
100166, 1247
106885, 1247
178442, 1247
184139, 1247
252201, 1247
257772, 1247
260557, 1247
272352, 1247
3829, 1246
26484, 1246
35222, 1246
46781, 1246
81149, 1246
92542, 1246
95731, 1246
199022, 1246
286373, 1246
58625, 1245
99432, 1245
177480, 1245
214344, 1245
251966, 1245
10823, 1244
39882, 1244
93799, 1244
122459, 1244
156996, 1244
162953, 1244
233720, 1244
249132, 1244
278648, 1244
180610, 1243
202831, 1243
202931, 1243
43588, 1242
55391, 1242
58926, 1242
154276, 1242
160932, 1242
170257, 1242
179897, 1242
185855, 1242
189030, 1242
205328, 1242
220859, 1242
229168, 1242
231893, 1242
247413, 1242
10032, 1241
25032, 1241
70398, 1241
249258, 1241
268625, 1241
291857, 1241
73400, 1240
165754, 1240
166392, 1240
179252, 1240
185651, 1240
190747, 1240
206690, 1240
237651, 1240
245506, 1240
247676, 1240
265115, 1240
271379, 1240
52072, 1239
59521, 1239
62803, 1239
194877, 1239
221113, 1239
228241, 1239
234033, 1239
266865, 1239
87771, 1238
134404, 1238
205458, 1238
264369, 1238
106543, 1237
120070, 1237
120423, 1237
143219, 1237
153212, 1237
153739, 1237
236819, 1237
247889, 1237
249158, 1237
277577, 1237
18546, 1236
98500, 1236
113848, 1236
171659, 1236
36014, 1235
42995, 1235
56350, 1235
99595, 1235
188048, 1235
198681, 1235
68958, 1234
80922, 1234
123094, 1234
140825, 1234
165217, 1234
217808, 1234
236860, 1234
245960, 1234
248407, 1234
267284, 1234
273219, 1234
291752, 1234
46460, 1233
83742, 1233
141271, 1233
208340, 1233
211662, 1233
218247, 1233
7610, 1232
42714, 1232
77691, 1232
162608, 1232
242650, 1232
269733, 1232
281979, 1232
15483, 1231
21654, 1231
93360, 1231
98283, 1231
108338, 1231
113366, 1231
125434, 1231
238014, 1231
261574, 1231
58387, 1230
98780, 1230
257397, 1230
287582, 1230
19637, 1229
34788, 1229
36903, 1229
220779, 1229
13784, 1228
38791, 1228
51104, 1228
59319, 1228
97441, 1228
187278, 1228
221589, 1228
276549, 1228
286253, 1228
32063, 1227
33718, 1227
39075, 1227
66601, 1227
73840, 1227
89262, 1227
109639, 1227
175915, 1227
202480, 1227
204194, 1227
282004, 1227
288924, 1227
37617, 1226
63166, 1226
65675, 1226
70035, 1226
82249, 1226
94630, 1226
96766, 1226
120189, 1226
136375, 1226
153886, 1226
193981, 1226
247779, 1226
250467, 1226
263411, 1226
272371, 1226
26357, 1225
57802, 1225
151037, 1225
244058, 1225
279870, 1225
20515, 1224
44191, 1224
66286, 1224
87050, 1224
104951, 1224
106302, 1224
111596, 1224
139773, 1224
168038, 1224
256617, 1224
258952, 1224
292710, 1224
36189, 1223
36733, 1223
51086, 1223
54159, 1223
55561, 1223
66641, 1223
70315, 1223
82073, 1223
86517, 1223
89150, 1223
101076, 1223
101786, 1223
102800, 1223
117879, 1223
123535, 1223
125495, 1223
154176, 1223
168166, 1223
181540, 1223
195655, 1223
196632, 1223
197277, 1223
201697, 1223
214661, 1223
225742, 1223
254526, 1223
256522, 1223
258783, 1223
263595, 1223
269581, 1223
284346, 1223
289251, 1223
295487, 1223
35996, 1222
83353, 1222
96319, 1222
120832, 1222
166771, 1222
167053, 1222
194623, 1222
197982, 1222
200384, 1222
242346, 1222
254195, 1222
275661, 1222
4646, 1221
49493, 1221
52905, 1221
54993, 1221
89567, 1221
138920, 1221
163893, 1221
176701, 1221
189326, 1221
244857, 1221
260262, 1221
24684, 1220
47853, 1220
181097, 1220
200871, 1220
15946, 1219
142341, 1219
149176, 1219
179605, 1219
209722, 1219
19434, 1218
38510, 1218
38895, 1218
44445, 1218
46263, 1218
89400, 1218
108887, 1218
116119, 1218
153022, 1218
176757, 1218
199155, 1218
211869, 1218
238440, 1218
275979, 1218
287144, 1218
173528, 1217
232402, 1217
17688, 1216
119234, 1216
120974, 1216
180327, 1216
217907, 1216
258358, 1216
263080, 1216
50666, 1215
129021, 1215
156008, 1215
240990, 1215
30700, 1214
32888, 1214
43519, 1214
54158, 1214
55307, 1214
120509, 1214
142208, 1214
149046, 1214
218752, 1214
228166, 1214
232033, 1214
274569, 1214
28094, 1213
36008, 1213
58040, 1213
75632, 1213
220743, 1213
225652, 1213
230788, 1213
259772, 1213
14399, 1212
27854, 1212
85884, 1212
86392, 1212
103447, 1212
118419, 1212
126749, 1212
127718, 1212
146301, 1212
146651, 1212
149352, 1212
216740, 1212
222131, 1212
238365, 1212
246363, 1212
257489, 1212
292733, 1212
31983, 1211
38583, 1211
45089, 1211
57419, 1211
73315, 1211
76135, 1211
103511, 1211
104591, 1211
111411, 1211
119915, 1211
120972, 1211
121913, 1211
129231, 1211
132623, 1211
132868, 1211
134515, 1211
136872, 1211
146586, 1211
152368, 1211
157894, 1211
162600, 1211
171815, 1211
173574, 1211
181176, 1211
188554, 1211
199471, 1211
206576, 1211
209550, 1211
221408, 1211
224856, 1211
243202, 1211
245836, 1211
274637, 1211
289212, 1211
32275, 1210
36692, 1210
72986, 1210
100165, 1210
110690, 1210
145105, 1210
208059, 1210
227903, 1210
257256, 1210
273429, 1210
283564, 1210
11977, 1209
19299, 1209
61370, 1209
95075, 1209
95843, 1209
99818, 1209
115112, 1209
137303, 1209
147138, 1209
161344, 1209
177139, 1209
227384, 1209
266525, 1209
66809, 1208
293864, 1208
19373, 1207
55871, 1207
120601, 1207
125715, 1207
152728, 1207
164540, 1207
181873, 1207
187751, 1207
219206, 1207
223084, 1207
255401, 1207
269443, 1207
275714, 1207
288667, 1207
76967, 1206
87716, 1206
98599, 1206
102319, 1206
104784, 1206
112761, 1206
119379, 1206
119946, 1206
135477, 1206
162068, 1206
179655, 1206
191776, 1206
192523, 1206
193960, 1206
203320, 1206
236361, 1206
244540, 1206
246965, 1206
251863, 1206
41155, 1205
47382, 1205
54837, 1205
62581, 1205
64888, 1205
65397, 1205
68263, 1205
74577, 1205
78020, 1205
82195, 1205
92795, 1205
95156, 1205
158262, 1205
183298, 1205
245334, 1205
292629, 1205
18224, 1204
35526, 1204
39646, 1204
44994, 1204
57931, 1204
77898, 1204
85097, 1204
105927, 1204
149050, 1204
153324, 1204
165848, 1204
194514, 1204
237581, 1204
5880, 1203
9588, 1203
33003, 1203
36143, 1203
48204, 1203
66937, 1203
70811, 1203
79346, 1203
79926, 1203
80671, 1203
92910, 1203
96451, 1203
113509, 1203
122392, 1203
133592, 1203
149634, 1203
179904, 1203
181245, 1203
185948, 1203
188538, 1203
201253, 1203
210917, 1203
216409, 1203
239983, 1203
249065, 1203
81105, 1202
85047, 1202
101887, 1202
130685, 1202
135543, 1202
165027, 1202
172562, 1202
205667, 1202
234138, 1202
283379, 1202
294537, 1202
4860, 1201
89104, 1201
94167, 1201
51103, 1200
66323, 1200
86337, 1200
135018, 1200
136585, 1200
149841, 1200
176613, 1200
215617, 1200
243481, 1200
249503, 1200
253112, 1200
277574, 1200
293859, 1200
25509, 1199
26638, 1199
31497, 1199
31842, 1199
39066, 1199
41478, 1199
53197, 1199
88419, 1199
104882, 1199
107582, 1199
110311, 1199
130633, 1199
133381, 1199
138384, 1199
138819, 1199
143817, 1199
148425, 1199
151046, 1199
155962, 1199
163906, 1199
181907, 1199
195223, 1199
209666, 1199
216591, 1199
250117, 1199
251623, 1199
294083, 1199
6830, 1198
14855, 1198
40050, 1198
79622, 1198
116391, 1198
141778, 1198
148371, 1198
161599, 1198
177935, 1198
183309, 1198
224633, 1198
230612, 1198
241817, 1198
250731, 1198
283267, 1198
4432, 1197
8335, 1197
24293, 1197
37294, 1197
40332, 1197
61766, 1197
113287, 1197
119757, 1197
127528, 1197
134743, 1197
134949, 1197
140233, 1197
140770, 1197
146973, 1197
156430, 1197
172719, 1197
208001, 1197
230874, 1197
232426, 1197
250894, 1197
253147, 1197
270877, 1197
126325, 1196
165988, 1196
207286, 1196
209579, 1196
248352, 1196
279418, 1196
8920, 1195
16451, 1195
21083, 1195
27690, 1195
48176, 1195
64874, 1195
150745, 1195
174659, 1195
184972, 1195
233046, 1195
235324, 1195
239400, 1195
250176, 1195
291246, 1195
35068, 1194
95790, 1194
106244, 1194
113609, 1194
124127, 1194
139066, 1194
140097, 1194
140311, 1194
155394, 1194
172035, 1194
197815, 1194
213213, 1194
242752, 1194
244023, 1194
269880, 1194
275840, 1194
276470, 1194
277585, 1194
42639, 1193
52537, 1193
66887, 1193
106753, 1193
121181, 1193
130251, 1193
162406, 1193
213625, 1193
223009, 1193
269341, 1193
20085, 1192
142448, 1192
152030, 1192
176687, 1192
194033, 1192
198002, 1192
233692, 1192
53180, 1191
152081, 1191
199661, 1191
244287, 1191
40417, 1190
78455, 1190
150851, 1190
198955, 1190
213889, 1190
224351, 1190
232804, 1190
8427, 1189
11066, 1189
28196, 1189
126871, 1189
190869, 1189
247327, 1189
31180, 1188
57528, 1188
59174, 1188
61116, 1188
178016, 1188
220553, 1188
232462, 1188
250303, 1188
253857, 1188
19249, 1187
21118, 1187
44434, 1187
60972, 1187
83607, 1187
171086, 1187
188063, 1187
188187, 1187
199226, 1187
207245, 1187
225656, 1187
227627, 1187
227983, 1187
26515, 1186
29865, 1186
66917, 1186
106770, 1186
106873, 1186
154800, 1186
183682, 1186
221486, 1186
6016, 1185
34194, 1185
55455, 1185
91027, 1185
109093, 1185
110567, 1185
119524, 1185
138534, 1185
39062, 1184
46283, 1184
57231, 1184
86373, 1184
86629, 1184
88871, 1184
147140, 1184
162424, 1184
164125, 1184
238132, 1184
23075, 1183
59548, 1183
62130, 1183
64094, 1183
92679, 1183
97161, 1183
124915, 1183
147154, 1183
169931, 1183
185820, 1183
190497, 1183
195658, 1183
228948, 1183
17856, 1182
99746, 1182
133085, 1182
148991, 1182
154832, 1182
197581, 1182
95027, 1181
170024, 1181
239237, 1181
11248, 1180
28549, 1180
46821, 1180
55592, 1180
145457, 1180
166141, 1180
167927, 1180
172806, 1180
183556, 1180
190762, 1180
218249, 1180
244353, 1180
250165, 1180
254237, 1180
254244, 1180
292682, 1180
24943, 1179
44870, 1179
108488, 1179
122435, 1179
143117, 1179
173411, 1179
176253, 1179
212275, 1179
242285, 1179
18606, 1178
32791, 1178
33183, 1178
50283, 1178
86019, 1178
155940, 1178
191400, 1178
21361, 1177
40471, 1177
40786, 1177
71024, 1177
77905, 1177
90554, 1177
97489, 1177
105145, 1177
146206, 1177
172933, 1177
177398, 1177
197915, 1177
229987, 1177
260047, 1177
264202, 1177
272016, 1177
291378, 1177
291881, 1177
34326, 1176
37166, 1176
48721, 1176
93433, 1176
98430, 1176
104487, 1176
108834, 1176
114584, 1176
137923, 1176
173950, 1176
233436, 1176
267993, 1176
18940, 1175
28633, 1175
90229, 1175
108476, 1175
134355, 1175
136132, 1175
191658, 1175
194288, 1175
229863, 1175
235931, 1175
273908, 1175
282555, 1175
288792, 1175
20175, 1174
25866, 1174
43537, 1174
53472, 1174
159347, 1174
183506, 1174
183803, 1174
212080, 1174
268552, 1174
31369, 1173
88296, 1173
99629, 1173
108014, 1173
115435, 1173
133518, 1173
173988, 1173
270375, 1173
14426, 1172
22223, 1172
26723, 1172
36563, 1172
85452, 1172
93628, 1172
93859, 1172
109816, 1172
124856, 1172
131596, 1172
134752, 1172
145508, 1172
158248, 1172
201545, 1172
230473, 1172
247791, 1172
254288, 1172
24194, 1171
43125, 1171
76849, 1171
138084, 1171
150480, 1171
168059, 1171
242944, 1171
252085, 1171
36052, 1170
69287, 1170
72590, 1170
191949, 1170
29377, 1169
56822, 1169
87141, 1169
139445, 1169
227682, 1169
261042, 1169
275803, 1169
34021, 1168
50674, 1168
53917, 1168
86668, 1168
110750, 1168
163260, 1168
176842, 1168
179799, 1168
217540, 1168
258461, 1168
261581, 1168
271812, 1168
116633, 1167
288255, 1167
18288, 1166
77087, 1166
3117, 1165
8438, 1165
26919, 1165
45422, 1165
45937, 1165
67064, 1165
106642, 1165
113789, 1165
122322, 1165
146185, 1165
147248, 1165
149386, 1165
162985, 1165
174321, 1165
192599, 1165
206743, 1165
212056, 1165
224741, 1165
235028, 1165
253128, 1165
255674, 1165
272163, 1165
280545, 1165
287781, 1165
29110, 1164
31499, 1164
32976, 1164
34112, 1164
36576, 1164
49945, 1164
51482, 1164
68347, 1164
100763, 1164
150005, 1164
166800, 1164
292398, 1164
46691, 1163
48082, 1163
50018, 1163
53831, 1163
95841, 1163
115938, 1163
125945, 1163
142100, 1163
148285, 1163
155716, 1163
188822, 1163
238606, 1163
288146, 1163
37800, 1162
46247, 1162
55261, 1162
63161, 1162
64854, 1162
66061, 1162
92757, 1162
127973, 1162
157820, 1162
166910, 1162
172766, 1162
173828, 1162
176231, 1162
181886, 1162
193461, 1162
202182, 1162
214229, 1162
220431, 1162
231951, 1162
236039, 1162
262870, 1162
5143, 1161
16759, 1161
41986, 1161
55882, 1161
73908, 1161
79011, 1161
118980, 1161
124879, 1161
141000, 1161
170818, 1161
185397, 1161
201056, 1161
209859, 1161
235785, 1161
239804, 1161
250878, 1161
259836, 1161
47687, 1160
177721, 1160
198957, 1160
214848, 1160
220438, 1160
241204, 1160
296510, 1160
27844, 1159
38426, 1159
51866, 1159
58417, 1159
66821, 1159
91434, 1159
138380, 1159
143660, 1159
153462, 1159
160032, 1159
203158, 1159
222747, 1159
249103, 1159
261203, 1159
271770, 1159
274591, 1159
146922, 1158
76316, 1157
80220, 1157
80588, 1157
81917, 1157
101421, 1157
102972, 1157
113935, 1157
171201, 1157
171757, 1157
191702, 1157
281006, 1157
335, 1156
47123, 1156
78093, 1156
88537, 1156
88993, 1156
100890, 1156
112509, 1156
114745, 1156
115923, 1156
117601, 1156
119299, 1156
126958, 1156
128623, 1156
129909, 1156
129981, 1156
131214, 1156
132147, 1156
133323, 1156
136387, 1156
140584, 1156
142743, 1156
146212, 1156
157880, 1156
166411, 1156
168819, 1156
173617, 1156
188390, 1156
193785, 1156
198148, 1156
198899, 1156
202838, 1156
204163, 1156
207840, 1156
209921, 1156
222793, 1156
223349, 1156
224275, 1156
230242, 1156
242310, 1156
244007, 1156
254734, 1156
258013, 1156
277279, 1156
278601, 1156
279610, 1156
286510, 1156
290579, 1156
292557, 1156
42125, 1154
66052, 1154
66885, 1154
117943, 1154
120940, 1154
123639, 1154
125672, 1154
142294, 1154
144116, 1154
144205, 1154
176526, 1154
185051, 1154
195025, 1154
205798, 1154
211154, 1154
218949, 1154
228845, 1154
237356, 1154
240148, 1154
241313, 1154
256565, 1154
287394, 1154
126862, 1153
180514, 1153
181069, 1153
213271, 1153
215318, 1153
236840, 1153
258927, 1153
281257, 1153
32429, 1152
62699, 1152
62831, 1152
66668, 1152
69637, 1152
115358, 1152
120878, 1152
134806, 1152
135011, 1152
145657, 1152
174270, 1152
204739, 1152
235228, 1152
6462, 1151
57915, 1151
69658, 1151
69833, 1151
72930, 1151
73331, 1151
78067, 1151
98612, 1151
133809, 1151
156210, 1151
160487, 1151
195850, 1151
197504, 1151
208949, 1151
219881, 1151
6692, 1150
73571, 1150
148206, 1150
197919, 1150
245419, 1150
92822, 1149
154126, 1149
223077, 1149
232416, 1149
47070, 1148
82625, 1148
108302, 1148
112531, 1148
124694, 1148
142255, 1148
197747, 1148
202737, 1148
218485, 1148
220308, 1148
257645, 1148
291982, 1148
184506, 1147
207649, 1147
92540, 1146
95417, 1146
96446, 1146
102541, 1146
110963, 1146
111289, 1146
123018, 1146
133135, 1146
136378, 1146
142705, 1146
144581, 1146
146195, 1146
148705, 1146
157323, 1146
160136, 1146
162668, 1146
166075, 1146
171313, 1146
178534, 1146
200926, 1146
220384, 1146
222332, 1146
227347, 1146
228873, 1146
238315, 1146
258737, 1146
279218, 1146
283806, 1146
284734, 1146
288287, 1146
120185, 1145
127946, 1145
171677, 1145
192365, 1145
210232, 1145
218553, 1145
239846, 1145
261039, 1145
35421, 1144
41454, 1144
70639, 1144
78800, 1144
92279, 1144
137548, 1144
141106, 1144
156778, 1144
165281, 1144
166318, 1144
179663, 1144
202071, 1144
223354, 1144
231568, 1144
259878, 1144
292751, 1144
75133, 1143
126827, 1143
134254, 1143
136510, 1143
265808, 1143
295566, 1143
29487, 1142
33640, 1142
38696, 1142
51997, 1142
54416, 1142
74963, 1142
94886, 1142
100663, 1142
103319, 1142
132724, 1142
150510, 1142
169945, 1142
195963, 1142
260830, 1142
281113, 1142
13625, 1141
62610, 1141
186972, 1141
205342, 1141
214777, 1141
264339, 1141
296139, 1141
35979, 1140
46608, 1140
89033, 1140
117949, 1140
141434, 1140
162593, 1140
232851, 1140
284541, 1140
20155, 1139
44224, 1139
48730, 1139
59365, 1139
66165, 1139
77085, 1139
105515, 1139
121735, 1139
160707, 1139
189488, 1139
204471, 1139
216854, 1139
246472, 1139
249442, 1139
258315, 1139
263869, 1139
266513, 1139
37132, 1138
54284, 1138
56640, 1138
102848, 1138
111811, 1138
196581, 1138
266190, 1138
293931, 1138
31465, 1137
37222, 1137
218778, 1137
269017, 1137
283319, 1137
64234, 1136
261465, 1136
17698, 1135
67143, 1135
84418, 1135
111799, 1135
148282, 1135
152071, 1135
235136, 1135
47322, 1134
101239, 1134
184290, 1134
195457, 1134
199352, 1134
222637, 1134
226973, 1134
264327, 1134
55954, 1133
64871, 1133
85874, 1133
122482, 1133
142517, 1133
171204, 1133
238610, 1133
268437, 1133
278910, 1133
290716, 1133
27373, 1132
50517, 1132
124960, 1132
211492, 1132
235983, 1132
10347, 1131
27847, 1131
112779, 1131
242751, 1131
257260, 1131
273579, 1131
9470, 1130
72445, 1130
91302, 1130
99278, 1130
184885, 1130
252193, 1130
261298, 1130
104509, 1129
111144, 1129
174582, 1129
198059, 1129
255494, 1129
38393, 1128
38597, 1128
59805, 1128
61683, 1128
61861, 1128
138561, 1128
197057, 1128
29814, 1127
45314, 1127
66870, 1127
67082, 1127
76347, 1127
164667, 1127
183000, 1127
199558, 1127
269071, 1127
10131, 1126
48241, 1126
67421, 1126
194206, 1126
34047, 1125
71409, 1125
159151, 1125
180840, 1125
246445, 1125
4902, 1124
6053, 1124
15454, 1124
86500, 1124
113243, 1124
119274, 1124
139932, 1124
143895, 1124
216806, 1124
220884, 1124
229660, 1124
45831, 1123
73835, 1123
74538, 1123
89902, 1123
133696, 1123
157427, 1123
231610, 1123
249604, 1123
264415, 1123
268337, 1123
270845, 1123
276446, 1123
279581, 1123
287619, 1123
291232, 1123
10049, 1122
18134, 1122
32902, 1122
36880, 1122
40079, 1122
85550, 1122
111676, 1122
119193, 1122
146792, 1122
148910, 1122
184595, 1122
191296, 1122
215860, 1122
248340, 1122
262123, 1122
290547, 1122
294110, 1122
12605, 1121
55548, 1121
58281, 1121
71657, 1121
76927, 1121
223012, 1121
272022, 1120
292101, 1120
173966, 1119
266950, 1119
40227, 1118
45238, 1118
59455, 1118
70607, 1118
76598, 1118
81044, 1118
98589, 1118
100709, 1118
103100, 1118
157521, 1118
157795, 1118
165554, 1118
190369, 1118
211731, 1118
215240, 1118
216369, 1118
231360, 1118
237091, 1118
237212, 1118
260255, 1118
261483, 1118
295377, 1118
100882, 1117
114623, 1117
123809, 1117
124633, 1117
129786, 1117
134277, 1117
186399, 1117
214239, 1117
10653, 1116
13261, 1116
21364, 1116
62315, 1116
72588, 1116
104095, 1116
180067, 1116
188833, 1116
198917, 1116
210821, 1116
211843, 1116
219600, 1116
222357, 1116
28967, 1115
34092, 1115
43503, 1115
56827, 1115
58934, 1115
62516, 1115
75115, 1115
91607, 1115
94036, 1115
102477, 1115
104555, 1115
107923, 1115
108942, 1115
121151, 1115
122556, 1115
131802, 1115
142831, 1115
147390, 1115
161157, 1115
206988, 1115
244994, 1115
245152, 1115
247173, 1115
264138, 1115
268585, 1115
74401, 1114
102404, 1114
275841, 1114
169010, 1113
177774, 1113
223902, 1113
14029, 1112
42143, 1112
117930, 1112
122834, 1112
175919, 1112
180176, 1112
200701, 1112
224465, 1112
7856, 1111
26424, 1111
40853, 1111
68617, 1111
68841, 1111
91561, 1111
160527, 1111
176264, 1111
228512, 1111
268295, 1111
18350, 1110
109271, 1110
182641, 1110
194981, 1110
220742, 1110
285751, 1110
289706, 1110
27713, 1109
25064, 1108
48090, 1108
86218, 1108
92427, 1108
134856, 1108
177229, 1108
211424, 1108
229530, 1108
230106, 1108
236359, 1108
243119, 1108
251436, 1108
295214, 1108
18251, 1107
48342, 1107
63573, 1107
73790, 1107
76471, 1107
84818, 1107
91694, 1107
109909, 1107
120028, 1107
122225, 1107
157172, 1107
233190, 1107
260510, 1107
273591, 1107
276132, 1107
294980, 1107
29841, 1106
80427, 1106
135106, 1106
159851, 1106
207082, 1106
256680, 1106
292989, 1106
7417, 1105
65388, 1105
82680, 1105
107534, 1105
160282, 1105
163042, 1105
165623, 1105
189041, 1105
227614, 1105
244490, 1105
264754, 1105
288580, 1105
29942, 1104
56042, 1104
58985, 1104
79804, 1104
81142, 1104
86295, 1104
89739, 1104
118215, 1104
173226, 1104
177187, 1104
193014, 1104
225166, 1104
256086, 1104
50485, 1103
60886, 1103
108230, 1103
108950, 1103
113164, 1103
163176, 1103
4733, 1102
19390, 1102
34410, 1102
48470, 1102
58192, 1102
70844, 1102
86475, 1102
90673, 1102
102622, 1102
109879, 1102
120392, 1102
152397, 1102
159060, 1102
160264, 1102
176516, 1102
207629, 1102
229191, 1102
232344, 1102
260763, 1102
90974, 1101
114982, 1101
141555, 1101
177820, 1101
191166, 1101
210333, 1101
221597, 1101
244175, 1101
246322, 1101
267327, 1101
65776, 1100
163175, 1100
183473, 1100
221260, 1100
243754, 1100
38348, 1099
85636, 1099
87523, 1099
97263, 1099
106730, 1099
123936, 1099
147935, 1099
149239, 1099
168593, 1099
169421, 1099
208689, 1099
217396, 1099
221855, 1099
256589, 1099
263794, 1099
278617, 1099
280081, 1099
294453, 1099
54344, 1098
96972, 1098
148311, 1098
182287, 1098
122219, 1097
206377, 1097
238291, 1097
293821, 1097
61107, 1096
121890, 1096
134431, 1096
189834, 1096
269571, 1096
274901, 1096
292960, 1096
11470, 1095
135221, 1095
257094, 1095
294635, 1095
2679, 1094
7639, 1094
44299, 1094
45869, 1094
68586, 1094
78780, 1094
96754, 1094
141166, 1094
157426, 1094
173838, 1094
204213, 1094
227569, 1094
244534, 1094
249186, 1094
268725, 1094
282336, 1094
71575, 1093
121711, 1093
209075, 1093
235262, 1093
240350, 1093
245951, 1093
247213, 1093
252006, 1093
270229, 1093
12398, 1092
16623, 1092
28740, 1092
65994, 1092
96605, 1092
169004, 1092
213422, 1092
30871, 1091
47249, 1091
63796, 1091
80815, 1091
87683, 1091
92754, 1091
164565, 1091
176646, 1091
267669, 1091
274664, 1091
11022, 1090
75776, 1090
95011, 1090
105841, 1090
133749, 1090
137647, 1090
140348, 1090
146589, 1090
204038, 1090
224879, 1090
233417, 1090
260608, 1090
261811, 1090
272315, 1090
272475, 1090
274119, 1090
279500, 1090
283547, 1090
288098, 1090
26063, 1089
57562, 1089
116941, 1089
209392, 1089
216828, 1089
263401, 1089
290057, 1089
45205, 1088
82550, 1088
102430, 1088
108010, 1088
194670, 1088
225153, 1088
237976, 1088
241792, 1088
265006, 1088
268120, 1088
7757, 1087
9936, 1087
28855, 1087
43760, 1087
53914, 1087
65720, 1087
93743, 1087
107669, 1087
140522, 1087
159526, 1087
181686, 1087
230047, 1087
241468, 1087
261646, 1087
88990, 1086
93573, 1086
148669, 1086
183283, 1086
215430, 1086
262314, 1086
26416, 1085
41699, 1085
128283, 1085
157026, 1085
163703, 1085
176221, 1085
195197, 1085
196265, 1085
200137, 1085
215689, 1085
217250, 1085
221881, 1085
257614, 1085
268208, 1085
32169, 1084
66009, 1084
81662, 1084
94727, 1084
144012, 1084
178683, 1084
199839, 1084
282487, 1084
291303, 1084
72344, 1083
104353, 1083
123539, 1083
173925, 1083
278443, 1083
287762, 1083
9473, 1082
28462, 1082
64345, 1082
104059, 1082
131695, 1082
210363, 1082
211961, 1082
220764, 1082
262737, 1082
75333, 1081
117778, 1081
149754, 1081
199255, 1081
22215, 1080
42631, 1080
60659, 1080
72273, 1080
177648, 1080
181989, 1080
185965, 1080
189459, 1080
234214, 1080
264831, 1080
273241, 1080
282321, 1080
118931, 1079
119523, 1079
137489, 1079
58274, 1078
72579, 1078
80804, 1078
96505, 1078
98835, 1078
156051, 1078
211170, 1078
260873, 1078
282299, 1078
13387, 1077
16611, 1077
22122, 1077
25181, 1077
29125, 1077
30545, 1077
75426, 1077
107779, 1077
120133, 1077
131141, 1077
146710, 1077
159693, 1077
164888, 1077
171406, 1077
175071, 1077
194180, 1077
199691, 1077
215199, 1077
223223, 1077
230846, 1077
234400, 1077
235483, 1077
240860, 1077
242055, 1077
243474, 1077
248711, 1077
250052, 1077
251315, 1077
255596, 1077
257541, 1077
262325, 1077
264014, 1077
272995, 1077
280609, 1077
3897, 1076
17797, 1076
20988, 1076
47780, 1076
84442, 1076
167153, 1076
198245, 1076
206724, 1076
269043, 1076
19420, 1075
21725, 1075
22425, 1075
23076, 1075
25495, 1075
33245, 1075
37374, 1075
50175, 1075
51698, 1075
52729, 1075
58064, 1075
58900, 1075
62094, 1075
63559, 1075
64590, 1075
64663, 1075
70608, 1075
72752, 1075
74393, 1075
79376, 1075
84647, 1075
87104, 1075
91566, 1075
97369, 1075
104278, 1075
104957, 1075
127221, 1075
130198, 1075
134092, 1075
140048, 1075
154901, 1075
165895, 1075
167369, 1075
167729, 1075
168632, 1075
198753, 1075
229290, 1075
232792, 1075
256139, 1075
272484, 1075
274790, 1075
113275, 1074
170754, 1074
171713, 1074
179191, 1074
276528, 1074
4912, 1073
19546, 1073
21043, 1073
29008, 1073
67911, 1073
102421, 1073
104535, 1073
146474, 1073
147782, 1073
149096, 1073
175361, 1073
194762, 1073
209729, 1073
212011, 1073
228569, 1073
260595, 1073
283850, 1073
91564, 1072
102857, 1072
152175, 1072
177362, 1072
237365, 1072
3808, 1071
48004, 1071
49465, 1071
56687, 1071
62925, 1071
71970, 1071
93081, 1071
105124, 1071
115597, 1071
120211, 1071
157318, 1071
174170, 1071
182404, 1071
206531, 1071
241293, 1071
247974, 1071
264581, 1071
289612, 1071
293671, 1071
161439, 1070
217626, 1070
295286, 1070
190143, 1069
252932, 1069
253690, 1069
17294, 1068
24466, 1068
39494, 1068
139330, 1068
158639, 1068
167056, 1068
172372, 1068
192682, 1068
195950, 1068
203426, 1068
288577, 1068
21845, 1067
24299, 1067
101138, 1067
144413, 1067
145723, 1067
188694, 1067
247975, 1067
258531, 1067
264542, 1067
19082, 1066
72572, 1066
136797, 1066
291510, 1066
7828, 1065
162141, 1065
281734, 1065
13867, 1064
21425, 1064
21904, 1064
42306, 1064
135389, 1064
198340, 1064
258819, 1064
296373, 1064
52547, 1063
85830, 1063
92091, 1063
96013, 1063
97581, 1063
141557, 1063
180070, 1063
193717, 1063
239745, 1063
34015, 1062
102523, 1062
152444, 1062
184561, 1062
214450, 1062
231692, 1062
257726, 1062
262533, 1062
266759, 1062
268520, 1062
282320, 1062
46414, 1061
55230, 1061
123360, 1061
134375, 1061
143640, 1061
166132, 1061
183411, 1061
56486, 1060
175592, 1060
192680, 1060
244358, 1060
253852, 1060
8924, 1059
28136, 1059
57780, 1059
60023, 1059
75012, 1059
75976, 1059
92375, 1059
101078, 1059
114133, 1059
115447, 1059
122686, 1059
133441, 1059
140452, 1059
145381, 1059
155994, 1059
165192, 1059
171663, 1059
172548, 1059
184583, 1059
206892, 1059
209635, 1059
212956, 1059
213238, 1059
231747, 1059
232452, 1059
238164, 1059
238489, 1059
245157, 1059
252204, 1059
266962, 1059
270212, 1059
270893, 1059
271069, 1059
280305, 1059
285614, 1059
289048, 1059
290677, 1059
30846, 1058
53248, 1058
137751, 1058
144806, 1058
227777, 1058
251228, 1058
281828, 1058
284469, 1058
28838, 1057
156922, 1057
163841, 1057
194435, 1057
207675, 1057
229402, 1057
250235, 1057
45996, 1056
52839, 1056
62690, 1056
242701, 1056
243607, 1056
252153, 1056
266505, 1056
290930, 1056
291439, 1056
2043, 1055
61261, 1055
85815, 1055
119124, 1055
154219, 1055
181640, 1055
219167, 1055
236180, 1055
281483, 1055
21781, 1054
28938, 1054
39274, 1054
78606, 1054
157977, 1054
218857, 1054
252529, 1054
259362, 1054
287767, 1054
50557, 1053
118364, 1053
161043, 1053
8588, 1052
31708, 1052
61172, 1052
112019, 1052
119399, 1052
121262, 1052
123311, 1052
130996, 1052
134256, 1052
138014, 1052
140844, 1052
148224, 1052
159893, 1052
160470, 1052
168537, 1052
175166, 1052
178523, 1052
202760, 1052
27765, 1051
43913, 1051
82047, 1051
91335, 1051
92553, 1051
133097, 1051
136014, 1051
143135, 1051
229240, 1051
238351, 1051
249595, 1051
253335, 1051
261111, 1051
266271, 1051
266879, 1051
271042, 1051
282654, 1051
17643, 1050
36995, 1050
54660, 1050
115526, 1050
134365, 1050
14622, 1049
19146, 1049
65614, 1049
115239, 1049
118321, 1049
138571, 1049
180771, 1049
188789, 1049
203186, 1049
226613, 1049
238231, 1049
277679, 1049
286033, 1049
287401, 1049
141060, 1048
150485, 1048
236063, 1048
289969, 1048
22678, 1047
52257, 1047
76394, 1047
19764, 1046
26620, 1046
31605, 1046
62497, 1046
72695, 1046
105115, 1046
118691, 1046
122844, 1046
137365, 1046
163990, 1046
168026, 1046
174956, 1046
181793, 1046
194873, 1046
199021, 1046
217160, 1046
237946, 1046
240587, 1046
243325, 1046
246486, 1046
255746, 1046
260096, 1046
274457, 1046
275296, 1046
281032, 1046
282981, 1046
283692, 1046
285984, 1046
288715, 1046
292742, 1046
295827, 1046
16977, 1045
26958, 1045
30351, 1045
31238, 1045
61128, 1045
89636, 1045
103843, 1045
105710, 1045
109992, 1045
112349, 1045
113975, 1045
123607, 1045
132375, 1045
133192, 1045
135585, 1045
156832, 1045
158177, 1045
160327, 1045
160598, 1045
165783, 1045
173682, 1045
179348, 1045
184858, 1045
203704, 1045
204154, 1045
212045, 1045
220887, 1045
222864, 1045
235106, 1045
239571, 1045
244193, 1045
245737, 1045
247828, 1045
252664, 1045
275252, 1045
276511, 1045
281089, 1045
286822, 1045
287098, 1045
294226, 1045
61084, 1044
73116, 1044
89986, 1044
105796, 1044
108658, 1044
113741, 1044
118945, 1044
140423, 1044
144775, 1044
151367, 1044
188314, 1044
190118, 1044
257017, 1044
8639, 1043
35740, 1043
62956, 1043
67498, 1043
78681, 1043
85775, 1043
97935, 1043
108662, 1043
118561, 1043
170120, 1043
215939, 1043
228936, 1043
258198, 1043
280239, 1043
283402, 1043
39790, 1042
64552, 1042
109416, 1042
117167, 1042
152179, 1042
164408, 1042
201293, 1042
218348, 1042
247831, 1042
248678, 1042
277153, 1042
288596, 1042
85894, 1041
90903, 1041
101699, 1041
113346, 1041
126161, 1041
132725, 1041
151375, 1041
158061, 1041
158716, 1041
162725, 1041
178535, 1041
182157, 1041
185721, 1041
189292, 1041
193991, 1041
208639, 1041
232463, 1041
247789, 1041
249342, 1041
254467, 1041
290983, 1041
21322, 1040
87864, 1040
118214, 1040
267138, 1040
274955, 1040
59287, 1039
92792, 1039
101580, 1039
117866, 1039
149484, 1039
210472, 1039
58810, 1038
212700, 1038
246397, 1038
19914, 1037
60425, 1037
85069, 1037
131276, 1037
194440, 1037
28657, 1036
71778, 1036
78895, 1036
97277, 1036
156256, 1036
160396, 1036
167528, 1036
169954, 1036
170080, 1036
193151, 1036
198928, 1036
210957, 1036
284678, 1036
8902, 1035
12720, 1035
78135, 1035
102515, 1035
145684, 1035
189244, 1035
20494, 1034
74869, 1034
111086, 1034
204113, 1034
205539, 1034
226832, 1034
241681, 1034
251837, 1034
49131, 1033
54183, 1033
85095, 1033
88560, 1033
164060, 1033
174316, 1033
179884, 1033
269188, 1033
17921, 1032
51141, 1032
64976, 1032
67002, 1032
86104, 1032
93312, 1032
93364, 1032
95597, 1032
100633, 1032
102915, 1032
111702, 1032
120655, 1032
124850, 1032
125591, 1032
128608, 1032
140237, 1032
145793, 1032
155118, 1032
163441, 1032
169348, 1032
175559, 1032
184339, 1032
203033, 1032
205882, 1032
207754, 1032
219770, 1032
242811, 1032
257343, 1032
9934, 1031
29134, 1031
100784, 1031
168725, 1031
178073, 1031
203059, 1031
272120, 1031
12576, 1030
15131, 1030
34228, 1030
60712, 1030
104042, 1030
138907, 1030
227970, 1030
239390, 1030
277031, 1030
25267, 1029
72758, 1029
99162, 1029
100667, 1029
109733, 1029
159258, 1029
205780, 1029
228070, 1029
243736, 1029
258772, 1029
278134, 1029
43210, 1028
84075, 1028
127005, 1028
129246, 1028
158356, 1028
173248, 1028
184360, 1028
260323, 1028
288875, 1028
294448, 1028
21014, 1027
22527, 1027
38757, 1027
41994, 1027
57619, 1027
63522, 1027
81426, 1027
88687, 1027
92298, 1027
104457, 1027
164417, 1027
168098, 1027
191275, 1027
200168, 1027
211093, 1027
211305, 1027
217523, 1027
238815, 1027
284124, 1027
284472, 1027
29544, 1026
44689, 1026
54659, 1026
83356, 1026
88865, 1026
185089, 1026
189602, 1026
191341, 1026
200194, 1026
208276, 1026
228643, 1026
244172, 1026
259139, 1026
278484, 1026
12753, 1025
83371, 1025
102529, 1025
136645, 1025
168053, 1025
170145, 1025
178245, 1025
5539, 1024
5705, 1024
13218, 1024
17275, 1024
19079, 1024
28436, 1024
49160, 1024
68453, 1024
89473, 1024
104124, 1024
105296, 1024
115989, 1024
128346, 1024
164420, 1024
188047, 1024
217689, 1024
220885, 1024
245399, 1024
252318, 1024
263551, 1024
23577, 1023
62915, 1023
84908, 1023
97835, 1023
110449, 1023
119744, 1023
123644, 1023
134899, 1023
174135, 1023
221469, 1023
222569, 1023
240759, 1023
242316, 1023
273459, 1023
81478, 1022
107185, 1022
180081, 1022
194923, 1022
265966, 1022
276897, 1022
4024, 1021
34024, 1021
42791, 1021
60578, 1021
139166, 1021
142985, 1021
145291, 1021
201747, 1021
216914, 1021
242548, 1021
153828, 1020
222587, 1020
13379, 1019
30264, 1019
33797, 1019
35395, 1019
38129, 1019
38168, 1019
73506, 1019
75664, 1019
78063, 1019
82715, 1019
97286, 1019
103569, 1019
117564, 1019
118120, 1019
129879, 1019
164506, 1019
172101, 1019
212073, 1019
228887, 1019
246989, 1019
267987, 1019
271083, 1019
273194, 1019
286322, 1019
24106, 1018
54638, 1018
116745, 1018
126781, 1018
195127, 1018
196138, 1018
236938, 1018
287031, 1018
55931, 1017
90437, 1017
103867, 1017
210260, 1017
220619, 1017
263993, 1017
268043, 1017
282746, 1017
283978, 1017
79918, 1016
83709, 1016
124063, 1016
145622, 1016
163956, 1016
170286, 1016
185208, 1016
188829, 1016
204600, 1016
226988, 1016
229920, 1016
271092, 1016
290133, 1016
66342, 1015
87441, 1015
109736, 1015
128518, 1015
153236, 1015
201995, 1015
211895, 1015
214699, 1015
232637, 1015
263539, 1015
48216, 1014
131714, 1014
180938, 1014
185445, 1014
253401, 1014
259128, 1014
38945, 1013
82776, 1013
149298, 1013
149951, 1013
194001, 1013
220576, 1013
260617, 1013
261648, 1013
280098, 1013
27040, 1012
132038, 1012
199703, 1012
213809, 1012
223530, 1012
254715, 1012
271624, 1012
15244, 1011
59019, 1011
63036, 1011
69524, 1011
130953, 1011
187870, 1011
207576, 1011
236804, 1011
242490, 1011
44484, 1010
65508, 1010
117517, 1010
122222, 1010
155854, 1010
159206, 1010
229187, 1010
235289, 1010
281867, 1010
61882, 1009
81413, 1009
124613, 1009
194807, 1009
212202, 1009
230356, 1009
232195, 1009
260064, 1009
280672, 1009
4886, 1008
51107, 1008
127836, 1008
160000, 1008
167778, 1008
184688, 1008
251710, 1008
264407, 1008
273997, 1008
277449, 1008
15062, 1007
16534, 1007
44040, 1007
75033, 1007
127012, 1007
129772, 1007
214888, 1007
231930, 1007
233074, 1007
274263, 1007
279549, 1007
280117, 1007
21916, 1006
31052, 1006
94681, 1006
164661, 1006
207728, 1006
235488, 1006
287972, 1006
71519, 1005
123792, 1005
157898, 1005
164248, 1005
239796, 1005
254448, 1005
286092, 1005
291304, 1005
43885, 1004
134232, 1004
137272, 1004
236309, 1004
61826, 1003
83993, 1003
99272, 1003
128431, 1003
143521, 1003
192471, 1003
195393, 1003
203264, 1003
214705, 1003
224945, 1003
258646, 1003
277364, 1003
31830, 1002
102440, 1002
148058, 1002
167262, 1002
195852, 1002
212635, 1002
240643, 1002
90170, 1001
164153, 1001
165476, 1001
179448, 1001
205023, 1001
205835, 1001
220981, 1001
229346, 1001
242365, 1001
286551, 1001
20450, 1000
27085, 1000
41277, 1000
91823, 1000
120592, 1000
152929, 1000
207900, 1000
223244, 1000
263976, 1000
264902, 1000
287665, 1000
