44036, 50595
44744, 50595
45749, 50595
46675, 50595
47190, 50595
47463, 50595
48395, 50595
48826, 50595
48934, 50595
49064, 50595
50180, 50595
50444, 50595
50461, 50595
50471, 50595
50618, 50595
51364, 50595
53587, 50595
54024, 50595
54072, 50595
54857, 50595
63702, 50595
33452, 43338
34726, 43338
35524, 43338
37648, 43338
37682, 43338
37946, 43338
38196, 43338
38394, 43338
38898, 43338
38965, 43338
39249, 43338
39292, 43338
39582, 43338
39844, 43338
39999, 43338
40146, 43338
40406, 43338
41105, 43338
41177, 43338
41229, 43338
41235, 43338
41290, 43338
41488, 43338
41737, 43338
41779, 43338
41861, 43338
42246, 43338
42415, 43338
43080, 43338
43164, 43338
43177, 43338
43955, 43338
44402, 43338
44774, 43338
44855, 43338
44919, 43338
45123, 43338
45192, 43338
45507, 43338
46402, 43338
