61550, 64008
66288, 63036
42571, 60107
90062, 55964
89556, 46584
70552, 39983
74400, 39983
97924, 39983
98732, 39983
159131, 25100
58238, 23405
67208, 23405
73612, 23405
78248, 23405
82095, 23405
87834, 23405
90875, 23405
92153, 23405
92362, 23405
108017, 23405
110145, 23405
115561, 23405
120058, 23405
125837, 23405
130136, 23405
138558, 23405
140235, 23405
145689, 23405
156122, 23405
173840, 23405
174133, 23405
181990, 23405
184117, 23405
184170, 23405
195235, 23405
196603, 23405
216005, 23405
216449, 23405
217041, 23405
218217, 23405
221788, 23405
228605, 23405
236343, 23405
243431, 23405
257462, 23405
261567, 23405
268174, 23405
269576, 23405
269846, 23405
292737, 23405
78318, 21827
91004, 21827
100515, 21827
119926, 21827
137701, 21827
144022, 21827
265325, 21827
80890, 20001
41052, 19837
50255, 19837
60183, 19837
60637, 19837
76925, 19837
82186, 19837
85213, 19837
112503, 19837
46268, 19490
48566, 19490
75002, 19490
116559, 19490
253407, 19490
83256, 19481
139948, 19481
49878, 18936
78384, 18936
139024, 18936
214394, 18936
265579, 18936
221687, 16343
16810, 16328
30774, 16328
31590, 16328
101471, 16328
179375, 16328
19935, 16079
20780, 16079
22844, 16079
26127, 16079
27969, 16079
29816, 16079
35865, 16079
38726, 16079
60600, 16079
63203, 16079
88474, 16079
108629, 16079
148153, 16079
229342, 16079
249811, 16079
252405, 16079
266526, 16079
280491, 16079
27041, 14961
30350, 14961
31020, 14961
31277, 14961
34199, 14961
38967, 14961
43988, 14961
44046, 14961
53063, 14961
56560, 14961
57756, 14961
58585, 14961
66007, 14961
73408, 14961
85282, 14961
99083, 14961
109295, 14961
112924, 14961
168939, 14961
173000, 14961
175368, 14961
179929, 14961
188002, 14961
200673, 14961
208306, 14961
211470, 14961
216572, 14961
250835, 14961
73895, 14744
136495, 14744
232034, 14744
60910, 14537
36244, 14527
39811, 14527
46020, 14527
49286, 14527
59442, 14527
60189, 14527
62331, 14527
99517, 14527
120865, 14527
138890, 14527
176053, 14527
193526, 14527
193703, 14527
202952, 14527
223742, 14527
228708, 14527
246592, 14527
252010, 14527
268010, 14527
273934, 14527
59495, 13713
69060, 13713
69353, 13713
71232, 13713
73744, 13713
77394, 13713
77605, 13713
80480, 13713
80886, 13713
87302, 13713
87916, 13713
93582, 13713
94971, 13713
97926, 13713
100176, 13713
100426, 13713
106532, 13713
109809, 13713
112694, 13713
113118, 13713
122196, 13713
123896, 13713
124426, 13713
131909, 13713
132268, 13713
132802, 13713
135259, 13713
137201, 13713
145625, 13713
148237, 13713
149351, 13713
158673, 13713
167459, 13713
181850, 13713
182871, 13713
184342, 13713
192689, 13713
197153, 13713
254060, 13713
286857, 13713
111053, 13272
119102, 13272
141424, 13272
159613, 13272
162131, 13272
171381, 13272
174397, 13272
189023, 13272
217353, 13272
222247, 13272
235396, 13272
259839, 13272
289671, 13272
256263, 12924
171093, 12785
172996, 12785
211894, 12785
245356, 12785
39867, 12433
232839, 12433
128119, 11223
172966, 11223
210675, 11223
239205, 11223
260365, 11223
124139, 10761
124446, 10761
136547, 10761
138339, 10761
140919, 10761
143999, 10761
151103, 10761
155189, 10761
161951, 10761
162824, 10761
176509, 10761
179812, 10761
202130, 10761
205188, 10761
206596, 10761
241529, 10761
245651, 10761
267297, 10761
274034, 10761
36046, 10375
140721, 2562
137323, 2555
235372, 2555
214510, 2543
40866, 2488
6465, 2443
52444, 2443
184799, 2426
103398, 2419
113016, 2419
135328, 2419
156512, 2419
221335, 2419
295219, 2419
80222, 2415
120932, 2415
96793, 2409
161454, 2409
253917, 2409
68310, 2405
129543, 2405
40006, 2403
40678, 2403
69799, 2403
79378, 2403
104507, 2403
119894, 2403
147195, 2403
150558, 2403
187063, 2403
211919, 2403
173877, 2386
45838, 2375
122908, 2375
268873, 2375
93863, 2373
286252, 2373
26183, 2371
42291, 2371
53155, 2371
78052, 2371
83166, 2371
91968, 2371
111974, 2371
124786, 2371
126626, 2371
132875, 2371
151982, 2371
155774, 2371
168141, 2371
168322, 2371
169906, 2371
173874, 2371
179593, 2371
183574, 2371
195583, 2371
206300, 2371
206532, 2371
209013, 2371
209261, 2371
214990, 2371
222715, 2371
225253, 2371
226144, 2371
226811, 2371
229140, 2371
245081, 2371
277899, 2371
282103, 2371
284097, 2371
288156, 2371
34123, 2370
48109, 2365
123454, 2365
186369, 2365
71092, 2360
144507, 2360
144870, 2360
199148, 2360
203517, 2360
209438, 2360
248404, 2360
277533, 2360
142023, 2349
61296, 2348
89655, 2348
93044, 2348
110382, 2348
112642, 2348
118409, 2348
124011, 2348
125183, 2348
127063, 2348
127823, 2348
131112, 2348
134216, 2348
138964, 2348
172154, 2348
183146, 2348
188147, 2348
188156, 2348
189087, 2348
196176, 2348
196438, 2348
199705, 2348
201582, 2348
211117, 2348
236956, 2348
237577, 2348
237593, 2348
253923, 2348
256432, 2348
272182, 2348
274566, 2348
274761, 2348
277783, 2348
279918, 2348
282884, 2348
293571, 2348
176075, 2344
260041, 2344
292621, 2344
234709, 2336
197003, 2329
94264, 2328
141840, 2328
226008, 2328
239582, 2328
242579, 2328
246936, 2328
249544, 2328
265387, 2328
279613, 2328
291904, 2328
294629, 2328
85641, 2324
101879, 2324
148222, 2324
160072, 2324
242114, 2324
100562, 2322
120156, 2321
274728, 2320
255744, 2319
55422, 2318
214780, 2318
178443, 2316
194777, 2316
76716, 2315
78700, 2315
96584, 2315
97973, 2315
105178, 2315
121831, 2315
122058, 2315
123292, 2315
138159, 2315
141604, 2315
147531, 2315
150308, 2315
152761, 2315
154888, 2315
158569, 2315
159340, 2315
162126, 2315
176873, 2315
181794, 2315
182870, 2315
186351, 2315
193933, 2315
195570, 2315
200629, 2315
205966, 2315
208596, 2315
214527, 2315
214744, 2315
216670, 2315
218082, 2315
225192, 2315
225372, 2315
231030, 2315
245088, 2315
246749, 2315
262492, 2315
288789, 2315
288980, 2315
289133, 2315
91736, 2311
80188, 2309
210457, 2309
263392, 2309
47451, 2305
54584, 2305
62266, 2305
69912, 2305
70831, 2305
82035, 2305
82752, 2305
82779, 2305
84449, 2305
85694, 2305
88203, 2305
88486, 2305
99892, 2305
100484, 2305
101170, 2305
102026, 2305
107064, 2305
114307, 2305
118231, 2305
119207, 2305
125517, 2305
126266, 2305
130677, 2305
141300, 2305
146623, 2305
149621, 2305
152200, 2305
153301, 2305
156255, 2305
160339, 2305
164416, 2305
172831, 2305
188353, 2305
200864, 2305
210454, 2305
220259, 2305
220866, 2305
230586, 2305
236905, 2305
237073, 2305
244330, 2305
258070, 2305
284033, 2305
284185, 2305
103164, 2299
113052, 2299
90264, 2287
104217, 2287
128511, 2287
168979, 2287
175187, 2287
190337, 2287
263099, 2287
267931, 2287
31388, 2285
44506, 2285
89643, 2285
102495, 2285
105600, 2285
109578, 2285
121089, 2285
156292, 2285
181725, 2285
190327, 2285
191163, 2285
192177, 2285
193626, 2285
195561, 2285
196180, 2285
196439, 2285
206833, 2285
211000, 2285
223177, 2285
229552, 2285
231721, 2285
240638, 2285
240946, 2285
243449, 2285
245720, 2285
246276, 2285
247812, 2285
250950, 2285
256031, 2285
259271, 2285
263508, 2285
263723, 2285
267039, 2285
270140, 2285
277547, 2285
278446, 2285
279131, 2285
288773, 2285
290313, 2285
291369, 2285
296271, 2285
156133, 2281
247952, 2281
252051, 2281
25008, 2277
34756, 2277
36306, 2277
47641, 2277
51352, 2277
74354, 2277
80728, 2277
82957, 2277
86079, 2277
86212, 2277
91621, 2277
167017, 2277
194324, 2277
195928, 2277
257012, 2277
276513, 2277
294297, 2277
115770, 2275
116700, 2271
131439, 2271
119868, 2268
12501, 2265
249795, 2260
21022, 2259
122187, 2259
287775, 2259
288932, 2259
12373, 2258
288139, 2258
189790, 2256
171877, 2255
180963, 2252
35134, 2250
128538, 2250
166372, 2250
236415, 2250
276223, 2250
23904, 2248
172919, 2248
186113, 2248
63480, 2246
24164, 2242
53372, 2242
91215, 2242
148591, 2242
159985, 2242
164290, 2242
224210, 2242
282895, 2242
159905, 2238
192956, 2238
215747, 2238
217128, 2238
234171, 2238
239352, 2238
239998, 2238
252918, 2238
253777, 2238
263311, 2238
287876, 2238
272913, 2234
83642, 2233
148722, 2233
152801, 2233
176723, 2233
177675, 2233
218422, 2233
220425, 2233
231994, 2233
59096, 2231
65728, 2228
157861, 2228
238639, 2228
82312, 2226
139700, 2226
148624, 2226
187502, 2226
188083, 2226
190806, 2226
194750, 2226
196328, 2226
202493, 2226
221526, 2226
237137, 2226
245753, 2226
248437, 2226
252627, 2226
259549, 2226
263672, 2226
265062, 2226
277467, 2226
284335, 2226
290430, 2226
105973, 2224
106189, 2224
119923, 2224
132655, 2224
140580, 2224
200598, 2224
274605, 2224
25761, 2223
62062, 2223
161475, 2220
52544, 2219
166217, 2219
191381, 2219
210289, 2219
234885, 2219
10509, 2214
13655, 2212
27004, 2212
61465, 2212
84510, 2212
156883, 2212
168393, 2212
278028, 2212
75202, 2211
12248, 2206
25591, 2206
57497, 2206
63837, 2206
94901, 2206
103347, 2206
120706, 2206
123157, 2206
135469, 2206
69291, 2202
89721, 2202
112341, 2202
162449, 2202
230347, 2202
254621, 2202
290339, 2202
182556, 2199
44271, 2198
171947, 2198
164459, 2194
250328, 2194
289806, 2194
106425, 2193
261651, 2193
136948, 2192
185936, 2192
102520, 2190
30719, 2188
66268, 2188
67545, 2188
77896, 2188
84934, 2188
89932, 2188
120779, 2188
123784, 2188
130710, 2188
159309, 2188
223133, 2188
22388, 2187
29512, 2187
249033, 2187
219411, 2186
263678, 2185
274831, 2185
275752, 2185
132660, 2183
229948, 2178
230724, 2178
253437, 2178
257930, 2178
259794, 2178
273478, 2178
283233, 2178
35773, 2177
88951, 2177
185139, 2177
230211, 2177
266248, 2177
275625, 2177
95502, 2174
159765, 2174
151973, 2172
192977, 2172
202163, 2172
264345, 2171
167617, 2169
95696, 2165
104617, 2165
115740, 2165
116903, 2165
123478, 2165
128450, 2165
151627, 2165
164321, 2165
172430, 2165
193588, 2165
198610, 2165
212597, 2165
213479, 2165
227169, 2165
227405, 2165
259463, 2165
259582, 2165
289307, 2165
85802, 2162
133322, 2162
147112, 2162
175640, 2162
213333, 2162
219538, 2162
244170, 2162
251918, 2162
15788, 2160
39521, 2160
171080, 2160
74236, 2156
200363, 2156
295701, 2156
126274, 2155
222172, 2155
237518, 2155
284103, 2155
28785, 2152
105325, 2152
124004, 2152
1771, 2150
99435, 2150
132777, 2150
206441, 2150
251389, 2150
256885, 2150
290804, 2150
226212, 2148
244118, 2148
155791, 2147
176357, 2147
225531, 2147
6762, 2145
138960, 2145
221517, 2145
245911, 2145
53081, 2144
63130, 2144
67183, 2144
104946, 2144
117301, 2144
63797, 2143
110521, 2143
9777, 2142
116560, 2142
135003, 2142
209674, 2142
213546, 2142
239382, 2142
252771, 2142
265853, 2142
275054, 2142
38417, 2140
45652, 2140
63366, 2140
83487, 2140
102540, 2140
155361, 2140
239050, 2140
237787, 2138
97318, 2132
120907, 2132
127079, 2132
190038, 2132
214092, 2132
279310, 2132
288349, 2132
146540, 2130
6759, 2128
63658, 2128
215152, 2128
41723, 2125
240526, 2125
243297, 2125
264483, 2125
257813, 2124
65027, 2123
250633, 2123
190298, 2121
68134, 2120
147181, 2120
147302, 2120
160919, 2120
170643, 2120
174144, 2120
177456, 2120
178231, 2120
182168, 2120
209193, 2120
225058, 2120
60814, 2119
50327, 2113
60564, 2113
69986, 2113
83509, 2113
98354, 2113
121792, 2113
210346, 2113
217772, 2113
240685, 2113
244032, 2113
247924, 2113
261786, 2113
286666, 2113
148751, 2111
30162, 2110
50582, 2110
80635, 2110
95407, 2110
128227, 2110
141445, 2110
177900, 2110
181581, 2110
292713, 2110
131364, 2106
58719, 2103
7647, 2101
294333, 2093
25584, 2091
216696, 2087
216935, 2087
229040, 2087
140778, 2086
233354, 2086
80267, 2083
169722, 2083
182981, 2083
275776, 2083
196493, 2082
143957, 2080
237562, 2079
36578, 2074
283505, 2073
25555, 2071
91352, 2071
214645, 2071
219782, 2071
58910, 2064
138234, 2064
182624, 2064
260571, 2064
44032, 2063
45741, 2063
66103, 2063
94018, 2063
142445, 2063
202659, 2063
213629, 2063
224629, 2063
22116, 2061
34621, 2061
41331, 2061
42696, 2061
44274, 2061
44529, 2061
46329, 2061
48400, 2061
56606, 2061
58889, 2061
61280, 2061
64371, 2061
69584, 2061
78977, 2061
81508, 2061
81745, 2061
82199, 2061
102609, 2061
220562, 2061
226808, 2061
235975, 2061
237249, 2061
239437, 2061
239530, 2061
58249, 2060
81300, 2060
89412, 2060
167749, 2059
275670, 2059
41951, 2058
47161, 2058
47577, 2058
69447, 2058
74227, 2058
113477, 2058
185615, 2058
47251, 2057
77709, 2057
259005, 2055
63467, 2054
204957, 2052
3297, 2051
20749, 2051
48072, 2051
160138, 2051
162494, 2051
181320, 2051
203245, 2051
237477, 2051
248545, 2051
252835, 2051
259269, 2051
281422, 2051
286122, 2051
286767, 2051
144251, 2045
192528, 2045
221899, 2045
223766, 2045
265619, 2045
269379, 2045
235480, 2044
96473, 2042
114827, 2042
115452, 2042
194276, 2042
220659, 2042
208605, 2039
273269, 2037
292851, 2037
188946, 2036
232832, 2036
273083, 2036
69676, 2035
200992, 2035
205983, 2035
225012, 2035
282822, 2035
288314, 2035
76641, 2034
148019, 2034
174697, 2034
283080, 2034
197668, 2032
223616, 2032
230649, 2032
235399, 2032
241790, 2032
243851, 2032
249306, 2032
275433, 2032
139423, 2031
206659, 2031
211528, 2031
65407, 2030
106953, 2030
153006, 2030
35396, 2029
45557, 2029
13223, 2028
27635, 2028
63129, 2028
68452, 2028
75773, 2028
76796, 2028
126036, 2028
197683, 2028
185403, 2027
186568, 2027
103953, 2026
127695, 2026
218015, 2026
268847, 2026
126119, 2025
227513, 2025
9693, 2024
148269, 2021
260906, 2021
143549, 2019
92637, 2017
98870, 2017
117884, 2017
119341, 2017
149111, 2017
204028, 2017
58663, 2016
100844, 2016
122507, 2016
175578, 2016
190357, 2014
227412, 2013
233411, 2013
287474, 2013
53722, 2012
70168, 2012
74298, 2012
124338, 2012
203017, 2012
171290, 2011
291697, 2011
102749, 2010
129918, 2010
150201, 2010
163808, 2010
193138, 2010
193997, 2010
194736, 2010
201851, 2010
211080, 2010
218028, 2010
225641, 2010
226324, 2010
229171, 2010
272862, 2010
123844, 2004
207074, 2003
259683, 2003
109845, 2002
120108, 2002
182049, 2002
212254, 2002
263994, 2002
102278, 1998
219635, 1998
131055, 1994
257931, 1994
105524, 1992
130968, 1992
204926, 1992
213027, 1992
230579, 1992
231841, 1992
223935, 1991
254757, 1990
45624, 1988
294568, 1988
238742, 1983
82569, 1980
123609, 1980
60550, 1979
69187, 1979
149590, 1979
170798, 1979
242867, 1979
289541, 1979
219797, 1976
128531, 1975
132735, 1975
162093, 1975
225435, 1975
20702, 1973
52897, 1973
96418, 1973
109681, 1973
119051, 1973
145984, 1973
159419, 1973
214192, 1973
253364, 1973
259591, 1973
262569, 1973
290672, 1973
292087, 1973
198782, 1972
207825, 1972
219866, 1972
256590, 1972
170999, 1970
188891, 1970
224735, 1970
230689, 1970
7193, 1969
17105, 1969
83785, 1969
129363, 1969
142533, 1969
152768, 1969
217089, 1969
219129, 1969
235732, 1969
262895, 1969
266445, 1969
274462, 1969
284864, 1969
293118, 1969
55358, 1968
57561, 1968
58914, 1968
113145, 1968
2032, 1967
43774, 1967
145205, 1963
148351, 1963
211664, 1963
251008, 1963
251595, 1963
296321, 1963
197004, 1961
206870, 1961
208047, 1961
235646, 1961
258933, 1961
134266, 1957
293940, 1957
38314, 1956
92567, 1956
122547, 1956
175864, 1956
215844, 1956
65187, 1955
122676, 1955
191746, 1954
220574, 1954
152252, 1952
182595, 1951
27793, 1946
49501, 1946
68916, 1946
69139, 1946
69612, 1946
88964, 1946
117657, 1946
153031, 1946
168219, 1946
196804, 1946
216741, 1946
239928, 1946
277211, 1946
88696, 1944
93149, 1944
106595, 1944
132971, 1942
148177, 1942
210179, 1942
249319, 1942
251240, 1942
260992, 1942
108250, 1941
180258, 1941
52596, 1940
105784, 1940
240361, 1940
262959, 1940
288477, 1940
178482, 1937
200229, 1935
249719, 1935
268740, 1935
266176, 1934
161210, 1932
33472, 1931
42771, 1931
70939, 1931
155429, 1929
180641, 1929
236792, 1929
102127, 1927
165499, 1927
242356, 1927
253867, 1927
286954, 1927
50225, 1926
209323, 1926
57792, 1921
268902, 1921
93022, 1920
227462, 1920
167570, 1918
296065, 1918
123711, 1917
191648, 1917
50395, 1916
280016, 1916
291287, 1916
146243, 1915
50344, 1913
278248, 1912
24840, 1911
194385, 1911
35700, 1910
82439, 1910
188290, 1910
8348, 1908
15377, 1908
169154, 1908
182491, 1908
229306, 1908
235939, 1908
240189, 1908
266955, 1908
39605, 1907
180590, 1907
112554, 1906
126600, 1906
200291, 1906
230142, 1906
260601, 1903
281406, 1903
204954, 1902
191669, 1899
122108, 1898
143503, 1898
198723, 1898
217791, 1898
130395, 1891
130783, 1891
107990, 1889
192677, 1887
232250, 1886
146723, 1885
166708, 1885
205870, 1885
276940, 1885
86158, 1883
121922, 1883
134272, 1883
190002, 1883
200498, 1883
200911, 1883
209349, 1883
235046, 1883
243533, 1883
254872, 1883
266472, 1883
274849, 1883
47108, 1882
232744, 1882
111015, 1881
124692, 1881
164100, 1881
204323, 1881
213234, 1881
251112, 1881
277712, 1881
15775, 1880
22420, 1880
22646, 1880
23199, 1880
44401, 1880
55833, 1880
193270, 1880
146442, 1878
179032, 1878
219877, 1878
220162, 1878
251806, 1878
94806, 1876
268393, 1876
107715, 1875
104671, 1870
109356, 1870
136122, 1870
141737, 1870
169901, 1870
199073, 1870
265388, 1870
167735, 1869
279815, 1868
108312, 1866
136846, 1866
139921, 1866
156284, 1866
167344, 1866
81828, 1864
200786, 1864
207720, 1864
281154, 1864
101723, 1863
198248, 1860
210178, 1859
64925, 1858
125496, 1858
157006, 1858
164419, 1858
246883, 1858
278385, 1858
280064, 1858
222961, 1856
265713, 1856
294798, 1855
17299, 1854
96224, 1854
117110, 1854
130618, 1854
169791, 1854
194798, 1854
212429, 1854
217446, 1854
258257, 1854
262783, 1854
276960, 1854
285621, 1850
213355, 1849
68286, 1848
109409, 1848
124829, 1848
204511, 1846
80685, 1845
94543, 1845
108572, 1845
18355, 1843
91309, 1843
100329, 1843
124332, 1843
160609, 1843
166273, 1843
189183, 1843
286605, 1843
11369, 1841
205637, 1840
249305, 1840
221379, 1836
235906, 1835
272329, 1835
277588, 1835
255978, 1833
34513, 1828
254026, 1826
273944, 1826
277626, 1826
283759, 1826
288488, 1826
50635, 1824
97330, 1824
103690, 1824
114150, 1821
221958, 1820
169296, 1819
119585, 1817
162483, 1817
233047, 1815
109941, 1813
142725, 1812
291435, 1812
92308, 1811
168723, 1811
237614, 1811
255109, 1811
270854, 1811
9395, 1810
26408, 1810
33224, 1810
100665, 1810
146928, 1810
275746, 1810
218813, 1809
242274, 1809
278658, 1809
78356, 1807
110737, 1807
124917, 1807
127197, 1807
135741, 1807
144795, 1807
147685, 1807
153854, 1807
201537, 1807
237872, 1807
246206, 1807
271318, 1807
285454, 1807
291993, 1807
251821, 1806
258898, 1805
182699, 1803
33852, 1799
167984, 1799
201764, 1799
165262, 1798
224467, 1798
225056, 1798
254953, 1798
258195, 1798
291863, 1798
221094, 1797
263872, 1794
180168, 1793
189632, 1793
197809, 1793
201733, 1793
209066, 1793
45858, 1792
73259, 1792
93351, 1792
183645, 1792
242851, 1792
253492, 1791
264040, 1791
217105, 1788
246991, 1788
35675, 1785
143043, 1785
263211, 1785
256452, 1784
44562, 1780
79955, 1780
77479, 1778
136471, 1778
180567, 1778
261719, 1778
278301, 1778
243511, 1776
51346, 1775
85471, 1775
153155, 1775
264381, 1775
295837, 1775
277346, 1774
111490, 1772
231793, 1772
274510, 1772
265107, 1770
109381, 1769
264769, 1769
142221, 1768
181474, 1768
195576, 1768
199552, 1768
236072, 1766
230190, 1763
39532, 1762
34134, 1760
71186, 1760
105217, 1760
112944, 1760
133511, 1760
159937, 1760
282472, 1760
127646, 1759
248480, 1756
97102, 1755
192055, 1755
192822, 1755
143907, 1754
163116, 1754
206103, 1754
207858, 1754
245402, 1754
258852, 1753
104486, 1752
173515, 1752
209591, 1751
290441, 1748
282107, 1747
273469, 1745
23975, 1741
128222, 1739
159990, 1739
201556, 1739
267457, 1739
160344, 1738
210212, 1738
118226, 1737
151997, 1737
152365, 1737
250004, 1737
252048, 1737
253137, 1737
266584, 1737
286658, 1737
221485, 1736
193590, 1734
60615, 1733
135707, 1733
292707, 1733
70149, 1732
130651, 1732
146158, 1732
106403, 1730
154326, 1730
70387, 1729
77746, 1729
92788, 1729
98640, 1729
99438, 1729
105622, 1729
133114, 1729
142920, 1729
147603, 1729
151938, 1729
155242, 1729
166545, 1729
173954, 1729
174374, 1729
182014, 1729
203226, 1729
204078, 1729
209429, 1729
212249, 1729
219824, 1729
237997, 1729
261263, 1729
262947, 1729
273301, 1729
288757, 1729
293415, 1729
294439, 1729
229091, 1728
232685, 1728
265398, 1725
20789, 1723
24620, 1723
42979, 1723
103724, 1723
109996, 1723
129870, 1723
182420, 1723
230621, 1723
265498, 1723
281396, 1723
58593, 1721
109369, 1719
133413, 1719
246084, 1719
278077, 1719
85384, 1715
130660, 1715
241208, 1715
256571, 1715
184733, 1714
144708, 1711
5446, 1710
44233, 1710
91084, 1710
201027, 1710
211789, 1710
19363, 1708
40473, 1708
204794, 1708
97907, 1706
137869, 1706
198748, 1706
217265, 1703
228619, 1703
230221, 1703
238603, 1703
271890, 1703
278644, 1703
169888, 1702
181478, 1702
201163, 1702
225260, 1702
239457, 1702
144317, 1701
99907, 1698
140397, 1698
159050, 1698
169496, 1698
180108, 1698
195574, 1698
235357, 1698
239687, 1698
253700, 1698
276515, 1698
288186, 1698
161232, 1697
163228, 1697
193422, 1696
222525, 1694
39301, 1692
160569, 1692
213681, 1692
178599, 1691
245738, 1691
112794, 1688
63152, 1686
204325, 1686
258454, 1686
16309, 1685
41391, 1684
104162, 1684
107111, 1682
222785, 1682
275408, 1682
283129, 1679
108625, 1678
134762, 1678
137062, 1678
144974, 1678
238699, 1678
293836, 1678
95490, 1673
102235, 1673
137391, 1672
270781, 1672
219524, 1671
235346, 1671
288572, 1671
160830, 1669
290274, 1668
25039, 1667
202277, 1666
109758, 1665
193157, 1665
39891, 1662
72998, 1662
170071, 1662
183983, 1662
220064, 1662
229975, 1662
242124, 1662
291555, 1662
89511, 1661
36710, 1657
45922, 1657
56610, 1657
76053, 1657
81795, 1657
112968, 1657
130202, 1657
134536, 1657
139840, 1657
139869, 1657
150038, 1657
152817, 1657
204616, 1657
236441, 1657
124489, 1653
276162, 1652
54653, 1649
121492, 1649
142355, 1649
201443, 1649
207424, 1649
214351, 1649
226593, 1649
228247, 1649
230044, 1649
263075, 1649
55428, 1646
154721, 1646
206412, 1646
218882, 1646
273791, 1645
188780, 1644
18345, 1643
287828, 1640
155857, 1637
169537, 1637
203293, 1637
61428, 1636
74117, 1636
86380, 1636
90975, 1636
103388, 1636
204403, 1636
242167, 1636
246046, 1636
262226, 1636
290602, 1636
291214, 1636
9702, 1635
15592, 1635
58394, 1635
75854, 1635
77224, 1635
87317, 1635
87646, 1635
93412, 1635
105589, 1635
108686, 1635
108888, 1635
110647, 1635
111612, 1635
114451, 1635
122526, 1635
126586, 1635
135791, 1635
139169, 1635
145103, 1635
151486, 1635
151919, 1635
167365, 1635
171064, 1635
173642, 1635
173717, 1635
180513, 1635
180635, 1635
183945, 1635
196908, 1635
197790, 1635
198776, 1635
200827, 1635
202019, 1635
208234, 1635
216230, 1635
218827, 1635
220950, 1635
236914, 1635
240170, 1635
244657, 1635
247520, 1635
274832, 1635
281424, 1635
190374, 1633
129637, 1632
113460, 1631
191006, 1631
193239, 1631
212198, 1631
232896, 1631
240710, 1631
254043, 1631
291888, 1631
84499, 1630
100253, 1630
126707, 1630
219112, 1630
246808, 1630
295626, 1630
45146, 1629
55255, 1629
77590, 1629
78992, 1629
80805, 1629
88179, 1629
95605, 1629
150051, 1629
176166, 1629
198032, 1629
209897, 1629
253348, 1629
12789, 1626
14092, 1626
79768, 1626
81014, 1626
88483, 1626
97409, 1626
104926, 1626
105497, 1626
107130, 1626
130883, 1626
132774, 1626
147444, 1626
147713, 1626
162934, 1626
203690, 1626
204905, 1626
214266, 1626
227398, 1626
264211, 1626
266551, 1626
274833, 1626
281603, 1626
74306, 1625
113676, 1625
163578, 1625
170687, 1625
203432, 1625
237224, 1625
237846, 1625
247672, 1625
249668, 1625
253113, 1625
274473, 1625
274742, 1625
293098, 1625
262286, 1624
107770, 1623
282859, 1623
115641, 1622
256154, 1622
239512, 1621
248496, 1621
264336, 1621
31142, 1619
43915, 1619
58480, 1619
155478, 1619
16859, 1618
107336, 1618
163533, 1618
239335, 1618
239735, 1618
251600, 1618
52159, 1615
25020, 1614
25379, 1614
38973, 1614
134478, 1614
145620, 1614
168925, 1614
249431, 1614
83116, 1612
180028, 1612
180791, 1612
230096, 1612
281834, 1612
288538, 1612
121127, 1611
140018, 1611
165381, 1611
174554, 1611
271928, 1611
279701, 1611
281676, 1611
290991, 1611
293440, 1611
26460, 1610
56116, 1610
149996, 1610
189536, 1610
212967, 1610
223016, 1608
252809, 1608
166876, 1607
257414, 1607
48025, 1605
51073, 1605
76076, 1605
132131, 1603
134034, 1603
98625, 1602
119536, 1602
135798, 1602
226569, 1602
231490, 1600
27697, 1599
171150, 1599
228881, 1599
33793, 1597
111544, 1597
241584, 1597
243606, 1597
162101, 1596
180147, 1596
210893, 1596
229488, 1596
229623, 1596
248205, 1596
29704, 1595
96365, 1595
111681, 1595
115880, 1595
47555, 1593
60396, 1593
120222, 1593
175092, 1593
125485, 1592
146420, 1592
223662, 1592
191403, 1591
223765, 1591
29878, 1588
202035, 1588
96852, 1586
245995, 1586
189492, 1585
249355, 1582
135084, 1581
226306, 1581
129422, 1579
220126, 1579
241978, 1579
244916, 1579
146460, 1576
162327, 1576
183931, 1576
209205, 1576
222675, 1576
231448, 1576
238492, 1576
253649, 1576
257085, 1576
281613, 1576
192824, 1575
233537, 1575
282821, 1575
178304, 1574
180591, 1574
249812, 1574
214207, 1573
182317, 1572
261289, 1572
265243, 1572
272500, 1572
288809, 1572
188523, 1571
9733, 1570
11003, 1570
18205, 1570
18222, 1570
18460, 1570
19570, 1570
21491, 1570
26065, 1570
28530, 1570
51096, 1570
78117, 1570
80344, 1570
83814, 1570
102703, 1570
107456, 1570
177283, 1570
182179, 1570
188824, 1570
190562, 1570
197737, 1570
252430, 1570
295306, 1570
6105, 1568
91166, 1567
63270, 1565
187764, 1565
62235, 1564
179082, 1564
12174, 1563
17437, 1563
24901, 1563
26835, 1563
27277, 1563
28385, 1563
28427, 1563
28860, 1563
30747, 1563
35776, 1563
42798, 1563
69451, 1563
110617, 1563
113664, 1563
116469, 1563
125143, 1563
135987, 1563
164884, 1563
166220, 1563
169838, 1563
182250, 1563
184887, 1563
197655, 1563
200334, 1563
203631, 1563
207710, 1563
218518, 1563
224335, 1563
242647, 1563
243516, 1563
248533, 1563
252985, 1563
253490, 1563
257100, 1563
268039, 1563
269410, 1563
274031, 1563
274917, 1563
281697, 1563
5460, 1561
50598, 1561
50627, 1561
59545, 1561
61381, 1561
92157, 1561
121482, 1561
190807, 1561
201997, 1561
65437, 1557
135105, 1557
142218, 1557
185754, 1557
240230, 1557
277074, 1557
289757, 1557
292918, 1557
62917, 1555
74181, 1555
104158, 1555
185828, 1555
243792, 1555
37364, 1554
234401, 1554
241005, 1554
246665, 1554
5875, 1553
121802, 1553
230362, 1553
70112, 1552
248703, 1552
121374, 1551
147568, 1549
213116, 1548
224447, 1548
15201, 1547
267034, 1546
72188, 1543
251102, 1543
252552, 1543
266204, 1543
92497, 1542
107094, 1542
119710, 1542
132024, 1542
174975, 1542
270952, 1542
177497, 1538
62309, 1537
82134, 1537
98567, 1537
172215, 1537
122748, 1536
166714, 1536
242197, 1536
146347, 1534
151541, 1534
156934, 1534
160251, 1534
235537, 1534
262605, 1534
268080, 1534
270496, 1534
281429, 1534
290534, 1534
294249, 1534
68693, 1532
188043, 1531
188859, 1531
257897, 1531
283229, 1531
162900, 1530
173556, 1530
173586, 1530
185784, 1530
189351, 1530
196090, 1530
208563, 1530
223385, 1530
248811, 1530
255610, 1530
256703, 1530
260010, 1530
289540, 1526
186698, 1525
261853, 1525
12015, 1523
13407, 1523
26849, 1523
28809, 1523
29347, 1523
29808, 1523
33720, 1523
34036, 1523
37093, 1523
37584, 1523
39087, 1523
42375, 1523
51472, 1523
117624, 1523
149161, 1523
117899, 1522
200747, 1521
256861, 1521
5918, 1520
6432, 1520
14604, 1520
26038, 1518
116357, 1518
139799, 1518
155860, 1518
157741, 1518
194104, 1518
210475, 1518
243337, 1518
263769, 1518
293466, 1518
119392, 1517
102134, 1516
296415, 1516
66259, 1514
5722, 1512
38171, 1512
43960, 1512
3250, 1510
66626, 1507
68539, 1507
118383, 1507
152765, 1507
202945, 1507
246684, 1507
185738, 1504
81621, 1503
95693, 1503
106405, 1503
118763, 1503
130368, 1503
150054, 1503
171657, 1503
176669, 1503
209660, 1503
17273, 1501
140388, 1501
121731, 1500
194888, 1500
154769, 1498
210436, 1498
245946, 1498
248976, 1498
272259, 1498
282311, 1498
291736, 1498
294522, 1498
41419, 1496
51076, 1496
55850, 1496
208897, 1496
209019, 1496
222030, 1496
227152, 1496
246558, 1496
247444, 1496
248905, 1496
250127, 1496
254974, 1496
291711, 1496
50088, 1494
77415, 1494
84734, 1494
85515, 1494
91905, 1494
99887, 1494
102758, 1494
104182, 1494
107948, 1494
110560, 1494
112475, 1494
123162, 1494
129662, 1494
136915, 1494
143507, 1494
172546, 1494
175040, 1494
186653, 1494
197093, 1494
197895, 1494
206184, 1494
208353, 1494
212062, 1494
214543, 1494
225100, 1494
225123, 1494
225401, 1494
230224, 1494
242155, 1494
284593, 1494
285003, 1494
147371, 1493
157570, 1493
227223, 1493
205378, 1492
212867, 1492
278684, 1492
291412, 1492
173090, 1491
220136, 1491
291290, 1491
35722, 1490
110568, 1488
207940, 1488
294612, 1488
10536, 1487
74120, 1484
134129, 1484
141503, 1484
151383, 1484
169479, 1484
176388, 1484
177741, 1484
180666, 1484
223157, 1484
281292, 1484
292836, 1484
40599, 1481
180278, 1480
87629, 1479
163457, 1479
54396, 1478
82932, 1478
104048, 1478
108201, 1478
120712, 1478
35805, 1477
44890, 1477
49278, 1477
53928, 1477
55011, 1477
55503, 1477
60140, 1477
270862, 1477
273853, 1477
16260, 1476
17988, 1476
18328, 1476
18803, 1476
19883, 1476
19981, 1476
19988, 1476
24671, 1476
49559, 1476
55571, 1476
68771, 1476
76503, 1476
113652, 1476
161535, 1476
74541, 1475
91006, 1475
118882, 1475
161617, 1475
203810, 1475
238309, 1475
93560, 1474
164225, 1474
242353, 1474
5324, 1473
14640, 1473
18398, 1473
19047, 1473
19320, 1473
20409, 1473
21549, 1473
22990, 1473
23111, 1473
23778, 1473
49874, 1473
53653, 1473
65751, 1473
75850, 1473
111446, 1473
135356, 1473
135704, 1473
141263, 1473
28258, 1472
53448, 1472
140707, 1472
147303, 1472
183967, 1472
223127, 1472
254114, 1472
263363, 1472
222091, 1469
3260, 1468
101585, 1468
104869, 1468
122857, 1468
142693, 1468
143964, 1468
159392, 1468
165148, 1468
174667, 1468
174721, 1468
181418, 1468
196733, 1468
203697, 1468
218102, 1468
279382, 1468
11912, 1467
45045, 1467
74549, 1467
193879, 1467
247134, 1467
268996, 1467
275549, 1467
157543, 1465
79972, 1462
198980, 1462
253640, 1462
274794, 1462
288046, 1462
4519, 1461
12630, 1461
136839, 1461
147944, 1461
153594, 1461
181071, 1461
204247, 1461
241485, 1460
291620, 1459
17169, 1457
269627, 1457
32011, 1456
123063, 1456
214864, 1456
176275, 1455
267435, 1455
294606, 1455
18442, 1454
22639, 1454
49412, 1454
56742, 1454
65527, 1454
74945, 1454
77320, 1454
80673, 1454
84150, 1454
84624, 1454
85115, 1454
85576, 1454
90040, 1454
99091, 1454
132760, 1454
136574, 1454
156342, 1454
250325, 1454
281399, 1454
266645, 1453
79377, 1451
88437, 1451
91281, 1451
96228, 1451
101528, 1451
102877, 1451
111391, 1451
128985, 1451
130196, 1451
146407, 1451
148760, 1451
256497, 1450
262849, 1448
14451, 1447
88963, 1447
115413, 1447
237744, 1447
158556, 1446
166272, 1446
192517, 1446
215850, 1446
221431, 1446
236877, 1446
258025, 1446
261462, 1446
278999, 1446
296156, 1446
83389, 1444
100873, 1444
110192, 1444
132952, 1444
161598, 1444
190433, 1444
194458, 1444
208847, 1444
209106, 1444
215172, 1444
235772, 1444
77819, 1443
190624, 1443
107138, 1442
94273, 1441
128502, 1441
217606, 1441
218358, 1441
223502, 1441
238472, 1441
240813, 1441
247810, 1441
251333, 1441
253384, 1441
256819, 1441
270568, 1441
270647, 1441
84335, 1436
121955, 1435
27496, 1434
124270, 1434
193292, 1434
21605, 1433
26488, 1433
179441, 1433
54772, 1428
120830, 1428
136037, 1428
149203, 1428
159009, 1428
166069, 1428
221173, 1428
10555, 1427
14846, 1427
133697, 1427
134347, 1427
172126, 1427
189043, 1427
84827, 1425
100963, 1425
179273, 1425
180726, 1425
202771, 1425
263851, 1425
287995, 1425
288444, 1425
63453, 1424
67299, 1424
80225, 1424
113008, 1424
163617, 1424
212955, 1424
263007, 1424
34577, 1422
36629, 1422
112970, 1422
167064, 1422
211436, 1422
217069, 1422
233813, 1422
240480, 1422
285628, 1422
45470, 1421
238859, 1421
237584, 1419
17702, 1417
25328, 1417
27405, 1417
28156, 1417
104874, 1417
186836, 1417
143557, 1415
271279, 1415
133488, 1414
176525, 1413
220514, 1413
288199, 1413
110119, 1412
209361, 1412
277077, 1412
46629, 1411
117680, 1411
144126, 1411
203840, 1411
229765, 1411
239713, 1411
270596, 1411
278848, 1411
289451, 1411
136552, 1404
212833, 1404
216849, 1404
248177, 1403
9757, 1402
58573, 1402
62169, 1402
69007, 1402
69752, 1402
77434, 1402
92763, 1402
216900, 1401
276459, 1400
213643, 1399
38221, 1398
61742, 1398
80490, 1398
175931, 1398
198450, 1398
213244, 1398
220432, 1398
242641, 1398
274298, 1398
226897, 1395
107792, 1392
202017, 1392
249126, 1392
274926, 1392
276968, 1392
223697, 1391
167916, 1390
130682, 1387
188701, 1387
196813, 1387
212681, 1387
206494, 1386
81468, 1384
160257, 1384
12410, 1380
27316, 1380
29677, 1380
39855, 1380
85665, 1380
96338, 1380
14968, 1378
49722, 1377
99214, 1377
281648, 1376
178670, 1375
150157, 1374
158212, 1372
204602, 1372
260638, 1372
282657, 1372
224566, 1371
200721, 1370
204501, 1370
204938, 1370
132975, 1367
219114, 1367
256898, 1367
220879, 1366
295262, 1363
29051, 1360
135797, 1360
233373, 1360
177116, 1359
181126, 1358
215035, 1358
15712, 1357
188608, 1357
203347, 1357
53287, 1356
85090, 1356
96059, 1356
99521, 1356
103010, 1356
134370, 1356
154345, 1356
3678, 1355
104750, 1355
173623, 1355
226801, 1355
290982, 1355
293094, 1355
230877, 1353
282187, 1353
13530, 1349
16473, 1349
21309, 1349
21996, 1349
22461, 1349
22838, 1349
23606, 1349
24531, 1349
36151, 1349
44011, 1349
122899, 1349
79746, 1348
118118, 1348
145791, 1348
148518, 1348
165143, 1348
170113, 1348
171285, 1348
178212, 1348
180870, 1348
184263, 1348
194244, 1348
201250, 1348
210678, 1348
218694, 1348
234510, 1348
246396, 1348
252760, 1348
262090, 1348
263307, 1348
269699, 1348
272419, 1348
280028, 1348
282573, 1348
283622, 1348
285922, 1348
289115, 1348
294490, 1348
295200, 1348
133212, 1347
137954, 1347
146818, 1347
153237, 1347
189288, 1347
191624, 1347
192261, 1347
194795, 1347
211464, 1347
213751, 1347
110370, 1346
13211, 1345
227591, 1345
233929, 1345
30753, 1342
73751, 1342
236007, 1340
288070, 1340
101515, 1339
166286, 1339
196528, 1338
242967, 1338
246723, 1338
188421, 1337
48544, 1336
180017, 1336
204303, 1336
247728, 1336
34654, 1333
131268, 1333
139406, 1333
156152, 1333
191452, 1333
264494, 1333
126569, 1332
134060, 1332
161819, 1332
163561, 1332
264098, 1332
286936, 1332
292548, 1332
282024, 1331
157437, 1329
61302, 1328
126270, 1328
163333, 1327
151985, 1326
228134, 1326
272733, 1326
278679, 1326
59600, 1324
73003, 1323
98074, 1323
212434, 1321
48001, 1320
155253, 1320
257607, 1320
177694, 1316
6214, 1314
21327, 1314
83935, 1314
104893, 1314
112708, 1314
122578, 1314
192612, 1314
229042, 1313
256046, 1313
269688, 1313
278692, 1313
281088, 1313
25091, 1312
30481, 1312
46581, 1312
108485, 1312
122233, 1312
168073, 1312
107171, 1311
225995, 1311
48172, 1310
197467, 1310
211977, 1310
212487, 1310
141236, 1309
136507, 1307
84829, 1306
133261, 1306
168009, 1306
183211, 1306
258954, 1306
166554, 1305
265239, 1305
41736, 1304
63421, 1304
96003, 1304
120843, 1304
132557, 1304
168156, 1304
172904, 1304
191730, 1304
226631, 1304
236482, 1304
75624, 1303
82347, 1303
89111, 1303
120025, 1303
125732, 1303
170972, 1303
188821, 1303
131108, 1302
138572, 1302
173395, 1302
184282, 1302
212749, 1302
229444, 1302
236243, 1302
273592, 1302
94, 1299
74763, 1299
102719, 1299
115478, 1299
122426, 1299
138504, 1299
138784, 1299
141215, 1299
143878, 1299
160115, 1299
167923, 1299
169998, 1299
171330, 1299
171952, 1299
172016, 1299
183924, 1299
185955, 1299
239910, 1299
250966, 1299
250991, 1299
277291, 1299
17269, 1298
33649, 1298
61050, 1298
62407, 1298
77211, 1298
99210, 1298
123595, 1298
210391, 1298
218337, 1298
239811, 1298
95000, 1297
115774, 1295
189124, 1292
272651, 1292
110858, 1288
77537, 1287
136138, 1287
119916, 1285
230772, 1284
234541, 1282
19375, 1281
125416, 1281
220840, 1281
223192, 1281
249079, 1281
254309, 1281
260712, 1281
261382, 1281
272709, 1281
289255, 1281
40013, 1280
197507, 1280
79522, 1278
101610, 1278
158893, 1278
167049, 1278
202340, 1278
31631, 1277
140153, 1277
128672, 1274
159236, 1272
178832, 1272
198492, 1272
296626, 1271
30366, 1270
167692, 1270
185563, 1270
30357, 1267
44532, 1266
120055, 1264
198226, 1264
254286, 1263
157225, 1262
182998, 1261
250419, 1261
165593, 1259
292009, 1259
5523, 1257
247666, 1252
229478, 1250
60378, 1249
139876, 1249
227602, 1249
57418, 1248
223498, 1246
24469, 1242
74348, 1242
92281, 1242
150929, 1241
176229, 1241
93077, 1240
268745, 1240
94317, 1239
147664, 1239
104197, 1236
225812, 1236
115489, 1235
266267, 1235
130842, 1234
208156, 1234
232433, 1234
246336, 1234
283851, 1234
291522, 1234
210401, 1233
213696, 1233
276384, 1233
278625, 1232
103086, 1229
58267, 1228
119184, 1228
165704, 1227
156149, 1224
13670, 1223
71510, 1223
93011, 1223
138882, 1223
190169, 1223
722, 1222
113448, 1222
205409, 1222
220341, 1222
232560, 1222
291054, 1222
230762, 1221
23711, 1220
35085, 1220
82490, 1220
129720, 1220
15399, 1219
55815, 1219
60449, 1219
66404, 1219
72600, 1219
94557, 1219
107537, 1219
111483, 1219
122245, 1219
130764, 1219
131278, 1219
132117, 1219
132316, 1219
141026, 1219
151518, 1219
165744, 1219
168548, 1219
174085, 1219
175401, 1219
181080, 1219
182512, 1219
201017, 1219
47856, 1218
49507, 1218
70410, 1218
253014, 1218
17472, 1217
21146, 1214
205379, 1213
89595, 1212
147476, 1208
65963, 1207
85455, 1207
110306, 1207
112124, 1207
121361, 1207
137372, 1207
175372, 1207
187829, 1207
273242, 1207
276012, 1207
252914, 1201
17927, 1200
207099, 1200
251681, 1200
106715, 1199
119218, 1199
96663, 1198
166628, 1198
238037, 1198
19683, 1197
22254, 1197
76139, 1197
103158, 1197
133756, 1197
255111, 1196
290685, 1196
171106, 1195
189770, 1195
215342, 1195
230708, 1195
174343, 1194
190530, 1194
52609, 1192
92046, 1192
126475, 1192
197847, 1191
275100, 1191
109821, 1187
40944, 1184
97449, 1180
142659, 1180
75943, 1179
246253, 1179
165496, 1174
210571, 1173
137290, 1172
292763, 1172
293209, 1172
137475, 1170
272380, 1170
288778, 1170
286711, 1169
80928, 1167
47983, 1166
133845, 1166
157506, 1166
192479, 1166
220556, 1166
238060, 1166
240127, 1166
241216, 1166
262057, 1166
289638, 1166
265631, 1163
141729, 1162
249232, 1162
239903, 1160
240467, 1159
81869, 1158
124093, 1157
202106, 1155
234699, 1155
156437, 1154
184675, 1154
202448, 1154
212383, 1154
213956, 1154
279215, 1154
190114, 1151
195814, 1150
219997, 1150
294907, 1150
49838, 1149
125624, 1147
138789, 1147
266656, 1147
158432, 1146
107724, 1145
292153, 1145
24720, 1144
176756, 1143
235427, 1143
106817, 1142
163437, 1142
180417, 1142
156028, 1141
59589, 1140
133168, 1140
191415, 1140
202319, 1140
94191, 1139
33423, 1136
252392, 1136
291163, 1136
263014, 1135
198219, 1132
202708, 1132
241384, 1132
260094, 1132
90255, 1130
257789, 1129
129717, 1126
142316, 1126
73852, 1122
180325, 1122
84265, 1118
85774, 1118
199037, 1118
116831, 1116
219522, 1116
229144, 1116
256945, 1116
273088, 1116
290173, 1116
282152, 1115
285744, 1114
127162, 1113
134311, 1113
265599, 1113
281050, 1113
184265, 1112
280003, 1112
205133, 1111
262713, 1111
120599, 1110
295455, 1110
110188, 1109
179202, 1109
199011, 1109
242653, 1107
280665, 1107
113958, 1106
239614, 1104
285689, 1104
92418, 1103
289076, 1102
51705, 1101
145742, 1101
163562, 1101
206058, 1101
226232, 1101
256857, 1101
290941, 1101
80455, 1098
142110, 1098
241377, 1098
278810, 1098
33705, 1097
128386, 1097
139288, 1097
200056, 1097
236450, 1097
272784, 1097
280308, 1097
290175, 1097
291130, 1097
59815, 1096
63213, 1096
69037, 1096
71005, 1096
85706, 1096
100840, 1096
103195, 1096
133335, 1096
162580, 1096
191271, 1096
197235, 1096
135919, 1094
178664, 1094
7662, 1093
135807, 1093
229870, 1093
167917, 1090
208554, 1090
231633, 1090
237723, 1090
70367, 1089
78353, 1089
107862, 1089
140497, 1089
183440, 1089
227343, 1089
292163, 1089
139779, 1088
171098, 1088
263984, 1087
273087, 1086
185381, 1084
203642, 1084
228747, 1084
237253, 1083
98210, 1082
168360, 1082
205797, 1082
288369, 1082
243985, 1081
137397, 1080
117916, 1079
71658, 1078
289776, 1078
40289, 1076
92846, 1076
115207, 1076
120769, 1076
130145, 1076
132682, 1076
137676, 1076
166927, 1076
170028, 1076
175673, 1076
181895, 1076
198116, 1076
202357, 1076
202397, 1076
204317, 1076
204842, 1076
206454, 1076
209788, 1076
211725, 1076
222423, 1076
222445, 1076
231209, 1076
238582, 1076
240563, 1076
262151, 1076
264272, 1076
266681, 1076
268378, 1076
270152, 1076
273965, 1076
279288, 1076
283525, 1076
283951, 1076
285863, 1076
286231, 1076
288882, 1076
289066, 1076
126467, 1075
130804, 1075
233128, 1075
241508, 1075
292372, 1075
176421, 1073
279618, 1073
67698, 1072
96249, 1072
105613, 1072
163952, 1072
174226, 1072
176824, 1072
177394, 1072
195424, 1072
74852, 1071
93476, 1071
106626, 1071
155346, 1071
168958, 1071
179854, 1071
249375, 1071
250572, 1071
252002, 1071
253127, 1071
264753, 1071
272647, 1071
276145, 1071
283901, 1071
284022, 1071
285021, 1071
286846, 1071
287265, 1071
291542, 1071
295706, 1071
14519, 1070
84080, 1070
87336, 1070
184366, 1070
243215, 1070
245241, 1070
38874, 1069
80801, 1069
100680, 1069
162073, 1069
165207, 1068
173203, 1068
290669, 1068
172240, 1067
278227, 1067
141193, 1066
237845, 1066
250471, 1066
45940, 1065
79103, 1065
98656, 1065
100485, 1065
125767, 1065
129955, 1065
132364, 1065
135274, 1065
136840, 1065
145939, 1065
160258, 1065
188423, 1065
188629, 1065
233243, 1065
253827, 1065
256489, 1065
268265, 1065
280964, 1065
287581, 1065
282230, 1064
22758, 1063
52264, 1063
117669, 1061
131864, 1061
236278, 1061
245620, 1061
296213, 1061
168502, 1060
232258, 1060
269089, 1060
273943, 1060
171062, 1059
181932, 1059
191890, 1059
215609, 1059
217971, 1059
245188, 1059
95939, 1058
230962, 1058
278635, 1057
156911, 1056
112884, 1055
183550, 1055
150049, 1054
150672, 1054
159730, 1054
162028, 1054
287366, 1054
294832, 1054
72160, 1053
108375, 1053
136706, 1053
162433, 1053
195680, 1053
202620, 1053
209776, 1053
225021, 1053
225618, 1053
244324, 1053
264124, 1053
273839, 1053
289430, 1053
290243, 1053
234473, 1052
114825, 1051
155476, 1051
156624, 1051
160517, 1051
160906, 1051
162215, 1051
187097, 1051
197411, 1051
198799, 1051
201666, 1051
202407, 1051
204846, 1051
233539, 1051
247253, 1051
248364, 1051
260216, 1051
114376, 1050
87318, 1049
153753, 1049
169691, 1049
215817, 1049
236770, 1049
238384, 1049
287090, 1049
187958, 1048
138309, 1047
145754, 1047
180522, 1047
185181, 1047
263813, 1047
283091, 1047
292581, 1047
102751, 1045
291388, 1045
245940, 1044
80141, 1043
157327, 1043
184615, 1043
257997, 1043
271408, 1043
100246, 1042
130644, 1042
140209, 1042
113117, 1041
89148, 1039
173825, 1039
295046, 1039
30513, 1038
34181, 1038
55742, 1038
68883, 1038
182657, 1038
190456, 1038
221697, 1038
285249, 1038
287152, 1038
46807, 1037
170419, 1037
52329, 1036
262519, 1036
1356, 1035
62254, 1035
158935, 1034
163712, 1031
165002, 1031
289670, 1031
291771, 1031
31236, 1030
157125, 1030
159341, 1028
189207, 1028
262767, 1028
290061, 1027
37102, 1026
69554, 1025
210322, 1025
26867, 1024
49852, 1024
187352, 1024
224980, 1024
120637, 1019
25225, 1017
42031, 1017
209191, 1017
135445, 1016
198118, 1016
187042, 1015
193774, 1015
5761, 1014
75687, 1014
122704, 1014
124819, 1014
165075, 1014
183299, 1014
265271, 1014
93100, 1013
213465, 1013
237775, 1013
255096, 1013
62450, 1012
188139, 1012
202339, 1012
249782, 1011
48201, 1010
49649, 1010
163500, 1010
211708, 1010
290169, 1009
29846, 1008
127862, 1008
77007, 1007
78115, 1007
84707, 1007
286601, 1006
102815, 1005
205255, 1004
267800, 1004
202471, 1003
256891, 1002
