714, 58822
52554, 58822
52679, 58822
79592, 58822
88131, 58822
90141, 58822
90664, 58822
93322, 58822
99742, 58822
99895, 58822
99909, 58822
100222, 58822
100871, 58822
106467, 58822
107250, 58822
112498, 58822
116549, 58822
135158, 58822
137743, 58822
147768, 58822
150385, 58822
160660, 58822
161452, 58822
171418, 58822
172977, 58822
174981, 58822
178197, 58822
179236, 58822
189775, 58822
193245, 58822
194871, 58822
205484, 58822
205810, 58822
211507, 58822
213756, 58822
217417, 58822
220598, 58822
223374, 58822
226880, 58822
238721, 58822
262434, 58822
265440, 58822
659, 58785
640, 58288
991, 58288
10192, 58288
61708, 58288
73602, 58288
83279, 58288
102890, 58288
116090, 58288
122922, 58288
124757, 58288
129820, 58288
130139, 58288
142056, 58288
145495, 58288
161309, 58288
165165, 58288
169029, 58288
173656, 58288
190135, 58288
198107, 58288
198858, 58288
200783, 58288
202589, 58288
206307, 58288
206910, 58288
210688, 58288
212473, 58288
212878, 58288
214629, 58288
215307, 58288
216279, 58288
218952, 58288
222029, 58288
224479, 58288
225383, 58288
229467, 58288
230812, 58288
234319, 58288
236719, 58288
237154, 58288
237557, 58288
244445, 58288
245677, 58288
247897, 58288
251714, 58288
255258, 58288
256144, 58288
261717, 58288
269660, 58288
273152, 58288
273734, 58288
277059, 58288
279182, 58288
279819, 58288
280318, 58288
283228, 58288
286516, 58288
292242, 58288
296366, 58288
285, 58139
239441, 57768
258921, 57768
78023, 57004
78081, 57004
2594, 56906
54331, 56906
65648, 56906
94685, 56906
115137, 56906
134715, 56906
142387, 56906
143756, 56906
161474, 56906
163475, 56906
170248, 56906
185695, 56906
186937, 56906
189483, 56906
190159, 56906
194906, 56906
199922, 56906
220806, 56906
222939, 56906
237637, 56906
238920, 56906
273728, 56906
291220, 56906
52454, 56425
55396, 56425
71655, 56425
82820, 56425
138639, 56425
151726, 56425
159593, 56425
162674, 56425
196220, 56425
203707, 56425
208967, 56425
217501, 56425
221906, 56425
229252, 56425
230947, 56425
233722, 56425
244265, 56425
256317, 56425
263799, 56425
265566, 56425
278884, 56425
282290, 56425
289737, 56425
158737, 55018
208109, 55018
221645, 54237
122115, 54180
210733, 54180
249308, 54180
278406, 51142
139058, 47767
3265, 47699
121303, 47017
145411, 46888
259321, 46777
65077, 44773
185224, 44773
225463, 44773
278498, 44773
289456, 44773
214748, 33459
163292, 33200
225693, 33200
278120, 28221
228058, 23774
197251, 23172
222266, 22240
294812, 22240
255801, 22163
273150, 22110
269582, 21733
22372, 21642
31148, 21642
155209, 21642
193104, 21642
211186, 21642
221998, 21642
231342, 21642
246924, 21642
253375, 21642
154741, 21410
12092, 21271
43368, 21271
47693, 21271
49234, 21271
60436, 21271
88509, 21271
91276, 21271
102509, 21271
112079, 21271
127761, 21271
128831, 21271
139341, 21271
160303, 21271
160658, 21271
166335, 21271
187601, 21271
188141, 21271
194432, 21271
194962, 21271
196055, 21271
198022, 21271
203949, 21271
222326, 21271
223791, 21271
250590, 21271
200162, 21208
277142, 21208
285144, 21208
245258, 21098
280505, 20984
240156, 20901
288820, 20901
119789, 20859
12746, 20627
13168, 20627
18630, 20627
127130, 20627
166742, 20627
212298, 20627
97487, 20588
63974, 20446
99106, 20446
107545, 20446
204167, 20446
257759, 20446
262615, 20446
273854, 20446
288981, 20446
293041, 20446
8012, 20381
8836, 20381
12809, 20381
13021, 20381
121299, 20381
123559, 20381
5804, 20255
6840, 20255
208907, 20239
7698, 20201
86815, 19946
154358, 19946
163303, 19946
203890, 19946
43474, 19906
108082, 19906
12318, 19831
46458, 19831
66535, 19831
98132, 19831
109122, 19831
117274, 19831
141143, 19831
167781, 19831
184185, 19831
199404, 19831
236169, 19831
237190, 19831
256425, 19831
37640, 19760
123463, 19760
16129, 19658
23897, 19658
28831, 19658
75076, 19658
81358, 19658
92270, 19658
112949, 19658
119081, 19658
163720, 19658
150502, 19642
152546, 19435
140255, 19336
152900, 19336
189205, 19336
201794, 19336
47210, 19329
4026, 19294
4409, 19294
124996, 19294
134906, 19294
138921, 19294
155621, 19294
173094, 19294
215930, 19294
278577, 19294
105601, 19094
119572, 19094
267246, 19052
3927, 18814
95876, 18745
200179, 18678
20124, 18677
28068, 18677
82136, 18677
2773, 18632
70191, 18632
196648, 18632
260815, 18632
62246, 18603
64263, 18603
261278, 18603
84980, 18592
139494, 18592
220736, 18592
257814, 18592
112437, 18503
148381, 18503
227613, 18503
17637, 18189
22723, 18189
24283, 18189
170237, 18189
173843, 18189
230022, 18189
53408, 18096
194797, 18096
8045, 17542
2655, 16853
197180, 16825
6169, 16609
240729, 16447
15188, 16380
27067, 16380
51397, 16380
59583, 16380
69708, 16380
76077, 16380
181798, 16380
222194, 16380
12067, 16185
57015, 16185
84408, 16185
85523, 16185
91232, 16185
98473, 16185
111763, 16185
148818, 16185
252569, 15986
21559, 15964
23215, 15964
23319, 15906
50087, 15906
58243, 15906
116595, 15906
146325, 15906
271756, 15773
3010, 15096
247681, 14993
89221, 14965
151439, 14902
217377, 14303
64935, 13482
92088, 13482
146857, 13394
232519, 13394
15852, 13332
22778, 13332
23413, 13332
31629, 13332
33636, 13332
35491, 13332
39879, 13332
44064, 13332
47454, 13332
12544, 12946
6083, 12825
66696, 12825
113605, 12581
72277, 12320
109042, 12320
205471, 12320
275601, 12302
179967, 12142
90519, 11955
123057, 11955
127650, 11955
182528, 11955
83074, 11674
97479, 11674
116202, 11674
159564, 11674
163340, 11674
203044, 11674
232487, 11674
26278, 11656
31530, 11656
46915, 11656
51889, 11656
59706, 11656
60876, 11656
69841, 11656
70916, 11656
73296, 11656
74799, 11656
78919, 11656
80944, 11656
82745, 11656
86553, 11656
87962, 11656
93244, 11656
96502, 11656
101949, 11656
107016, 11656
108458, 11656
120204, 11656
132088, 11656
135673, 11656
147348, 11656
156913, 11656
160665, 11656
163336, 11656
165474, 11656
174289, 11656
185559, 11656
200130, 11656
211793, 11656
221637, 11656
227010, 11656
251911, 11593
10848, 11561
14267, 11561
23247, 11561
46006, 11561
56470, 11561
61791, 11561
76528, 11561
151393, 11561
172003, 11561
208801, 11561
243949, 11561
39778, 11468
47323, 11468
52106, 11468
55739, 11468
62538, 11468
63836, 11468
75998, 11468
85615, 11468
86451, 11468
92698, 11468
95064, 11468
138149, 11468
170483, 11468
18533, 11374
128171, 11374
141730, 11374
147521, 11366
211686, 11366
277399, 11366
148819, 11326
160759, 11326
13227, 11285
20631, 11285
20650, 11285
30257, 11285
40638, 11285
44695, 11285
59386, 11285
66417, 11285
73465, 11285
85654, 11285
86853, 11285
87684, 11285
95990, 11285
97713, 11285
114754, 11285
139599, 11285
160691, 11285
163690, 11285
261412, 11285
169569, 11243
18758, 11120
75465, 11117
105740, 11117
122614, 11117
130649, 11117
139573, 11117
142052, 11117
147108, 11117
177613, 11117
4513, 10966
261313, 10909
225454, 10819
158748, 10794
227566, 10557
232208, 10391
251136, 10391
44322, 10382
138843, 10382
237983, 10382
289934, 10382
24443, 10233
25302, 10233
34142, 10233
36987, 10233
37838, 10233
52829, 10233
56074, 10233
71605, 10233
99124, 10233
119015, 10233
126621, 10233
127898, 10233
137346, 10233
169681, 10233
185707, 10233
202787, 10233
224789, 10233
246137, 10233
134629, 10208
253507, 10208
170782, 10185
185215, 10185
209039, 10185
218831, 10185
226002, 10185
242282, 10185
259186, 10185
31035, 10144
34580, 10144
38268, 10144
39990, 10144
40790, 10144
43579, 10144
47676, 10144
54984, 10144
59261, 10144
62272, 10144
63948, 10144
66401, 10144
68593, 10144
108718, 10144
132161, 10144
203978, 10133
260391, 10133
260883, 10133
290633, 10133
37308, 10116
56939, 10116
71568, 10116
148026, 10073
103223, 10035
177713, 10035
180520, 10035
189366, 10035
193261, 10035
196968, 10035
197272, 10035
202833, 10035
207358, 10035
208072, 10035
208795, 10035
215010, 10035
216081, 10035
217534, 10035
231269, 10035
237618, 10035
238973, 10035
239737, 10035
251188, 10035
254119, 10035
261713, 10035
262414, 10035
263582, 10035
263967, 10035
264666, 10035
264926, 10035
266627, 10035
266798, 10035
267502, 10035
270720, 10035
276605, 10035
279189, 10035
280726, 10035
282211, 10035
284217, 10035
285692, 10035
287552, 10035
287712, 10035
292363, 10035
221585, 10020
6226, 10019
10646, 10019
30764, 10019
33657, 10019
41085, 10019
43339, 10019
47458, 10019
54057, 10019
58163, 10019
99508, 10019
94278, 10003
193464, 10000
117588, 9991
125950, 9991
149411, 9991
153957, 9991
154934, 9991
158603, 9991
158900, 9991
176224, 9991
179014, 9991
188696, 9991
192364, 9991
194820, 9991
227852, 9991
229713, 9991
231155, 9991
231332, 9991
238299, 9991
238877, 9991
246494, 9991
249379, 9991
250096, 9991
255262, 9991
256581, 9991
260085, 9991
267129, 9991
268217, 9991
271213, 9991
271377, 9991
274657, 9991
275385, 9991
279353, 9991
286437, 9991
292410, 9991
295824, 9991
253267, 9972
27975, 9946
44938, 9946
64962, 9946
140654, 9852
184372, 9852
212271, 9852
219688, 9852
227448, 9852
234111, 9852
238403, 9852
244596, 9852
250372, 9852
275278, 9852
276249, 9852
235430, 9850
243711, 9850
248983, 9850
255497, 9850
262243, 9850
263954, 9850
271661, 9850
274611, 9850
274780, 9850
280141, 9850
280703, 9850
288400, 9850
292752, 9774
220419, 9689
180601, 9568
184314, 9568
204506, 9568
204603, 9568
205306, 9568
214097, 9568
260677, 9568
264405, 9568
285394, 9568
220641, 9484
273654, 9481
24434, 9343
27432, 9343
28627, 9343
49542, 9343
50862, 9343
83278, 9343
104958, 9343
105397, 9343
121251, 9272
193229, 9269
197367, 9269
14234, 9166
295772, 9166
127531, 9150
290213, 9138
197131, 8988
216397, 8988
261340, 8988
283797, 8988
84562, 8952
237227, 8913
240175, 8913
272723, 8913
21806, 8912
176675, 8907
26948, 8814
64457, 8814
65082, 8814
86199, 8814
103997, 8814
113483, 8814
161459, 8814
101587, 8796
131148, 8796
148582, 8796
176428, 8796
177031, 8796
179447, 8796
183589, 8796
190335, 8796
203681, 8796
205356, 8796
209144, 8796
225246, 8796
229903, 8796
230235, 8796
259928, 8796
15367, 8787
18671, 8787
20040, 8787
30617, 8787
164851, 8787
6189, 8745
13172, 8745
32382, 8745
41860, 8745
52025, 8745
52592, 8745
60445, 8745
69801, 8745
70201, 8745
92280, 8745
102094, 8745
103220, 8745
107978, 8745
110022, 8745
119700, 8745
123913, 8745
126896, 8745
144534, 8745
148462, 8745
154367, 8745
163986, 8745
169953, 8745
194615, 8745
196160, 8745
196653, 8745
200022, 8745
228223, 8745
237000, 8745
238091, 8745
238350, 8745
248213, 8745
248894, 8745
248924, 8745
251779, 8745
255593, 8745
256954, 8745
267497, 8745
269617, 8745
272045, 8745
272753, 8745
280022, 8745
289604, 8745
290789, 8745
55033, 8724
65472, 8724
112802, 8724
113887, 8724
3402, 8719
6218, 8623
8095, 8623
23697, 8623
33232, 8623
36818, 8623
41652, 8623
43807, 8623
44997, 8623
47915, 8623
54229, 8623
64055, 8623
66097, 8623
66478, 8623
66634, 8623
69739, 8623
78258, 8623
78648, 8623
84053, 8623
90833, 8623
104372, 8623
105309, 8623
112522, 8623
114536, 8623
115046, 8623
119075, 8623
119976, 8623
127903, 8623
128615, 8623
137441, 8623
150829, 8623
152756, 8623
153284, 8623
153738, 8623
178558, 8623
182155, 8623
185471, 8623
200062, 8623
200393, 8623
202972, 8623
212565, 8623
239245, 8623
243336, 8623
259311, 8623
259951, 8623
267421, 8623
269136, 8623
272850, 8623
274778, 8623
98591, 8601
222909, 8591
253018, 8591
250245, 8568
8765, 8560
54003, 8511
127960, 8511
23043, 8489
144992, 8489
256108, 8483
289723, 8483
7638, 8452
9046, 8452
12469, 8452
16802, 8452
16804, 8452
24526, 8452
24852, 8452
25671, 8452
48228, 8452
62871, 8452
64681, 8452
79651, 8452
83798, 8452
95524, 8452
98692, 8452
99941, 8452
109071, 8452
114404, 8452
116587, 8452
117636, 8452
118533, 8452
119527, 8452
119811, 8452
121204, 8452
121530, 8452
124234, 8452
129040, 8452
135019, 8452
138577, 8452
144263, 8452
150110, 8452
151326, 8452
152477, 8452
160874, 8452
165147, 8452
166058, 8452
166321, 8452
177182, 8452
177607, 8452
184202, 8452
198762, 8452
202892, 8452
208654, 8452
208959, 8452
212197, 8452
212995, 8452
219929, 8452
225388, 8452
236398, 8452
243767, 8452
245603, 8452
249099, 8452
264026, 8452
269144, 8452
269392, 8452
276055, 8452
281539, 8452
43045, 8406
51549, 8406
103935, 8406
118348, 8406
149885, 8406
184952, 8406
189705, 8406
232823, 8406
280573, 8406
212, 8361
14185, 8361
31400, 8361
48154, 8361
54282, 8361
88294, 8361
93018, 8361
106840, 8361
117464, 8361
193473, 8361
197422, 8361
221139, 8361
252603, 8361
254786, 8361
278931, 8361
6075, 8314
211143, 8295
10013, 8249
15354, 8249
113453, 8249
115817, 8249
212627, 8249
14755, 8198
14892, 8198
20827, 8198
28840, 8198
18996, 8152
13094, 8101
4305, 8084
5298, 8084
6431, 8084
37097, 8084
138213, 8084
111652, 8042
14567, 8002
101216, 8002
126351, 8002
120244, 7951
223245, 7833
226647, 7832
137315, 7784
152999, 7784
185964, 7784
231327, 7784
206578, 7755
264326, 7755
281125, 7755
282566, 7755
294973, 7755
16944, 7710
91467, 7710
118237, 7681
137398, 7681
142952, 7681
145586, 7681
200388, 7681
197117, 7576
46847, 7567
48590, 7567
55425, 7567
69300, 7567
78125, 7567
82417, 7567
92518, 7567
4738, 7452
259593, 7421
4587, 7306
11218, 7306
127136, 7306
144005, 7306
168512, 7306
8264, 7293
10786, 7293
20829, 7293
30203, 7293
42444, 7293
46740, 7293
49108, 7293
54844, 7293
62461, 7293
66736, 7293
68295, 7293
70773, 7293
71383, 7293
72296, 7293
74656, 7293
74861, 7293
79602, 7293
85463, 7293
86969, 7293
90742, 7293
92793, 7293
93907, 7293
95040, 7293
95112, 7293
97897, 7293
122496, 7293
126005, 7293
129166, 7293
158261, 7293
180274, 7293
221021, 7293
229014, 7293
172249, 7188
124485, 7172
126129, 7172
2081, 7120
276679, 7119
96475, 7082
104399, 7082
126898, 7082
160566, 7082
169947, 7082
15204, 7062
17251, 7062
22515, 7062
24473, 7062
37729, 7062
37944, 7062
47265, 7062
47517, 7062
48697, 7062
49601, 7062
49856, 7062
50562, 7062
53558, 7062
55117, 7062
63233, 7062
70328, 7062
72056, 7062
72163, 7062
74875, 7062
78200, 7062
87269, 7062
89117, 7062
92130, 7062
92844, 7062
95231, 7062
99464, 7062
105842, 7062
106501, 7062
110863, 7062
110954, 7062
112138, 7062
112534, 7062
113598, 7062
115924, 7062
123275, 7062
124551, 7062
124963, 7062
127771, 7062
129251, 7062
129331, 7062
129560, 7062
134477, 7062
136515, 7062
140052, 7062
140551, 7062
142354, 7062
144239, 7062
147839, 7062
151330, 7062
154905, 7062
155191, 7062
155329, 7062
159307, 7062
159365, 7062
167731, 7062
170740, 7062
171595, 7062
173761, 7062
177651, 7062
179959, 7062
180992, 7062
183648, 7062
184969, 7062
185805, 7062
187813, 7062
188019, 7062
188391, 7062
190957, 7062
193741, 7062
194044, 7062
195288, 7062
198514, 7062
204659, 7062
204884, 7062
207800, 7062
207998, 7062
208011, 7062
208143, 7062
209708, 7062
211415, 7062
211954, 7062
212416, 7062
212840, 7062
213020, 7062
213377, 7062
213913, 7062
216539, 7062
218275, 7062
218293, 7062
221018, 7062
232020, 7062
235679, 7062
235844, 7062
236378, 7062
238848, 7062
240362, 7062
240918, 7062
243751, 7062
243820, 7062
245989, 7062
250901, 7062
252973, 7062
255463, 7062
261334, 7062
261696, 7062
262691, 7062
262845, 7062
263266, 7062
264088, 7062
266246, 7062
268124, 7062
268978, 7062
269007, 7062
269998, 7062
270151, 7062
271926, 7062
272187, 7062
273892, 7062
274461, 7062
277896, 7062
287446, 7062
287798, 7062
287940, 7062
287964, 7062
292037, 7062
294086, 7062
296057, 7062
73431, 7060
81813, 7032
136796, 7032
138429, 7032
178199, 7032
196677, 7032
205371, 7032
214404, 7032
223388, 7032
236529, 7032
240091, 7032
260568, 7032
286895, 7032
8133, 6975
51361, 6920
158822, 6920
127158, 6917
26196, 6903
99769, 6903
81481, 6856
130430, 6856
188311, 6833
284616, 6750
122411, 6552
35289, 6453
50116, 6453
54286, 6453
80819, 6453
181089, 6453
150861, 6372
172865, 6372
224190, 6372
65096, 6320
60441, 6193
29093, 6147
51360, 6147
60629, 6147
187488, 6147
49907, 6125
138060, 6007
105437, 5995
118158, 5995
158066, 5995
158695, 5995
163913, 5961
168805, 5961
67354, 5913
63528, 5886
101716, 5886
110593, 5886
140467, 5886
171402, 5886
241761, 5886
248758, 5886
288569, 5886
206357, 5824
75042, 5820
80452, 5820
99040, 5820
116685, 5820
133907, 5820
134343, 5820
172688, 5820
176581, 5820
222215, 5820
224044, 5820
224698, 5820
228797, 5820
233030, 5820
238550, 5820
242964, 5820
245648, 5820
274131, 5820
277764, 5820
287381, 5820
288898, 5820
294007, 5820
110347, 5790
124095, 5790
153872, 5790
159052, 5790
166963, 5790
173378, 5790
176022, 5790
179136, 5790
189304, 5790
195927, 5790
206605, 5790
208005, 5790
215878, 5790
221426, 5790
256361, 5790
272164, 5790
290689, 5790
64524, 5762
1591, 5760
95405, 5760
13697, 5717
54310, 5687
80124, 5653
111993, 5653
188186, 5578
43146, 5525
51865, 5525
76448, 5525
79956, 5525
91100, 5525
94720, 5525
120210, 5525
216942, 5525
97867, 5466
101361, 5466
116852, 5466
139072, 5466
183999, 5466
246830, 5466
193407, 5118
213716, 5054
141126, 5045
114228, 5043
173829, 5043
181135, 5043
122958, 5024
130107, 5024
143080, 5024
149267, 5024
150409, 5024
155665, 5024
157249, 5024
159075, 5024
163445, 5024
252827, 5024
290198, 5024
139532, 5016
188485, 5016
219561, 5016
267743, 5016
293559, 5016
115672, 5012
168290, 5012
159721, 4999
188463, 4999
250861, 4999
89706, 4994
97678, 4994
100378, 4994
100944, 4994
112037, 4994
113482, 4994
114423, 4994
114852, 4994
118547, 4994
123048, 4994
133119, 4994
134870, 4994
135313, 4994
140961, 4994
141817, 4994
142084, 4994
144210, 4994
145681, 4994
164514, 4994
173868, 4994
176249, 4994
179280, 4994
179305, 4994
183225, 4994
194774, 4994
196618, 4994
198129, 4994
199386, 4994
204523, 4994
206606, 4994
208681, 4994
208805, 4994
210939, 4994
220692, 4994
226859, 4994
227762, 4994
227784, 4994
240439, 4994
240814, 4994
249539, 4994
250612, 4994
253385, 4994
255816, 4994
256167, 4994
256169, 4994
261946, 4994
264103, 4994
270361, 4994
281031, 4994
281968, 4994
288337, 4994
288374, 4994
288704, 4994
293513, 4994
295295, 4994
295806, 4994
122953, 4989
125722, 4989
130387, 4989
150266, 4989
155827, 4989
157553, 4989
160977, 4989
162358, 4989
162360, 4989
168261, 4989
170123, 4989
181207, 4989
189181, 4989
199439, 4989
201736, 4989
220156, 4989
244608, 4989
252962, 4989
259637, 4989
269807, 4989
270839, 4989
283655, 4989
284930, 4989
291515, 4989
292893, 4989
294310, 4989
145634, 4983
226287, 4983
79894, 4973
91648, 4973
103017, 4973
115531, 4973
120043, 4973
120113, 4973
120517, 4973
121970, 4973
125300, 4973
128392, 4973
129861, 4973
131960, 4973
133203, 4973
135270, 4973
138969, 4973
140134, 4973
140504, 4973
141837, 4973
141960, 4973
142384, 4973
144139, 4973
145502, 4973
145686, 4973
146713, 4973
147171, 4973
147898, 4973
148007, 4973
148952, 4973
150014, 4973
150063, 4973
150224, 4973
150452, 4973
150608, 4973
151949, 4973
152845, 4973
152975, 4973
154199, 4973
157062, 4973
158414, 4973
160742, 4973
162166, 4973
163591, 4973
164301, 4973
164789, 4973
166531, 4973
166786, 4973
166993, 4973
167599, 4973
167933, 4973
169483, 4973
169690, 4973
172311, 4973
173260, 4973
177290, 4973
179332, 4973
181012, 4973
185795, 4973
188904, 4973
188926, 4973
189464, 4973
191916, 4973
192809, 4973
193216, 4973
194308, 4973
194838, 4973
195423, 4973
199600, 4973
200569, 4973
200990, 4973
201191, 4973
202852, 4973
203089, 4973
204597, 4973
205215, 4973
205499, 4973
207737, 4973
207838, 4973
207984, 4973
208550, 4973
208607, 4973
208948, 4973
209483, 4973
210292, 4973
210952, 4973
211548, 4973
212599, 4973
212603, 4973
214751, 4973
219151, 4973
220784, 4973
221482, 4973
222509, 4973
223217, 4973
226149, 4973
228653, 4973
233368, 4973
234313, 4973
235683, 4973
236212, 4973
238323, 4973
238717, 4973
239118, 4973
239862, 4973
242370, 4973
242525, 4973
243830, 4973
244332, 4973
244454, 4973
244882, 4973
245300, 4973
246226, 4973
246421, 4973
246996, 4973
247480, 4973
248056, 4973
248433, 4973
248691, 4973
251640, 4973
254050, 4973
256052, 4973
256259, 4973
256915, 4973
258431, 4973
260708, 4973
260780, 4973
261777, 4973
265478, 4973
266207, 4973
266833, 4973
267780, 4973
270833, 4973
271075, 4973
272157, 4973
272202, 4973
277203, 4973
279122, 4973
281020, 4973
281477, 4973
282796, 4973
288035, 4973
291796, 4973
293371, 4973
294120, 4973
122550, 4972
142731, 4971
144369, 4971
147825, 4971
159874, 4971
160693, 4971
165569, 4971
166905, 4971
174788, 4971
179057, 4971
179416, 4971
190872, 4971
200722, 4971
202637, 4971
206241, 4971
215757, 4971
222648, 4971
222662, 4971
224820, 4971
232516, 4971
238497, 4971
246087, 4971
272121, 4971
243583, 4968
111028, 4958
179227, 4958
225431, 4958
288917, 4958
96084, 4953
128967, 4953
137703, 4953
154894, 4953
158349, 4953
170686, 4953
194531, 4953
196044, 4953
196483, 4953
200412, 4953
244650, 4953
273755, 4953
293684, 4953
232100, 4952
270733, 4952
796, 4942
1400, 4942
91504, 4942
94687, 4942
101219, 4942
105871, 4942
106026, 4942
108634, 4942
110511, 4942
110530, 4942
111889, 4942
112016, 4942
114294, 4942
114434, 4942
114449, 4942
114832, 4942
114876, 4942
116600, 4942
116867, 4942
116887, 4942
118877, 4942
120679, 4942
121102, 4942
122447, 4942
124629, 4942
125021, 4942
125744, 4942
126070, 4942
126365, 4942
126888, 4942
126917, 4942
127237, 4942
127271, 4942
130552, 4942
130698, 4942
132501, 4942
133459, 4942
134208, 4942
134737, 4942
135155, 4942
135364, 4942
136241, 4942
136373, 4942
136417, 4942
136621, 4942
136638, 4942
136720, 4942
136877, 4942
137624, 4942
138271, 4942
139112, 4942
140937, 4942
141651, 4942
141753, 4942
141930, 4942
141953, 4942
142301, 4942
142661, 4942
143544, 4942
143678, 4942
143876, 4942
144940, 4942
145734, 4942
145973, 4942
145980, 4942
146076, 4942
146673, 4942
146694, 4942
147879, 4942
147987, 4942
148210, 4942
148332, 4942
148627, 4942
148847, 4942
149105, 4942
149635, 4942
149946, 4942
150081, 4942
150368, 4942
150633, 4942
150717, 4942
151690, 4942
151769, 4942
152384, 4942
152407, 4942
152554, 4942
152882, 4942
153899, 4942
154004, 4942
154040, 4942
154308, 4942
154755, 4942
155246, 4942
156569, 4942
156678, 4942
156861, 4942
157222, 4942
157505, 4942
157591, 4942
157694, 4942
157866, 4942
159493, 4942
160353, 4942
160816, 4942
161139, 4942
161930, 4942
161972, 4942
162508, 4942
162591, 4942
162631, 4942
163018, 4942
163081, 4942
163090, 4942
163330, 4942
163335, 4942
164659, 4942
164837, 4942
165383, 4942
165471, 4942
165520, 4942
165902, 4942
166182, 4942
166642, 4942
167958, 4942
168065, 4942
168348, 4942
168416, 4942
169003, 4942
169485, 4942
170193, 4942
171785, 4942
172667, 4942
172762, 4942
172914, 4942
173572, 4942
173621, 4942
173774, 4942
174109, 4942
174186, 4942
174558, 4942
174729, 4942
174979, 4942
175014, 4942
175430, 4942
176171, 4942
177149, 4942
177461, 4942
178512, 4942
179143, 4942
179671, 4942
180149, 4942
180219, 4942
180449, 4942
180589, 4942
181159, 4942
181272, 4942
181867, 4942
182008, 4942
182081, 4942
182285, 4942
182388, 4942
182638, 4942
183033, 4942
183304, 4942
183370, 4942
183489, 4942
183637, 4942
183988, 4942
184967, 4942
185917, 4942
185946, 4942
186016, 4942
186345, 4942
186522, 4942
186573, 4942
186587, 4942
186628, 4942
187614, 4942
187955, 4942
188261, 4942
188686, 4942
188850, 4942
189623, 4942
190388, 4942
190479, 4942
191147, 4942
191522, 4942
191625, 4942
191635, 4942
192519, 4942
192718, 4942
193089, 4942
193782, 4942
194297, 4942
194310, 4942
194476, 4942
194627, 4942
194817, 4942
194974, 4942
195294, 4942
196294, 4942
197430, 4942
198585, 4942
198918, 4942
199072, 4942
199364, 4942
199390, 4942
200319, 4942
200939, 4942
200947, 4942
201239, 4942
201251, 4942
201763, 4942
201880, 4942
202686, 4942
202730, 4942
202755, 4942
203266, 4942
203515, 4942
203610, 4942
204123, 4942
205771, 4942
206368, 4942
206634, 4942
206773, 4942
206798, 4942
207086, 4942
207194, 4942
207444, 4942
208058, 4942
208184, 4942
208692, 4942
208741, 4942
209158, 4942
209184, 4942
210393, 4942
210538, 4942
210944, 4942
211661, 4942
211822, 4942
211883, 4942
211920, 4942
212713, 4942
213492, 4942
214377, 4942
214680, 4942
214759, 4942
215497, 4942
215675, 4942
215894, 4942
216255, 4942
216542, 4942
216593, 4942
218270, 4942
218820, 4942
219558, 4942
220060, 4942
220382, 4942
221176, 4942
221349, 4942
221401, 4942
221609, 4942
222070, 4942
222378, 4942
222395, 4942
222602, 4942
222788, 4942
222901, 4942
223249, 4942
223624, 4942
225230, 4942
225377, 4942
225675, 4942
225972, 4942
226057, 4942
226115, 4942
226422, 4942
226438, 4942
226460, 4942
226755, 4942
226784, 4942
227245, 4942
227575, 4942
228340, 4942
228786, 4942
228854, 4942
230020, 4942
230083, 4942
230159, 4942
230285, 4942
230348, 4942
230596, 4942
231076, 4942
231088, 4942
231198, 4942
231460, 4942
231613, 4942
232320, 4942
232405, 4942
232774, 4942
233157, 4942
233748, 4942
233817, 4942
234714, 4942
236670, 4942
236734, 4942
237985, 4942
238030, 4942
238123, 4942
239065, 4942
239119, 4942
239490, 4942
240505, 4942
240652, 4942
240761, 4942
241076, 4942
241980, 4942
242111, 4942
242468, 4942
242717, 4942
243162, 4942
243818, 4942
243909, 4942
243930, 4942
246821, 4942
247076, 4942
247334, 4942
247346, 4942
247886, 4942
248785, 4942
249371, 4942
249577, 4942
249669, 4942
250003, 4942
250100, 4942
250139, 4942
250197, 4942
250265, 4942
250859, 4942
251442, 4942
251894, 4942
251995, 4942
252553, 4942
253121, 4942
253135, 4942
253314, 4942
253542, 4942
253800, 4942
253912, 4942
254216, 4942
254462, 4942
254710, 4942
254941, 4942
255253, 4942
255478, 4942
255875, 4942
256032, 4942
256092, 4942
256337, 4942
256456, 4942
256766, 4942
256858, 4942
257042, 4942
257266, 4942
258130, 4942
258210, 4942
258690, 4942
259379, 4942
260056, 4942
260401, 4942
261649, 4942
261933, 4942
262011, 4942
262035, 4942
262879, 4942
263238, 4942
264714, 4942
265161, 4942
265481, 4942
265627, 4942
265724, 4942
266406, 4942
266519, 4942
266775, 4942
266876, 4942
267134, 4942
267510, 4942
267717, 4942
268056, 4942
268400, 4942
268659, 4942
268678, 4942
269014, 4942
269030, 4942
269228, 4942
269614, 4942
269743, 4942
269845, 4942
270366, 4942
270615, 4942
271191, 4942
271239, 4942
271882, 4942
272456, 4942
272737, 4942
273151, 4942
273315, 4942
273844, 4942
274277, 4942
274361, 4942
274376, 4942
275011, 4942
275371, 4942
275436, 4942
276412, 4942
276910, 4942
277303, 4942
277539, 4942
278493, 4942
279289, 4942
279583, 4942
279859, 4942
280050, 4942
280077, 4942
281156, 4942
282675, 4942
283672, 4942
283691, 4942
283698, 4942
284024, 4942
284046, 4942
284176, 4942
284197, 4942
284449, 4942
284488, 4942
284795, 4942
285035, 4942
285500, 4942
285505, 4942
285513, 4942
285886, 4942
286083, 4942
286881, 4942
287352, 4942
287450, 4942
287759, 4942
288457, 4942
289288, 4942
289405, 4942
289487, 4942
289949, 4942
290116, 4942
290717, 4942
291072, 4942
291401, 4942
291983, 4942
291996, 4942
292106, 4942
292205, 4942
293557, 4942
293626, 4942
293831, 4942
293880, 4942
294901, 4942
294946, 4942
295367, 4942
295524, 4942
296587, 4942
105224, 4941
118071, 4941
118949, 4941
119086, 4941
120146, 4941
128155, 4941
130100, 4941
130292, 4941
131255, 4941
133447, 4941
133627, 4941
136367, 4941
137805, 4941
138318, 4941
139618, 4941
140214, 4941
141358, 4941
142169, 4941
143417, 4941
144618, 4941
144927, 4941
146328, 4941
146846, 4941
147429, 4941
148012, 4941
149603, 4941
150564, 4941
152204, 4941
152818, 4941
153361, 4941
153593, 4941
154598, 4941
155695, 4941
156671, 4941
160506, 4941
160939, 4941
166874, 4941
167120, 4941
168096, 4941
169699, 4941
170243, 4941
171266, 4941
172305, 4941
174057, 4941
175386, 4941
176782, 4941
177144, 4941
177155, 4941
177309, 4941
177319, 4941
178106, 4941
184152, 4941
186055, 4941
187422, 4941
187655, 4941
189424, 4941
191078, 4941
192161, 4941
192275, 4941
192412, 4941
193558, 4941
194904, 4941
197770, 4941
200028, 4941
200995, 4941
202815, 4941
207561, 4941
209866, 4941
210817, 4941
213899, 4941
214430, 4941
215294, 4941
216774, 4941
218135, 4941
219014, 4941
219996, 4941
223151, 4941
223527, 4941
225080, 4941
225887, 4941
227795, 4941
229836, 4941
229976, 4941
231119, 4941
231416, 4941
231482, 4941
231708, 4941
232175, 4941
237149, 4941
237424, 4941
238879, 4941
240580, 4941
242383, 4941
243170, 4941
247759, 4941
248740, 4941
252686, 4941
252797, 4941
253458, 4941
255605, 4941
256687, 4941
257103, 4941
257252, 4941
257724, 4941
260117, 4941
263236, 4941
264177, 4941
264955, 4941
267983, 4941
268279, 4941
268780, 4941
273322, 4941
275470, 4941
277396, 4941
278596, 4941
290796, 4941
291384, 4941
294876, 4941
164727, 4938
131497, 4931
145937, 4931
173379, 4931
174300, 4931
189872, 4931
195856, 4931
200488, 4931
202625, 4931
205909, 4931
208375, 4931
211497, 4931
218173, 4931
243205, 4931
263135, 4931
266370, 4931
166722, 4930
183212, 4930
206981, 4930
230470, 4930
242698, 4930
252875, 4930
261558, 4930
196258, 4928
87580, 4919
106966, 4919
121622, 4919
147892, 4919
149445, 4919
179632, 4919
182851, 4919
191306, 4919
200359, 4919
201907, 4919
206098, 4919
210484, 4919
211006, 4919
214957, 4919
215532, 4919
216856, 4919
219641, 4919
220155, 4919
220684, 4919
222021, 4919
229124, 4919
229636, 4919
230191, 4919
233651, 4919
234331, 4919
235784, 4919
238971, 4919
240097, 4919
241899, 4919
243262, 4919
247690, 4919
250357, 4919
255016, 4919
259061, 4919
261473, 4919
264446, 4919
264692, 4919
273193, 4919
276996, 4919
278490, 4919
278608, 4919
279646, 4919
281275, 4919
282021, 4919
282542, 4919
285182, 4919
286220, 4919
286375, 4919
286814, 4919
288222, 4919
288705, 4919
290179, 4919
290288, 4919
290299, 4919
291890, 4919
295636, 4919
168312, 4917
240978, 4917
154810, 4909
204251, 4909
209301, 4907
2500, 4905
6887, 4901
24278, 4901
96495, 4901
114108, 4901
136254, 4901
140570, 4901
146711, 4901
156703, 4901
159418, 4901
159490, 4901
165449, 4901
168765, 4901
172500, 4901
177257, 4901
183607, 4901
184089, 4901
190473, 4901
191230, 4901
193913, 4901
195643, 4901
199773, 4901
209468, 4901
211504, 4901
217976, 4901
224359, 4901
224728, 4901
231837, 4901
232366, 4901
238536, 4901
243072, 4901
243917, 4901
244261, 4901
254573, 4901
255105, 4901
258058, 4901
261237, 4901
281022, 4901
286791, 4901
288324, 4901
151966, 4899
163997, 4899
222590, 4898
95404, 4897
113154, 4897
152705, 4897
187138, 4897
205842, 4897
222404, 4897
242291, 4897
258267, 4897
277987, 4897
279897, 4897
285095, 4897
285191, 4897
285504, 4897
288150, 4897
133734, 4888
139005, 4888
141159, 4888
148412, 4888
150898, 4888
160492, 4888
183417, 4888
198341, 4888
227492, 4888
230198, 4888
231503, 4888
259245, 4888
272271, 4888
282522, 4888
284394, 4888
296019, 4888
142020, 4884
151408, 4884
153638, 4884
177037, 4884
217419, 4884
243898, 4884
249415, 4884
265829, 4884
276792, 4884
279325, 4884
282168, 4884
294098, 4884
177311, 4880
233462, 4880
86895, 4877
91170, 4877
99129, 4877
108939, 4877
118806, 4877
132962, 4877
143126, 4877
153929, 4877
178649, 4877
205978, 4877
229731, 4877
283346, 4877
284563, 4877
290745, 4877
93515, 4875
203010, 4875
206087, 4875
252295, 4875
132340, 4867
142419, 4867
228063, 4867
255331, 4862
96716, 4853
97140, 4853
124130, 4853
125822, 4853
126900, 4853
130645, 4853
131461, 4853
133092, 4853
133810, 4853
134998, 4853
135729, 4853
135777, 4853
136313, 4853
136907, 4853
138153, 4853
139089, 4853
141663, 4853
142793, 4853
143107, 4853
143188, 4853
144045, 4853
144049, 4853
147057, 4853
147678, 4853
149711, 4853
150033, 4853
150183, 4853
150643, 4853
150740, 4853
153227, 4853
153611, 4853
156677, 4853
157451, 4853
158099, 4853
160179, 4853
160313, 4853
161903, 4853
162065, 4853
162163, 4853
162179, 4853
164234, 4853
165001, 4853
165965, 4853
168142, 4853
169973, 4853
169976, 4853
170009, 4853
170011, 4853
170235, 4853
170875, 4853
171761, 4853
174121, 4853
174535, 4853
176855, 4853
178330, 4853
178659, 4853
179405, 4853
180685, 4853
181140, 4853
183696, 4853
185552, 4853
186047, 4853
186162, 4853
186571, 4853
187353, 4853
188574, 4853
190922, 4853
192286, 4853
192484, 4853
193649, 4853
193917, 4853
193948, 4853
194417, 4853
196026, 4853
196530, 4853
197030, 4853
197342, 4853
198185, 4853
198578, 4853
202010, 4853
202687, 4853
203045, 4853
203751, 4853
204882, 4853
206147, 4853
206511, 4853
207103, 4853
207661, 4853
208336, 4853
212334, 4853
212494, 4853
212560, 4853
213814, 4853
213911, 4853
213925, 4853
214057, 4853
215701, 4853
215914, 4853
216040, 4853
216498, 4853
216776, 4853
217345, 4853
219148, 4853
219312, 4853
220159, 4853
220347, 4853
220896, 4853
223954, 4853
224270, 4853
224848, 4853
226682, 4853
227917, 4853
228507, 4853
229311, 4853
229344, 4853
230804, 4853
231158, 4853
233323, 4853
233456, 4853
233796, 4853
233887, 4853
234152, 4853
234156, 4853
234329, 4853
235170, 4853
235962, 4853
239085, 4853
240206, 4853
240742, 4853
242244, 4853
242342, 4853
243168, 4853
243266, 4853
244667, 4853
244957, 4853
245929, 4853
247091, 4853
247215, 4853
248872, 4853
249347, 4853
249931, 4853
250699, 4853
251044, 4853
251620, 4853
252303, 4853
252415, 4853
252466, 4853
252468, 4853
252498, 4853
253194, 4853
254118, 4853
254302, 4853
254315, 4853
254325, 4853
254643, 4853
254824, 4853
255641, 4853
255803, 4853
256016, 4853
256022, 4853
256583, 4853
256807, 4853
256818, 4853
257448, 4853
257704, 4853
257733, 4853
258585, 4853
258691, 4853
259316, 4853
260368, 4853
260633, 4853
261393, 4853
261496, 4853
261931, 4853
262365, 4853
263842, 4853
264583, 4853
266635, 4853
266931, 4853
267472, 4853
267710, 4853
268007, 4853
269102, 4853
269491, 4853
271334, 4853
271498, 4853
271687, 4853
271964, 4853
274211, 4853
274249, 4853
275923, 4853
276611, 4853
277069, 4853
277524, 4853
278553, 4853
278615, 4853
279013, 4853
279428, 4853
280136, 4853
280176, 4853
280863, 4853
281312, 4853
282022, 4853
282800, 4853
282890, 4853
283240, 4853
283432, 4853
284683, 4853
285432, 4853
285679, 4853
285845, 4853
286974, 4853
287835, 4853
289714, 4853
289801, 4853
290607, 4853
292922, 4853
292978, 4853
293162, 4853
293794, 4853
293874, 4853
294421, 4853
294541, 4853
167355, 4849
280856, 4846
180083, 4839
246969, 4839
276358, 4839
130661, 4838
135269, 4838
146998, 4838
198645, 4838
218323, 4838
233522, 4838
247278, 4838
118315, 4831
142560, 4831
146670, 4831
180703, 4831
192051, 4831
193842, 4831
223512, 4831
242974, 4831
243219, 4831
254168, 4831
259040, 4831
260792, 4831
261909, 4831
272262, 4831
276390, 4831
276637, 4831
284018, 4831
284954, 4831
154844, 4826
240416, 4826
90693, 4823
110261, 4823
124778, 4823
136163, 4816
175896, 4816
210290, 4816
217868, 4816
278833, 4816
285212, 4816
211297, 4815
278689, 4812
254821, 4808
167963, 4806
172057, 4806
159722, 4803
246189, 4803
244651, 4802
290793, 4802
246518, 4798
293833, 4794
156575, 4776
249746, 4774
151277, 4770
149931, 4761
160859, 4761
195505, 4760
256611, 4760
141213, 4744
198600, 4724
228105, 4724
252489, 4724
188623, 4719
166456, 4713
159668, 4712
89137, 4696
197572, 4660
184543, 4655
247029, 4654
150785, 4651
227712, 4651
9843, 4608
124782, 4608
206675, 4608
287751, 4608
181661, 4573
192514, 4573
228849, 4573
202638, 4559
198354, 4554
249736, 4554
94137, 4541
159274, 4531
242578, 4531
154053, 4473
188056, 4473
178996, 4466
183452, 4448
169644, 4411
135097, 4336
199607, 4336
202283, 4336
283370, 4218
210139, 4195
130376, 4167
128303, 4152
166984, 4150
109792, 4091
211597, 3996
81864, 3555
174539, 3529
73797, 3243
83147, 3243
90556, 3243
81151, 3219
278336, 3136
294214, 2953
2065, 2846
222272, 2836
250350, 2836
107144, 2826
2882, 2825
5186, 2825
3231, 2816
4145, 2816
4693, 2816
12848, 2816
57722, 2816
213990, 2816
194472, 2771
279863, 2763
10403, 2709
30781, 2709
2214, 2664
6652, 2664
14733, 2664
195866, 2664
295066, 2664
1, 2497
5, 2497
18, 2497
18374, 2463
23629, 2463
38117, 2463
160182, 2463
536, 2442
872, 2442
1885, 2442
2709, 2442
3652, 2442
3916, 2442
3955, 2442
5752, 2442
11070, 2442
136573, 2442
163238, 2442
165291, 2442
214366, 2442
231554, 2442
267664, 2442
277685, 2442
65, 2438
246, 2438
265761, 2438
249162, 2431
462, 2410
532, 2410
2170, 2409
3599, 2381
25988, 2381
26353, 2381
40437, 2374
16184, 2373
27197, 2373
27609, 2373
28169, 2373
28428, 2373
29359, 2353
38080, 2351
39635, 2351
39959, 2351
26762, 2350
48618, 2349
58596, 2349
69652, 2349
74457, 2349
76537, 2349
82813, 2349
96656, 2349
9513, 2347
28279, 2347
30146, 2347
61730, 2347
1518, 2341
27966, 2339
30289, 2339
33726, 2338
39784, 2336
3112, 2335
5183, 2328
5970, 2328
6246, 2328
7988, 2327
200694, 2327
9377, 2316
11782, 2316
3790, 2307
25486, 2306
29547, 2306
35240, 2306
2056, 2305
3517, 2304
5429, 2304
6059, 2304
5544, 2302
30356, 2298
42081, 2298
49767, 2298
31365, 2297
33347, 2297
33575, 2297
33955, 2297
34972, 2297
35425, 2297
36758, 2297
36806, 2297
37901, 2297
38544, 2297
39715, 2297
39731, 2297
40120, 2297
40202, 2297
40455, 2297
41344, 2297
41567, 2297
41657, 2297
43763, 2297
49528, 2297
27957, 2292
29494, 2292
30338, 2292
31777, 2292
32612, 2292
33343, 2292
33762, 2292
34044, 2292
34822, 2292
35092, 2292
37723, 2292
39788, 2292
39885, 2292
39939, 2292
41631, 2292
41896, 2292
43432, 2292
44052, 2292
45919, 2292
46371, 2292
46496, 2292
46788, 2292
48071, 2292
48724, 2292
50333, 2292
50563, 2292
50676, 2292
52237, 2292
25290, 2288
31423, 2288
32699, 2288
34129, 2288
34468, 2288
37897, 2288
38292, 2288
39185, 2288
40978, 2288
41355, 2288
42417, 2288
42760, 2288
43630, 2288
43853, 2288
44199, 2288
44628, 2288
44703, 2288
44893, 2288
45853, 2288
46399, 2288
47485, 2288
48104, 2288
48750, 2288
8273, 2286
8584, 2286
8751, 2286
8843, 2286
8931, 2286
9854, 2286
9950, 2286
10043, 2286
10074, 2286
10090, 2286
10257, 2286
10261, 2286
10342, 2286
10383, 2286
10633, 2286
10704, 2286
10727, 2286
10782, 2286
10978, 2286
11269, 2286
11332, 2286
11579, 2286
11675, 2286
11746, 2286
12130, 2286
12427, 2286
12569, 2286
12785, 2286
13057, 2286
13141, 2286
13278, 2286
13419, 2286
13743, 2286
14018, 2286
7926, 2284
11325, 2284
12098, 2284
12489, 2284
15451, 2284
15876, 2284
19382, 2284
19907, 2284
21738, 2284
23297, 2284
24461, 2284
26016, 2284
28236, 2284
29027, 2284
29414, 2284
29625, 2284
30792, 2284
33579, 2284
34825, 2284
35872, 2284
38164, 2284
38821, 2284
39682, 2284
42252, 2284
44321, 2284
44805, 2284
45175, 2284
45217, 2284
51039, 2284
54503, 2284
56084, 2284
56643, 2284
57978, 2284
59578, 2284
62068, 2284
62158, 2284
67965, 2284
68346, 2284
70399, 2284
71836, 2284
72059, 2284
74429, 2284
75427, 2284
76185, 2284
76501, 2284
78871, 2284
81563, 2284
92826, 2284
95725, 2284
97375, 2284
102670, 2284
103514, 2284
114724, 2284
5917, 2281
7004, 2281
7908, 2281
8091, 2281
8182, 2281
8296, 2281
9354, 2281
9750, 2281
11897, 2281
13011, 2281
3216, 2279
4732, 2279
24657, 2279
30718, 2279
32161, 2279
255595, 2279
265928, 2279
123867, 2278
150466, 2278
34582, 2274
38070, 2274
38469, 2274
42802, 2274
44123, 2274
36359, 2273
37232, 2273
37426, 2273
37806, 2273
290836, 2271
164, 2256
26752, 2250
42642, 2244
1156, 2242
32623, 2235
39509, 2235
39831, 2235
39981, 2235
40966, 2235
41493, 2235
42089, 2235
42523, 2235
43439, 2235
44455, 2235
45265, 2235
45709, 2235
47413, 2235
47681, 2235
50561, 2235
40641, 2230
40166, 2223
7919, 2218
120139, 2217
134860, 2217
197936, 2217
8670, 2212
10762, 2212
12042, 2212
12829, 2212
12975, 2212
13489, 2212
13558, 2212
13939, 2212
14020, 2212
14191, 2212
14230, 2212
14282, 2212
14421, 2212
14459, 2212
14557, 2212
14621, 2212
15040, 2212
15446, 2212
15580, 2212
15662, 2212
15774, 2212
16066, 2212
16259, 2212
32196, 2210
43768, 2210
45587, 2209
4830, 2208
7949, 2188
9292, 2177
64703, 2174
75996, 2174
77109, 2174
82064, 2174
48465, 2170
13803, 2168
14289, 2168
14590, 2168
14667, 2168
14969, 2168
15126, 2168
15444, 2168
15872, 2168
15885, 2168
16276, 2168
16343, 2168
16589, 2168
16656, 2168
16758, 2168
16789, 2168
16948, 2168
17043, 2168
175168, 2159
32420, 2153
34871, 2153
36144, 2153
36764, 2153
37645, 2153
38242, 2153
38854, 2153
38962, 2153
39141, 2153
39533, 2153
39862, 2153
40241, 2153
40819, 2153
41695, 2153
42046, 2153
42928, 2153
43062, 2153
43622, 2153
43736, 2153
43757, 2153
43867, 2153
43891, 2153
43898, 2153
43964, 2153
44177, 2153
44192, 2153
44690, 2153
44933, 2153
45418, 2153
45632, 2153
46066, 2153
46324, 2153
46363, 2153
47419, 2153
47443, 2153
47949, 2153
48272, 2153
48311, 2153
48696, 2153
49098, 2153
49177, 2153
49406, 2153
49484, 2153
49536, 2153
49602, 2153
49617, 2153
49987, 2153
50153, 2153
50401, 2153
50428, 2153
50813, 2153
50845, 2153
50995, 2153
51851, 2153
52320, 2153
52381, 2153
52384, 2153
52585, 2153
52877, 2153
52993, 2153
53241, 2153
55233, 2153
55591, 2153
55675, 2153
55764, 2153
9102, 2136
9982, 2136
11807, 2131
47832, 2127
21319, 2125
22126, 2125
26452, 2125
31834, 2125
33971, 2125
281534, 2125
28260, 2120
32478, 2120
13271, 2114
14571, 2114
15502, 2114
15805, 2114
16935, 2114
59374, 2111
12946, 2105
11322, 2094
208589, 2092
10643, 2081
12190, 2081
13409, 2081
13985, 2081
14137, 2081
15366, 2081
15656, 2081
15804, 2081
16492, 2081
16553, 2081
249378, 2074
99016, 2069
139743, 2069
18886, 2057
28914, 2054
6423, 2020
15980, 2020
16533, 2020
16906, 2020
16996, 2020
17156, 2020
17177, 2020
18287, 2020
18698, 2020
20249, 2018
204968, 2006
13770, 1999
17589, 1999
16516, 1989
11366, 1976
11403, 1976
11899, 1965
116, 1960
15161, 1959
18567, 1959
18577, 1959
18710, 1959
19217, 1959
19279, 1959
266392, 1941
16053, 1939
18666, 1939
19690, 1939
3466, 1928
5909, 1928
147133, 1927
14686, 1919
16194, 1919
16337, 1919
28573, 1916
31402, 1916
14386, 1915
15384, 1915
23509, 1910
29160, 1910
29178, 1910
29480, 1910
31331, 1910
17055, 1906
18973, 1906
19077, 1906
21191, 1906
22079, 1906
22636, 1906
22808, 1906
22914, 1906
23079, 1906
23598, 1906
24419, 1906
24444, 1906
25057, 1906
25612, 1906
26639, 1906
12616, 1903
14040, 1903
15461, 1903
15145, 1902
17145, 1902
18950, 1902
19247, 1902
19450, 1902
20256, 1902
21657, 1902
19792, 1898
23775, 1898
27142, 1898
17170, 1889
17309, 1889
18552, 1889
18583, 1889
19748, 1889
20171, 1889
20282, 1889
20382, 1889
20434, 1889
20482, 1889
20662, 1889
20964, 1889
20998, 1889
21086, 1889
21104, 1889
21190, 1889
21226, 1889
21585, 1889
21726, 1889
21782, 1889
21816, 1889
21986, 1889
22053, 1889
22618, 1889
22807, 1889
22821, 1889
22839, 1889
22907, 1889
22982, 1889
23035, 1889
23130, 1889
23852, 1889
24451, 1889
24538, 1889
24610, 1889
26190, 1889
26501, 1889
32821, 1889
53475, 1889
18470, 1886
18786, 1886
19713, 1886
19867, 1886
20436, 1886
20530, 1886
20696, 1886
20860, 1886
21066, 1886
21431, 1886
21601, 1886
21758, 1886
22098, 1886
22183, 1886
22880, 1886
23641, 1886
24008, 1886
24120, 1886
24741, 1886
24922, 1886
25243, 1886
25460, 1886
25480, 1886
25508, 1886
25604, 1886
26468, 1886
27611, 1886
37532, 1881
42311, 1881
14316, 1878
18511, 1878
23721, 1878
23732, 1878
23861, 1878
24655, 1878
25200, 1878
25760, 1878
26368, 1878
26877, 1878
26901, 1878
26913, 1878
27193, 1878
27509, 1878
27999, 1878
28193, 1878
28975, 1878
29080, 1878
31322, 1878
7631, 1875
19257, 1873
22012, 1873
223188, 1873
17807, 1868
24073, 1868
29600, 1868
29743, 1868
30704, 1868
31159, 1868
31469, 1868
31774, 1868
32022, 1868
32183, 1868
32493, 1868
33144, 1868
33466, 1868
35046, 1868
35135, 1868
35450, 1868
35547, 1868
35656, 1868
36009, 1868
36091, 1868
37383, 1868
2893, 1867
14307, 1867
23109, 1867
24740, 1867
24862, 1867
26651, 1867
27120, 1867
28018, 1867
28349, 1867
28909, 1867
28958, 1867
29007, 1867
29065, 1867
31907, 1867
18322, 1862
15318, 1860
18229, 1856
257358, 1856
20119, 1855
20717, 1855
25638, 1855
40187, 1855
24946, 1846
25453, 1846
25976, 1846
27115, 1846
27807, 1846
28495, 1846
30086, 1846
30115, 1846
30347, 1846
30392, 1846
30466, 1846
30635, 1846
30898, 1846
31286, 1846
31474, 1846
32793, 1846
33341, 1846
29643, 1838
29896, 1838
30018, 1838
30297, 1838
30581, 1838
31191, 1838
31257, 1838
32455, 1838
34153, 1838
34233, 1838
34523, 1838
34540, 1838
35285, 1838
36124, 1838
36167, 1838
37975, 1838
38043, 1838
38446, 1838
16993, 1836
19061, 1836
20014, 1836
24702, 1836
27876, 1836
27079, 1835
27092, 1835
28681, 1835
29312, 1835
30214, 1835
31827, 1835
32068, 1835
32139, 1835
32626, 1835
33160, 1835
33591, 1835
34019, 1835
34171, 1835
34230, 1835
35095, 1835
20745, 1834
26403, 1832
27913, 1832
28447, 1832
30063, 1832
30237, 1832
31025, 1832
31836, 1832
21460, 1830
23738, 1830
24193, 1830
24507, 1830
25054, 1830
25593, 1830
26497, 1830
26549, 1830
26666, 1830
26708, 1830
27340, 1830
27342, 1830
28060, 1830
28680, 1830
29004, 1830
29375, 1830
29714, 1830
30073, 1830
30582, 1830
30959, 1830
31214, 1830
31264, 1830
32511, 1830
34268, 1830
14023, 1829
24225, 1829
22806, 1827
25936, 1827
26395, 1827
29653, 1827
29876, 1827
30280, 1827
34281, 1827
34998, 1827
41017, 1827
41437, 1827
44920, 1827
45942, 1827
46299, 1827
25015, 1819
17977, 1817
196799, 1807
23179, 1802
114657, 1798
292191, 1798
29139, 1796
33639, 1796
34202, 1796
34406, 1796
35058, 1796
36434, 1796
37103, 1796
37596, 1796
37681, 1796
37876, 1796
38656, 1796
39450, 1796
39859, 1796
40707, 1796
40779, 1796
40833, 1796
41033, 1796
41428, 1796
41613, 1796
43092, 1796
43594, 1796
44083, 1796
44888, 1796
46375, 1796
47295, 1796
28558, 1793
29150, 1793
31825, 1793
32475, 1793
33122, 1793
34447, 1793
31374, 1792
20243, 1789
20487, 1789
23058, 1789
29954, 1784
28477, 1783
38851, 1783
53873, 1783
54192, 1783
64128, 1783
79607, 1783
27901, 1777
28338, 1777
24144, 1771
29443, 1769
30110, 1769
30867, 1769
32159, 1769
33359, 1769
33629, 1769
34217, 1769
35278, 1769
35328, 1769
35816, 1769
35972, 1769
36444, 1769
36554, 1769
37081, 1769
37457, 1769
37740, 1769
37780, 1769
37918, 1769
38321, 1769
38454, 1769
38692, 1769
41044, 1769
43978, 1769
48115, 1769
26739, 1760
28050, 1760
29555, 1760
32015, 1760
33390, 1760
35256, 1760
36325, 1760
37577, 1760
19709, 1759
22471, 1754
23000, 1754
24380, 1754
8932, 1749
81306, 1720
33494, 1709
50289, 1691
55506, 1691
67440, 1691
68869, 1691
69256, 1691
100297, 1691
101099, 1691
105778, 1691
108820, 1691
120350, 1691
127816, 1691
138618, 1691
153556, 1691
175120, 1691
185872, 1691
200796, 1691
205410, 1691
217270, 1691
225422, 1691
225606, 1691
227349, 1691
235861, 1691
260159, 1691
268958, 1691
283051, 1691
289827, 1691
295047, 1691
42300, 1687
47907, 1687
70334, 1687
18357, 1686
21130, 1648
23854, 1648
22262, 1646
46041, 1637
54800, 1637
116095, 1637
132473, 1637
145184, 1637
168074, 1637
171107, 1637
192856, 1637
207149, 1637
246576, 1637
282976, 1637
10829, 1634
24696, 1610
40880, 1610
44171, 1610
132335, 1604
40414, 1598
42421, 1598
44338, 1598
45076, 1598
45769, 1598
45948, 1598
46416, 1598
48295, 1598
48304, 1598
49744, 1598
51264, 1598
53011, 1598
53585, 1598
41535, 1590
41943, 1590
42911, 1590
44143, 1590
45385, 1590
46086, 1590
54048, 1590
15262, 1588
21068, 1588
34733, 1588
36684, 1588
37529, 1588
38060, 1588
40071, 1588
40546, 1588
40633, 1588
40649, 1588
40763, 1588
41274, 1588
41432, 1588
41462, 1588
41716, 1588
41906, 1588
42781, 1588
43160, 1588
44184, 1588
44370, 1588
44708, 1588
44773, 1588
44822, 1588
45033, 1588
45560, 1588
45592, 1588
45840, 1588
46179, 1588
46482, 1588
46613, 1588
46895, 1588
47013, 1588
47284, 1588
47307, 1588
47524, 1588
47819, 1588
47910, 1588
48077, 1588
48153, 1588
48336, 1588
48472, 1588
48753, 1588
48996, 1588
49088, 1588
49107, 1588
49392, 1588
49394, 1588
49616, 1588
49839, 1588
49897, 1588
49947, 1588
50037, 1588
50176, 1588
50387, 1588
50559, 1588
50988, 1588
51087, 1588
51091, 1588
51347, 1588
52049, 1588
52067, 1588
52122, 1588
53120, 1588
53177, 1588
53868, 1588
54869, 1588
55201, 1588
55532, 1588
55844, 1588
56008, 1588
56222, 1588
58230, 1588
58289, 1588
58834, 1588
48353, 1587
37405, 1579
39431, 1579
40000, 1579
41465, 1579
42638, 1579
43449, 1579
43658, 1579
44643, 1579
45471, 1579
45530, 1579
45543, 1579
46287, 1579
47446, 1579
48556, 1579
48663, 1579
49245, 1579
49813, 1579
49888, 1579
50045, 1579
50482, 1579
54035, 1579
34353, 1577
34834, 1577
35569, 1577
37847, 1577
42443, 1577
42722, 1577
42968, 1577
43772, 1577
44381, 1577
46502, 1577
48822, 1577
2596, 1575
10660, 1575
13378, 1575
38101, 1574
53579, 1574
40553, 1562
47888, 1562
49175, 1562
49686, 1562
49922, 1562
49984, 1562
51281, 1562
19374, 1548
32718, 1535
36470, 1535
37163, 1535
37401, 1535
37539, 1535
38609, 1535
39735, 1535
40218, 1535
41508, 1535
41858, 1535
43018, 1535
43276, 1535
43703, 1535
45412, 1535
45746, 1535
45865, 1535
46724, 1535
47498, 1535
48489, 1535
48614, 1535
48836, 1535
48988, 1535
50378, 1535
52995, 1535
53445, 1535
55005, 1535
57707, 1535
53001, 1529
143517, 1524
259155, 1524
41326, 1514
38307, 1508
43415, 1508
43707, 1508
45141, 1508
45296, 1508
45459, 1508
47078, 1508
47729, 1508
48313, 1508
51081, 1508
51376, 1508
52134, 1508
54150, 1508
58399, 1508
8326, 1468
21323, 1468
22795, 1468
24992, 1468
25278, 1468
38634, 1468
110281, 1468
99309, 1429
211900, 1429
7312, 1379
11998, 1370
115085, 1335
824, 1233
1793, 1233
2426, 1233
1690, 1217
1820, 1217
118207, 1201
125915, 1201
175637, 1201
221574, 1201
230117, 1201
235670, 1201
252635, 1201
287978, 1201
288835, 1201
2718, 1195
985, 1194
1376, 1194
1717, 1194
1779, 1194
1827, 1194
2050, 1194
2442, 1194
2451, 1194
2630, 1194
2840, 1194
2874, 1194
2910, 1194
3097, 1194
3107, 1194
3171, 1194
3288, 1194
3295, 1194
3439, 1194
3508, 1194
3540, 1194
3565, 1194
3738, 1194
3783, 1194
3872, 1194
3935, 1194
3959, 1194
4059, 1194
4158, 1194
4233, 1194
4260, 1194
4317, 1194
4345, 1194
4353, 1194
4411, 1194
4436, 1194
4522, 1194
4556, 1194
4557, 1194
4562, 1194
4611, 1194
4639, 1194
4654, 1194
4736, 1194
4771, 1194
4865, 1194
4914, 1194
4922, 1194
4932, 1194
4980, 1194
5042, 1194
5089, 1194
5114, 1194
5135, 1194
5212, 1194
5240, 1194
681, 1190
1294, 1190
3749, 1150
4636, 1150
4706, 1150
5132, 1150
4614, 1079
343, 1054
137457, 1034
