278406, 62677
2594, 61795
54331, 61795
65648, 61795
94685, 61795
115137, 61795
134715, 61795
142387, 61795
143756, 61795
161474, 61795
163475, 61795
170248, 61795
185695, 61795
186937, 61795
189483, 61795
190159, 61795
194906, 61795
199922, 61795
220806, 61795
222939, 61795
237637, 61795
238920, 61795
273728, 61795
291220, 61795
714, 61224
52554, 61224
52679, 61224
79592, 61224
88131, 61224
90141, 61224
90664, 61224
93322, 61224
99742, 61224
99895, 61224
99909, 61224
100222, 61224
100871, 61224
106467, 61224
107250, 61224
112498, 61224
116549, 61224
135158, 61224
137743, 61224
147768, 61224
150385, 61224
160660, 61224
161452, 61224
171418, 61224
172977, 61224
174981, 61224
178197, 61224
179236, 61224
189775, 61224
193245, 61224
194871, 61224
205484, 61224
205810, 61224
211507, 61224
213756, 61224
217417, 61224
220598, 61224
223374, 61224
226880, 61224
238721, 61224
262434, 61224
265440, 61224
221645, 61120
52454, 61074
55396, 61074
71655, 61074
82820, 61074
138639, 61074
151726, 61074
159593, 61074
162674, 61074
196220, 61074
203707, 61074
208967, 61074
217501, 61074
221906, 61074
229252, 61074
230947, 61074
233722, 61074
244265, 61074
256317, 61074
263799, 61074
265566, 61074
278884, 61074
282290, 61074
289737, 61074
122115, 60813
210733, 60813
249308, 60813
285, 60380
640, 59995
991, 59995
10192, 59995
61708, 59995
73602, 59995
83279, 59995
102890, 59995
116090, 59995
122922, 59995
124757, 59995
129820, 59995
130139, 59995
142056, 59995
145495, 59995
161309, 59995
165165, 59995
169029, 59995
173656, 59995
190135, 59995
198107, 59995
198858, 59995
200783, 59995
202589, 59995
206307, 59995
206910, 59995
210688, 59995
212473, 59995
212878, 59995
214629, 59995
215307, 59995
216279, 59995
218952, 59995
222029, 59995
224479, 59995
225383, 59995
229467, 59995
230812, 59995
234319, 59995
236719, 59995
237154, 59995
237557, 59995
244445, 59995
245677, 59995
247897, 59995
251714, 59995
255258, 59995
256144, 59995
261717, 59995
269660, 59995
273152, 59995
273734, 59995
277059, 59995
279182, 59995
279819, 59995
280318, 59995
283228, 59995
286516, 59995
292242, 59995
296366, 59995
259321, 59086
145411, 58796
78023, 58657
78081, 58657
239441, 58237
258921, 58237
659, 58091
65077, 55721
185224, 55721
225463, 55721
278498, 55721
289456, 55721
139058, 53838
158737, 53662
208109, 53662
3265, 51108
214748, 49927
121303, 49611
163292, 39910
225693, 39910
278120, 35930
228058, 27880
197251, 26949
140255, 25776
152900, 25776
189205, 25776
201794, 25776
62246, 23326
64263, 23326
261278, 23326
84980, 23235
139494, 23235
220736, 23235
257814, 23235
222266, 22725
294812, 22725
97487, 22668
269582, 22477
22372, 22351
31148, 22351
155209, 22351
193104, 22351
211186, 22351
221998, 22351
231342, 22351
246924, 22351
253375, 22351
273150, 21829
12746, 21696
13168, 21696
18630, 21696
127130, 21696
166742, 21696
212298, 21696
255801, 21466
12092, 21333
43368, 21333
47693, 21333
49234, 21333
60436, 21333
88509, 21333
91276, 21333
102509, 21333
112079, 21333
127761, 21333
128831, 21333
139341, 21333
160303, 21333
160658, 21333
166335, 21333
187601, 21333
188141, 21333
194432, 21333
194962, 21333
196055, 21333
198022, 21333
203949, 21333
222326, 21333
223791, 21333
250590, 21333
63974, 21318
99106, 21318
107545, 21318
204167, 21318
257759, 21318
262615, 21318
273854, 21318
288981, 21318
293041, 21318
217377, 21177
245258, 21155
7698, 21106
200162, 21088
277142, 21088
285144, 21088
280505, 20890
43474, 20863
108082, 20863
37640, 20845
123463, 20845
86815, 20821
154358, 20821
163303, 20821
203890, 20821
119789, 20667
8012, 20587
8836, 20587
12809, 20587
13021, 20587
121299, 20587
123559, 20587
112437, 20316
148381, 20316
227613, 20316
5804, 20289
6840, 20289
4026, 20232
4409, 20232
124996, 20232
134906, 20232
138921, 20232
155621, 20232
173094, 20232
215930, 20232
278577, 20232
95876, 20199
208907, 20197
47210, 19864
200179, 19809
53408, 19720
194797, 19720
20124, 19666
28068, 19666
82136, 19666
12318, 19598
46458, 19598
66535, 19598
98132, 19598
109122, 19598
117274, 19598
141143, 19598
167781, 19598
184185, 19598
199404, 19598
236169, 19598
237190, 19598
256425, 19598
16129, 19540
23897, 19540
28831, 19540
75076, 19540
81358, 19540
92270, 19540
112949, 19540
119081, 19540
163720, 19540
152546, 19470
240729, 19050
267246, 19031
154741, 18981
240156, 18962
288820, 18962
8045, 18887
3927, 18835
105601, 18746
119572, 18746
150502, 18712
2773, 18661
70191, 18661
196648, 18661
260815, 18661
17637, 18003
22723, 18003
24283, 18003
170237, 18003
173843, 18003
230022, 18003
197180, 17951
89221, 17577
247681, 17559
2655, 17030
6169, 16583
12067, 16495
57015, 16495
84408, 16495
85523, 16495
91232, 16495
98473, 16495
111763, 16495
148818, 16495
23319, 16230
50087, 16230
58243, 16230
116595, 16230
146325, 16230
252569, 16142
151439, 16098
15188, 16027
27067, 16027
51397, 16027
59583, 16027
69708, 16027
76077, 16027
181798, 16027
222194, 16027
271756, 15956
15852, 15924
22778, 15924
23413, 15924
31629, 15924
33636, 15924
35491, 15924
39879, 15924
44064, 15924
47454, 15924
21559, 15791
23215, 15791
3010, 15249
37308, 14071
56939, 14071
71568, 14071
6083, 14007
66696, 14007
113605, 13833
148819, 13463
39778, 13298
47323, 13298
52106, 13298
55739, 13298
62538, 13298
63836, 13298
75998, 13298
85615, 13298
86451, 13298
92698, 13298
95064, 13298
138149, 13298
90519, 13183
123057, 13183
127650, 13183
182528, 13183
6226, 12546
10646, 12546
30764, 12546
33657, 12546
41085, 12546
43339, 12546
47458, 12546
54057, 12546
58163, 12546
99508, 12546
227566, 12247
158748, 12235
4513, 12106
251911, 11932
170782, 11456
185215, 11456
209039, 11456
218831, 11456
226002, 11456
242282, 11456
259186, 11456
203978, 11364
260391, 11364
260883, 11364
290633, 11364
134629, 11331
253507, 11331
21806, 11312
94278, 11247
170483, 11231
193464, 11163
103223, 11093
177713, 11093
180520, 11093
189366, 11093
193261, 11093
196968, 11093
197272, 11093
202833, 11093
207358, 11093
208072, 11093
208795, 11093
215010, 11093
216081, 11093
217534, 11093
231269, 11093
237618, 11093
238973, 11093
239737, 11093
251188, 11093
254119, 11093
261713, 11093
262414, 11093
263582, 11093
263967, 11093
264666, 11093
264926, 11093
266627, 11093
266798, 11093
267502, 11093
270720, 11093
276605, 11093
279189, 11093
280726, 11093
282211, 11093
284217, 11093
285692, 11093
287552, 11093
287712, 11093
292363, 11093
253267, 11065
117588, 11056
125950, 11056
149411, 11056
153957, 11056
154934, 11056
158603, 11056
158900, 11056
176224, 11056
179014, 11056
188696, 11056
192364, 11056
194820, 11056
227852, 11056
229713, 11056
231155, 11056
231332, 11056
238299, 11056
238877, 11056
246494, 11056
249379, 11056
250096, 11056
255262, 11056
256581, 11056
260085, 11056
267129, 11056
268217, 11056
271213, 11056
271377, 11056
274657, 11056
275385, 11056
279353, 11056
286437, 11056
292410, 11056
295824, 11056
235430, 11028
243711, 11028
248983, 11028
255497, 11028
262243, 11028
263954, 11028
271661, 11028
274611, 11028
274780, 11028
280141, 11028
280703, 11028
288400, 11028
140654, 10742
184372, 10742
212271, 10742
219688, 10742
227448, 10742
234111, 10742
238403, 10742
244596, 10742
250372, 10742
275278, 10742
276249, 10742
12544, 10706
220641, 10706
220419, 10688
292752, 10657
261313, 10650
31035, 10565
34580, 10565
38268, 10565
39990, 10565
40790, 10565
43579, 10565
47676, 10565
54984, 10565
59261, 10565
62272, 10565
63948, 10565
66401, 10565
68593, 10565
108718, 10565
132161, 10565
193229, 10487
197367, 10487
180601, 10465
184314, 10465
204506, 10465
204603, 10465
205306, 10465
214097, 10465
260677, 10465
264405, 10465
285394, 10465
83074, 10452
97479, 10452
116202, 10452
159564, 10452
163340, 10452
203044, 10452
232487, 10452
26278, 10449
31530, 10449
46915, 10449
51889, 10449
59706, 10449
60876, 10449
69841, 10449
70916, 10449
73296, 10449
74799, 10449
78919, 10449
80944, 10449
82745, 10449
86553, 10449
87962, 10449
93244, 10449
96502, 10449
101949, 10449
107016, 10449
108458, 10449
120204, 10449
132088, 10449
135673, 10449
147348, 10449
156913, 10449
160665, 10449
163336, 10449
165474, 10449
174289, 10449
185559, 10449
200130, 10449
211793, 10449
221637, 10449
227010, 10449
273654, 10440
232208, 10344
251136, 10344
44322, 10328
138843, 10328
237983, 10328
289934, 10328
10848, 10287
14267, 10287
23247, 10287
46006, 10287
56470, 10287
61791, 10287
76528, 10287
151393, 10287
172003, 10287
208801, 10287
243949, 10287
290213, 10272
121251, 10246
127531, 10203
24443, 10138
25302, 10138
34142, 10138
36987, 10138
37838, 10138
52829, 10138
56074, 10138
71605, 10138
99124, 10138
119015, 10138
126621, 10138
127898, 10138
137346, 10138
169681, 10138
185707, 10138
202787, 10138
224789, 10138
246137, 10138
148026, 10024
13227, 9992
20631, 9992
20650, 9992
30257, 9992
40638, 9992
44695, 9992
59386, 9992
66417, 9992
73465, 9992
85654, 9992
86853, 9992
87684, 9992
95990, 9992
97713, 9992
114754, 9992
139599, 9992
160691, 9992
163690, 9992
261412, 9992
197131, 9950
216397, 9950
261340, 9950
283797, 9950
169569, 9903
84562, 9869
221585, 9799
101587, 9789
131148, 9789
148582, 9789
176428, 9789
177031, 9789
179447, 9789
183589, 9789
190335, 9789
203681, 9789
205356, 9789
209144, 9789
225246, 9789
229903, 9789
230235, 9789
259928, 9789
14234, 9776
295772, 9776
222909, 9767
253018, 9767
24434, 9707
27432, 9707
28627, 9707
49542, 9707
50862, 9707
83278, 9707
104958, 9707
105397, 9707
55033, 9699
65472, 9699
112802, 9699
113887, 9699
256108, 9672
289723, 9672
4305, 9400
5298, 9400
6431, 9400
37097, 9400
138213, 9400
23043, 9384
144992, 9384
15367, 9318
18671, 9318
20040, 9318
30617, 9318
164851, 9318
8765, 9311
26948, 9115
64457, 9115
65082, 9115
86199, 9115
103997, 9115
113483, 9115
161459, 9115
137315, 9065
152999, 9065
185964, 9065
231327, 9065
27975, 8996
44938, 8996
64962, 8996
18533, 8964
128171, 8964
141730, 8964
160759, 8952
147521, 8944
211686, 8944
277399, 8944
250245, 8916
98591, 8839
118237, 8777
137398, 8777
142952, 8777
145586, 8777
200388, 8777
3402, 8760
46847, 8759
48590, 8759
55425, 8759
69300, 8759
78125, 8759
82417, 8759
92518, 8759
18758, 8723
75465, 8710
105740, 8710
122614, 8710
130649, 8710
139573, 8710
142052, 8710
147108, 8710
177613, 8710
14755, 8672
14892, 8672
20827, 8672
28840, 8672
275601, 8588
72277, 8583
109042, 8583
205471, 8583
6218, 8566
8095, 8566
23697, 8566
33232, 8566
36818, 8566
41652, 8566
43807, 8566
44997, 8566
47915, 8566
54229, 8566
64055, 8566
66097, 8566
66478, 8566
66634, 8566
69739, 8566
78258, 8566
78648, 8566
84053, 8566
90833, 8566
104372, 8566
105309, 8566
112522, 8566
114536, 8566
115046, 8566
119075, 8566
119976, 8566
127903, 8566
128615, 8566
137441, 8566
150829, 8566
152756, 8566
153284, 8566
153738, 8566
178558, 8566
182155, 8566
185471, 8566
200062, 8566
200393, 8566
202972, 8566
212565, 8566
239245, 8566
243336, 8566
259311, 8566
259951, 8566
267421, 8566
269136, 8566
272850, 8566
274778, 8566
176675, 8510
237227, 8504
240175, 8504
272723, 8504
223245, 8471
8264, 8443
10786, 8443
20829, 8443
30203, 8443
42444, 8443
46740, 8443
49108, 8443
54844, 8443
62461, 8443
66736, 8443
68295, 8443
70773, 8443
71383, 8443
72296, 8443
74656, 8443
74861, 8443
79602, 8443
85463, 8443
86969, 8443
90742, 8443
92793, 8443
93907, 8443
95040, 8443
95112, 8443
97897, 8443
122496, 8443
126005, 8443
129166, 8443
158261, 8443
172249, 8443
180274, 8443
221021, 8443
229014, 8443
64935, 8427
92088, 8427
206578, 8419
264326, 8419
281125, 8419
282566, 8419
294973, 8419
225454, 8381
4587, 8334
11218, 8334
127136, 8334
144005, 8334
168512, 8334
146857, 8325
232519, 8325
14567, 8320
101216, 8320
126351, 8320
43045, 8317
51549, 8317
103935, 8317
118348, 8317
149885, 8317
184952, 8317
189705, 8317
232823, 8317
280573, 8317
179967, 8309
212, 8302
14185, 8302
31400, 8302
48154, 8302
54282, 8302
88294, 8302
93018, 8302
106840, 8302
117464, 8302
193473, 8302
197422, 8302
221139, 8302
252603, 8302
254786, 8302
278931, 8302
96475, 8246
104399, 8246
126898, 8246
160566, 8246
169947, 8246
197117, 8196
259593, 8184
211143, 8131
10013, 8122
15354, 8122
113453, 8122
115817, 8122
212627, 8122
73431, 8090
15204, 8082
17251, 8082
22515, 8082
24473, 8082
37729, 8082
37944, 8082
47265, 8082
47517, 8082
48697, 8082
49601, 8082
49856, 8082
50562, 8082
53558, 8082
55117, 8082
63233, 8082
70328, 8082
72056, 8082
72163, 8082
74875, 8082
78200, 8082
87269, 8082
89117, 8082
92130, 8082
92844, 8082
95231, 8082
99464, 8082
105842, 8082
106501, 8082
110863, 8082
110954, 8082
112138, 8082
112534, 8082
113598, 8082
115924, 8082
123275, 8082
124551, 8082
124963, 8082
127771, 8082
129251, 8082
129331, 8082
129560, 8082
134477, 8082
136515, 8082
140052, 8082
140551, 8082
142354, 8082
144239, 8082
147839, 8082
151330, 8082
154905, 8082
155191, 8082
155329, 8082
159307, 8082
159365, 8082
167731, 8082
170740, 8082
171595, 8082
173761, 8082
177651, 8082
179959, 8082
180992, 8082
183648, 8082
184969, 8082
185805, 8082
187813, 8082
188019, 8082
188391, 8082
190957, 8082
193741, 8082
194044, 8082
195288, 8082
198514, 8082
204659, 8082
204884, 8082
207800, 8082
207998, 8082
208011, 8082
208143, 8082
209708, 8082
211415, 8082
211954, 8082
212416, 8082
212840, 8082
213020, 8082
213377, 8082
213913, 8082
216539, 8082
218275, 8082
218293, 8082
221018, 8082
232020, 8082
235679, 8082
235844, 8082
236378, 8082
238848, 8082
240362, 8082
240918, 8082
243751, 8082
243820, 8082
245989, 8082
250901, 8082
252973, 8082
255463, 8082
261334, 8082
261696, 8082
262691, 8082
262845, 8082
263266, 8082
264088, 8082
266246, 8082
268124, 8082
268978, 8082
269007, 8082
269998, 8082
270151, 8082
271926, 8082
272187, 8082
273892, 8082
274461, 8082
277896, 8082
287446, 8082
287798, 8082
287940, 8082
287964, 8082
292037, 8082
294086, 8082
296057, 8082
18996, 8072
51361, 8058
158822, 8058
81481, 8014
130430, 8014
13094, 8008
111652, 8008
226647, 7994
284616, 7899
35289, 7853
50116, 7853
54286, 7853
80819, 7853
181089, 7853
120244, 7841
150861, 7836
172865, 7836
224190, 7836
65096, 7790
276679, 7742
49907, 7490
141213, 7464
166456, 7456
249746, 7436
198354, 7419
249736, 7419
184543, 7414
89137, 7412
198600, 7405
228105, 7405
252489, 7405
138060, 7356
247029, 7350
6189, 7269
13172, 7269
32382, 7269
41860, 7269
52025, 7269
52592, 7269
60445, 7269
69801, 7269
70201, 7269
92280, 7269
102094, 7269
103220, 7269
107978, 7269
110022, 7269
119700, 7269
123913, 7269
126896, 7269
144534, 7269
148462, 7269
154367, 7269
163986, 7269
169953, 7269
194615, 7269
196160, 7269
196653, 7269
200022, 7269
228223, 7269
237000, 7269
238091, 7269
238350, 7269
248213, 7269
248894, 7269
248924, 7269
251779, 7269
255593, 7269
256954, 7269
267497, 7269
269617, 7269
272045, 7269
272753, 7269
280022, 7269
289604, 7269
290789, 7269
178996, 7229
206357, 7173
81813, 7112
136796, 7112
138429, 7112
178199, 7112
196677, 7112
205371, 7112
214404, 7112
223388, 7112
236529, 7112
240091, 7112
260568, 7112
286895, 7112
54003, 7093
127960, 7093
6075, 7073
124485, 7057
126129, 7057
16944, 6972
91467, 6972
7638, 6956
9046, 6956
12469, 6956
16802, 6956
16804, 6956
24526, 6956
24852, 6956
25671, 6956
48228, 6956
62871, 6956
64681, 6956
79651, 6956
83798, 6956
95524, 6956
98692, 6956
99941, 6956
109071, 6956
114404, 6956
116587, 6956
117636, 6956
118533, 6956
119527, 6956
119811, 6956
121204, 6956
121530, 6956
124234, 6956
129040, 6956
135019, 6956
138577, 6956
144263, 6956
150110, 6956
151326, 6956
152477, 6956
160874, 6956
165147, 6956
166058, 6956
166321, 6956
177182, 6956
177607, 6956
184202, 6956
198762, 6956
202892, 6956
208654, 6956
208959, 6956
212197, 6956
212995, 6956
219929, 6956
225388, 6956
236398, 6956
243767, 6956
245603, 6956
249099, 6956
264026, 6956
269144, 6956
269392, 6956
276055, 6956
281539, 6956
166984, 6887
26196, 6880
99769, 6880
188311, 6827
60441, 6764
29093, 6719
51360, 6719
60629, 6719
187488, 6719
4738, 6718
163913, 6588
168805, 6588
122411, 6544
141126, 6428
2081, 6420
79894, 6402
91648, 6402
103017, 6402
115531, 6402
120043, 6402
120113, 6402
120517, 6402
121970, 6402
125300, 6402
128392, 6402
129861, 6402
131960, 6402
133203, 6402
135270, 6402
138969, 6402
140134, 6402
140504, 6402
141837, 6402
141960, 6402
142384, 6402
144139, 6402
145502, 6402
145686, 6402
146713, 6402
147171, 6402
147898, 6402
148007, 6402
148952, 6402
150014, 6402
150063, 6402
150224, 6402
150452, 6402
150608, 6402
151949, 6402
152845, 6402
152975, 6402
154199, 6402
157062, 6402
158414, 6402
160742, 6402
162166, 6402
163591, 6402
164301, 6402
164789, 6402
166531, 6402
166786, 6402
166993, 6402
167599, 6402
167933, 6402
169483, 6402
169690, 6402
172311, 6402
173260, 6402
177290, 6402
179332, 6402
181012, 6402
185795, 6402
188904, 6402
188926, 6402
189464, 6402
191916, 6402
192809, 6402
193216, 6402
194308, 6402
194838, 6402
195423, 6402
199600, 6402
200569, 6402
200990, 6402
201191, 6402
202852, 6402
203089, 6402
204597, 6402
205215, 6402
205499, 6402
207737, 6402
207838, 6402
207984, 6402
208550, 6402
208607, 6402
208948, 6402
209483, 6402
210292, 6402
210952, 6402
211548, 6402
212599, 6402
212603, 6402
214751, 6402
219151, 6402
220784, 6402
221482, 6402
222509, 6402
223217, 6402
226149, 6402
228653, 6402
233368, 6402
234313, 6402
235683, 6402
236212, 6402
238323, 6402
238717, 6402
239118, 6402
239862, 6402
242370, 6402
242525, 6402
243830, 6402
244332, 6402
244454, 6402
244882, 6402
245300, 6402
246226, 6402
246421, 6402
246996, 6402
247480, 6402
248056, 6402
248433, 6402
248691, 6402
251640, 6402
254050, 6402
256052, 6402
256259, 6402
256915, 6402
258431, 6402
260708, 6402
260780, 6402
261777, 6402
265478, 6402
266207, 6402
266833, 6402
267780, 6402
270833, 6402
271075, 6402
272157, 6402
272202, 6402
277203, 6402
279122, 6402
281020, 6402
281477, 6402
282796, 6402
288035, 6402
291796, 6402
293371, 6402
294120, 6402
164727, 6400
246518, 6389
124782, 6380
206675, 6380
287751, 6380
167355, 6378
89706, 6363
97678, 6363
100378, 6363
112037, 6363
113482, 6363
114423, 6363
114852, 6363
118547, 6363
123048, 6363
134870, 6363
135313, 6363
140961, 6363
141817, 6363
142084, 6363
144210, 6363
145681, 6363
164514, 6363
173868, 6363
176249, 6363
179280, 6363
179305, 6363
183225, 6363
194774, 6363
196618, 6363
198129, 6363
199386, 6363
204523, 6363
206606, 6363
208681, 6363
208805, 6363
210939, 6363
220692, 6363
226859, 6363
227762, 6363
227784, 6363
240439, 6363
240814, 6363
249539, 6363
250612, 6363
253385, 6363
255816, 6363
256167, 6363
256169, 6363
261946, 6363
264103, 6363
270361, 6363
281031, 6363
281968, 6363
288337, 6363
288374, 6363
288704, 6363
293513, 6363
295295, 6363
295806, 6363
86895, 6345
91170, 6345
96084, 6345
99129, 6345
108939, 6345
118806, 6345
128967, 6345
132962, 6345
137703, 6345
143126, 6345
153929, 6345
154894, 6345
158349, 6345
170686, 6345
178649, 6345
194531, 6345
196044, 6345
196483, 6345
200412, 6345
205978, 6345
229731, 6345
244650, 6345
273755, 6345
283346, 6345
284563, 6345
290745, 6345
293684, 6345
8133, 6340
87580, 6334
106966, 6334
121622, 6334
147892, 6334
149445, 6334
179632, 6334
182851, 6334
191306, 6334
200359, 6334
201907, 6334
206098, 6334
210484, 6334
211006, 6334
214957, 6334
215532, 6334
216856, 6334
219641, 6334
220155, 6334
220684, 6334
222021, 6334
229124, 6334
229636, 6334
230191, 6334
233651, 6334
234331, 6334
235784, 6334
238971, 6334
240097, 6334
241899, 6334
243262, 6334
247690, 6334
250357, 6334
255016, 6334
259061, 6334
261473, 6334
264446, 6334
264692, 6334
273193, 6334
276996, 6334
278490, 6334
278608, 6334
279646, 6334
281275, 6334
282021, 6334
282542, 6334
285182, 6334
286220, 6334
286375, 6334
286814, 6334
288222, 6334
288705, 6334
290179, 6334
290288, 6334
290299, 6334
291890, 6334
295636, 6334
100944, 6308
133119, 6308
122953, 6301
125722, 6301
130387, 6301
150266, 6301
155827, 6301
157553, 6301
160977, 6301
162358, 6301
162360, 6301
168261, 6301
170123, 6301
181207, 6301
189181, 6301
199439, 6301
201736, 6301
220156, 6301
244608, 6301
252962, 6301
259637, 6301
269807, 6301
270839, 6301
283655, 6301
284930, 6301
291515, 6301
292893, 6301
294310, 6301
167963, 6297
172057, 6297
133734, 6296
139005, 6296
141159, 6296
148412, 6296
150898, 6296
160492, 6296
183417, 6296
198341, 6296
227492, 6296
230198, 6296
231503, 6296
259245, 6296
272271, 6296
282522, 6296
284394, 6296
296019, 6296
203010, 6289
206087, 6289
252295, 6289
195505, 6287
256611, 6287
232100, 6270
270733, 6270
154810, 6266
204251, 6266
127158, 6260
1591, 6249
95405, 6249
13697, 6247
211297, 6246
177311, 6223
233462, 6223
255331, 6214
80124, 6200
111993, 6200
188623, 6185
130661, 6161
135269, 6161
146998, 6161
198645, 6161
218323, 6161
233522, 6161
247278, 6161
105437, 6062
118158, 6062
158066, 6062
158695, 6062
67354, 5917
94137, 5805
64524, 5764
283370, 5689
54310, 5685
63528, 5663
101716, 5663
110593, 5663
140467, 5663
171402, 5663
241761, 5663
248758, 5663
288569, 5663
188186, 5620
142731, 5616
144369, 5616
147825, 5616
159874, 5616
160693, 5616
165569, 5616
166905, 5616
174788, 5616
179057, 5616
179416, 5616
190872, 5616
200722, 5616
202637, 5616
206241, 5616
222648, 5616
222662, 5616
232516, 5616
238497, 5616
246087, 5616
272121, 5616
215757, 5580
224820, 5580
96495, 5540
114108, 5540
136254, 5540
140570, 5540
146711, 5540
156703, 5540
159418, 5540
159490, 5540
165449, 5540
168765, 5540
172500, 5540
177257, 5540
183607, 5540
184089, 5540
190473, 5540
191230, 5540
193913, 5540
195643, 5540
199773, 5540
209468, 5540
211504, 5540
217976, 5540
224359, 5540
224728, 5540
231837, 5540
232366, 5540
238536, 5540
243072, 5540
243917, 5540
244261, 5540
254573, 5540
255105, 5540
258058, 5540
261237, 5540
281022, 5540
286791, 5540
288324, 5540
159721, 5532
188463, 5532
250861, 5532
75042, 5515
80452, 5515
99040, 5515
116685, 5515
133907, 5515
134343, 5515
172688, 5515
176581, 5515
222215, 5515
224044, 5515
224698, 5515
228797, 5515
233030, 5515
238550, 5515
242964, 5515
245648, 5515
274131, 5515
277764, 5515
287381, 5515
288898, 5515
294007, 5515
105224, 5514
118071, 5514
118949, 5514
119086, 5514
120146, 5514
128155, 5514
130100, 5514
130292, 5514
131255, 5514
133447, 5514
133627, 5514
136367, 5514
137805, 5514
138318, 5514
139618, 5514
140214, 5514
141358, 5514
142169, 5514
143417, 5514
144618, 5514
144927, 5514
146328, 5514
146846, 5514
147429, 5514
148012, 5514
149603, 5514
150564, 5514
152204, 5514
152818, 5514
153361, 5514
153593, 5514
154598, 5514
155695, 5514
156671, 5514
160506, 5514
160939, 5514
166874, 5514
167120, 5514
168096, 5514
169699, 5514
170243, 5514
171266, 5514
172305, 5514
174057, 5514
175386, 5514
176782, 5514
177144, 5514
177155, 5514
177309, 5514
177319, 5514
178106, 5514
184152, 5514
186055, 5514
187422, 5514
187655, 5514
189424, 5514
191078, 5514
192161, 5514
192275, 5514
192412, 5514
193558, 5514
194904, 5514
197770, 5514
200028, 5514
200995, 5514
202815, 5514
207561, 5514
209866, 5514
210817, 5514
213899, 5514
214430, 5514
215294, 5514
216774, 5514
218135, 5514
219014, 5514
219996, 5514
223151, 5514
223527, 5514
225080, 5514
225887, 5514
227795, 5514
229836, 5514
229976, 5514
231119, 5514
231416, 5514
231482, 5514
231708, 5514
232175, 5514
237149, 5514
237424, 5514
238879, 5514
240580, 5514
242383, 5514
243170, 5514
247759, 5514
248740, 5514
252686, 5514
252797, 5514
253458, 5514
255605, 5514
256687, 5514
257103, 5514
257252, 5514
257724, 5514
260117, 5514
263236, 5514
264177, 5514
264955, 5514
267983, 5514
268279, 5514
268780, 5514
273322, 5514
275470, 5514
277396, 5514
278596, 5514
290796, 5514
291384, 5514
294876, 5514
122958, 5513
143080, 5513
149267, 5513
150409, 5513
155665, 5513
157249, 5513
159075, 5513
163445, 5513
252827, 5513
290198, 5513
118315, 5488
142560, 5488
146670, 5488
180703, 5488
192051, 5488
193842, 5488
223512, 5488
242974, 5488
243219, 5488
254168, 5488
259040, 5488
260792, 5488
261909, 5488
272262, 5488
276390, 5488
276637, 5488
284018, 5488
284954, 5488
193407, 5469
168312, 5453
240978, 5453
243583, 5442
151966, 5436
163997, 5436
2500, 5433
115672, 5431
139532, 5431
168290, 5431
188485, 5431
219561, 5431
267743, 5431
293559, 5431
131497, 5428
145937, 5428
173379, 5428
174300, 5428
189872, 5428
195856, 5428
200488, 5428
202625, 5428
205909, 5428
208375, 5428
211497, 5428
218173, 5428
243205, 5428
263135, 5428
266370, 5428
244651, 5421
290793, 5421
114228, 5420
173829, 5420
181135, 5420
110347, 5418
124095, 5418
153872, 5418
159052, 5418
166963, 5418
173378, 5418
176022, 5418
179136, 5418
189304, 5418
195927, 5418
206605, 5418
208005, 5418
215878, 5418
221426, 5418
256361, 5418
272164, 5418
290689, 5418
796, 5399
1400, 5399
91504, 5399
94687, 5399
101219, 5399
105871, 5399
106026, 5399
108634, 5399
110511, 5399
110530, 5399
111889, 5399
112016, 5399
114294, 5399
114434, 5399
114449, 5399
114832, 5399
114876, 5399
116600, 5399
116867, 5399
116887, 5399
118877, 5399
120679, 5399
121102, 5399
122447, 5399
124629, 5399
125021, 5399
125744, 5399
126070, 5399
126365, 5399
126888, 5399
126917, 5399
127237, 5399
127271, 5399
130552, 5399
130698, 5399
132501, 5399
133459, 5399
134208, 5399
134737, 5399
135155, 5399
135364, 5399
136241, 5399
136373, 5399
136417, 5399
136621, 5399
136638, 5399
136720, 5399
136877, 5399
137624, 5399
138271, 5399
139112, 5399
140937, 5399
141651, 5399
141753, 5399
141930, 5399
141953, 5399
142301, 5399
142661, 5399
143544, 5399
143678, 5399
143876, 5399
144940, 5399
145734, 5399
145973, 5399
145980, 5399
146076, 5399
146673, 5399
146694, 5399
147879, 5399
147987, 5399
148210, 5399
148332, 5399
148627, 5399
148847, 5399
149105, 5399
149635, 5399
149946, 5399
150081, 5399
150368, 5399
150633, 5399
150717, 5399
151690, 5399
151769, 5399
152384, 5399
152407, 5399
152554, 5399
152882, 5399
153899, 5399
154004, 5399
154040, 5399
154308, 5399
154755, 5399
155246, 5399
156569, 5399
156678, 5399
156861, 5399
157222, 5399
157505, 5399
157591, 5399
157694, 5399
157866, 5399
159493, 5399
160353, 5399
160816, 5399
161139, 5399
161930, 5399
161972, 5399
162508, 5399
162591, 5399
162631, 5399
163018, 5399
163081, 5399
163090, 5399
163330, 5399
163335, 5399
164659, 5399
164837, 5399
165383, 5399
165471, 5399
165520, 5399
165902, 5399
166182, 5399
166642, 5399
167958, 5399
168065, 5399
168348, 5399
168416, 5399
169003, 5399
169485, 5399
170193, 5399
171785, 5399
172667, 5399
172762, 5399
172914, 5399
173572, 5399
173621, 5399
173774, 5399
174109, 5399
174186, 5399
174558, 5399
174729, 5399
174979, 5399
175014, 5399
175430, 5399
176171, 5399
177149, 5399
177461, 5399
178512, 5399
179143, 5399
179671, 5399
180149, 5399
180219, 5399
180449, 5399
180589, 5399
181159, 5399
181272, 5399
181867, 5399
182008, 5399
182081, 5399
182285, 5399
182388, 5399
182638, 5399
183033, 5399
183304, 5399
183370, 5399
183489, 5399
183637, 5399
183988, 5399
184967, 5399
185917, 5399
185946, 5399
186016, 5399
186345, 5399
186522, 5399
186573, 5399
186587, 5399
186628, 5399
187614, 5399
187955, 5399
188261, 5399
188686, 5399
188850, 5399
189623, 5399
190388, 5399
190479, 5399
191147, 5399
191522, 5399
191625, 5399
191635, 5399
192519, 5399
192718, 5399
193089, 5399
193782, 5399
194297, 5399
194310, 5399
194476, 5399
194627, 5399
194817, 5399
194974, 5399
195294, 5399
196294, 5399
197430, 5399
198585, 5399
198918, 5399
199072, 5399
199364, 5399
199390, 5399
200319, 5399
200939, 5399
200947, 5399
201239, 5399
201251, 5399
201763, 5399
201880, 5399
202686, 5399
202730, 5399
202755, 5399
203266, 5399
203515, 5399
203610, 5399
204123, 5399
205771, 5399
206368, 5399
206634, 5399
206773, 5399
206798, 5399
207086, 5399
207194, 5399
207444, 5399
208058, 5399
208184, 5399
208692, 5399
208741, 5399
209158, 5399
209184, 5399
210393, 5399
210538, 5399
210944, 5399
211661, 5399
211822, 5399
211883, 5399
211920, 5399
212713, 5399
213492, 5399
214377, 5399
214680, 5399
214759, 5399
215497, 5399
215675, 5399
215894, 5399
216255, 5399
216542, 5399
216593, 5399
218270, 5399
218820, 5399
219558, 5399
220060, 5399
220382, 5399
221176, 5399
221349, 5399
221401, 5399
221609, 5399
222070, 5399
222378, 5399
222395, 5399
222602, 5399
222788, 5399
222901, 5399
223249, 5399
223624, 5399
225230, 5399
225377, 5399
225675, 5399
225972, 5399
226057, 5399
226115, 5399
226422, 5399
226438, 5399
226460, 5399
226755, 5399
226784, 5399
227245, 5399
227575, 5399
228340, 5399
228786, 5399
228854, 5399
230020, 5399
230083, 5399
230159, 5399
230285, 5399
230348, 5399
230596, 5399
231076, 5399
231088, 5399
231198, 5399
231460, 5399
231613, 5399
232320, 5399
232405, 5399
232774, 5399
233157, 5399
233748, 5399
233817, 5399
234714, 5399
236670, 5399
236734, 5399
237985, 5399
238030, 5399
238123, 5399
239065, 5399
239119, 5399
239490, 5399
240505, 5399
240652, 5399
240761, 5399
241076, 5399
241980, 5399
242111, 5399
242468, 5399
242717, 5399
243162, 5399
243818, 5399
243909, 5399
243930, 5399
246821, 5399
247076, 5399
247334, 5399
247346, 5399
247886, 5399
248785, 5399
249371, 5399
249577, 5399
249669, 5399
250003, 5399
250100, 5399
250139, 5399
250197, 5399
250265, 5399
250859, 5399
251442, 5399
251894, 5399
251995, 5399
252553, 5399
253121, 5399
253135, 5399
253314, 5399
253542, 5399
253800, 5399
253912, 5399
254216, 5399
254462, 5399
254710, 5399
254941, 5399
255253, 5399
255478, 5399
255875, 5399
256032, 5399
256092, 5399
256337, 5399
256456, 5399
256766, 5399
256858, 5399
257042, 5399
257266, 5399
258130, 5399
258210, 5399
258690, 5399
259379, 5399
260056, 5399
260401, 5399
261649, 5399
261933, 5399
262011, 5399
262035, 5399
262879, 5399
263238, 5399
264714, 5399
265161, 5399
265481, 5399
265627, 5399
265724, 5399
266406, 5399
266519, 5399
266775, 5399
266876, 5399
267134, 5399
267510, 5399
267717, 5399
268056, 5399
268400, 5399
268659, 5399
268678, 5399
269014, 5399
269030, 5399
269228, 5399
269614, 5399
269743, 5399
269845, 5399
270366, 5399
270615, 5399
271191, 5399
271239, 5399
271882, 5399
272456, 5399
272737, 5399
273151, 5399
273315, 5399
273844, 5399
274277, 5399
274361, 5399
274376, 5399
275011, 5399
275371, 5399
275436, 5399
276412, 5399
276910, 5399
277303, 5399
277539, 5399
278493, 5399
279289, 5399
279583, 5399
279859, 5399
280050, 5399
280077, 5399
281156, 5399
282675, 5399
283672, 5399
283691, 5399
283698, 5399
284024, 5399
284046, 5399
284176, 5399
284197, 5399
284449, 5399
284488, 5399
284795, 5399
285035, 5399
285500, 5399
285513, 5399
285886, 5399
286083, 5399
286881, 5399
287352, 5399
287450, 5399
287759, 5399
288457, 5399
289288, 5399
289405, 5399
289487, 5399
289949, 5399
290116, 5399
290717, 5399
291072, 5399
291401, 5399
291983, 5399
291996, 5399
292106, 5399
292205, 5399
293557, 5399
293626, 5399
293831, 5399
293880, 5399
294901, 5399
294946, 5399
295367, 5399
295524, 5399
296587, 5399
96716, 5380
97140, 5380
124130, 5380
125822, 5380
126900, 5380
130645, 5380
131461, 5380
133092, 5380
133810, 5380
134998, 5380
135729, 5380
135777, 5380
136313, 5380
136907, 5380
138153, 5380
139089, 5380
141663, 5380
142793, 5380
143107, 5380
143188, 5380
144045, 5380
144049, 5380
147057, 5380
147678, 5380
149711, 5380
150033, 5380
150183, 5380
150643, 5380
150740, 5380
153227, 5380
153611, 5380
156677, 5380
157451, 5380
158099, 5380
160179, 5380
160313, 5380
161903, 5380
162065, 5380
162163, 5380
162179, 5380
164234, 5380
165001, 5380
165965, 5380
168142, 5380
169973, 5380
169976, 5380
170009, 5380
170011, 5380
170235, 5380
170875, 5380
171761, 5380
174121, 5380
174535, 5380
176855, 5380
178330, 5380
178659, 5380
179405, 5380
180685, 5380
181140, 5380
183696, 5380
185552, 5380
186047, 5380
186162, 5380
186571, 5380
187353, 5380
188574, 5380
190922, 5380
192286, 5380
192484, 5380
193649, 5380
193917, 5380
193948, 5380
194417, 5380
196026, 5380
196530, 5380
197030, 5380
197342, 5380
198185, 5380
198578, 5380
202010, 5380
202687, 5380
203045, 5380
203751, 5380
204882, 5380
206147, 5380
206511, 5380
207103, 5380
207661, 5380
208336, 5380
212334, 5380
212494, 5380
212560, 5380
213814, 5380
213911, 5380
213925, 5380
214057, 5380
215701, 5380
215914, 5380
216040, 5380
216498, 5380
216776, 5380
217345, 5380
219148, 5380
219312, 5380
220159, 5380
220896, 5380
223954, 5380
224270, 5380
224848, 5380
226682, 5380
227917, 5380
228507, 5380
229311, 5380
229344, 5380
230804, 5380
231158, 5380
233323, 5380
233456, 5380
233796, 5380
233887, 5380
234152, 5380
234156, 5380
234329, 5380
235170, 5380
235962, 5380
239085, 5380
240206, 5380
240742, 5380
242244, 5380
242342, 5380
243168, 5380
243266, 5380
244667, 5380
244957, 5380
245929, 5380
247091, 5380
247215, 5380
248872, 5380
249347, 5380
249931, 5380
250699, 5380
251044, 5380
251620, 5380
252303, 5380
252415, 5380
252466, 5380
252468, 5380
252498, 5380
253194, 5380
254118, 5380
254302, 5380
254315, 5380
254325, 5380
254643, 5380
254824, 5380
255641, 5380
255803, 5380
256016, 5380
256022, 5380
256583, 5380
256807, 5380
256818, 5380
257448, 5380
257704, 5380
257733, 5380
258585, 5380
258691, 5380
259316, 5380
260368, 5380
260633, 5380
261393, 5380
261496, 5380
261931, 5380
262365, 5380
263842, 5380
264583, 5380
266635, 5380
266931, 5380
267472, 5380
267710, 5380
268007, 5380
269102, 5380
269491, 5380
271334, 5380
271498, 5380
271687, 5380
271964, 5380
274211, 5380
274249, 5380
275923, 5380
276611, 5380
277069, 5380
277524, 5380
278553, 5380
278615, 5380
279013, 5380
279428, 5380
280136, 5380
280176, 5380
280863, 5380
281312, 5380
282022, 5380
282800, 5380
282890, 5380
283240, 5380
283432, 5380
284683, 5380
285432, 5380
285679, 5380
285845, 5380
286974, 5380
287835, 5380
289714, 5380
289801, 5380
290607, 5380
292922, 5380
292978, 5380
293162, 5380
293794, 5380
293874, 5380
294421, 5380
294541, 5380
180083, 5378
246969, 5378
276358, 5378
142020, 5369
151408, 5369
153638, 5369
177037, 5369
213716, 5369
217419, 5369
243898, 5369
249415, 5369
265829, 5369
276792, 5369
279325, 5369
282168, 5369
294098, 5369
154844, 5361
240416, 5361
166722, 5346
183212, 5346
206981, 5346
230470, 5346
242698, 5346
252875, 5346
261558, 5346
145634, 5344
226287, 5344
151277, 5342
93515, 5341
132340, 5335
142419, 5335
228063, 5335
111028, 5333
179227, 5333
225431, 5333
288917, 5333
95404, 5306
113154, 5306
152705, 5306
187138, 5306
205842, 5306
222404, 5306
242291, 5306
258267, 5306
277987, 5306
279897, 5306
285095, 5306
285191, 5306
285504, 5306
288150, 5306
159722, 5301
246189, 5301
149931, 5300
160859, 5300
278689, 5296
122550, 5291
220347, 5284
136163, 5281
175896, 5281
210290, 5281
217868, 5281
278833, 5281
285212, 5281
97867, 5277
101361, 5277
116852, 5277
139072, 5277
183999, 5277
246830, 5277
285505, 5268
159668, 5264
130376, 5246
293833, 5245
254821, 5218
130107, 5217
209301, 5159
196258, 5133
43146, 5120
51865, 5120
76448, 5120
79956, 5120
91100, 5120
94720, 5120
120210, 5120
216942, 5120
197572, 5107
222590, 5102
90693, 5088
110261, 5088
124778, 5088
280856, 5087
156575, 5065
150785, 5041
227712, 5041
159274, 5038
242578, 5038
181661, 5034
192514, 5034
228849, 5034
202638, 4983
9843, 4953
183452, 4944
169644, 4769
135097, 4718
199607, 4718
202283, 4718
154053, 4704
188056, 4704
210139, 4576
128303, 4552
81151, 4482
211597, 4303
109792, 4289
294214, 4221
6887, 4125
24278, 4125
81864, 4107
174539, 3801
73797, 3795
83147, 3795
90556, 3795
278336, 3404
65, 3290
246, 3290
536, 3290
872, 3290
1885, 3290
2709, 3290
3652, 3290
3916, 3290
3955, 3290
5752, 3290
11070, 3290
136573, 3290
163238, 3290
165291, 3290
214366, 3290
231554, 3290
267664, 3290
277685, 3290
462, 3267
532, 3267
40437, 3178
2214, 3130
6652, 3130
14733, 3130
195866, 3130
295066, 3130
1, 3122
5, 3122
18, 3122
10403, 3113
30781, 3113
18374, 3112
23629, 3112
38117, 3112
160182, 3112
3216, 3083
4732, 3083
255595, 3083
265928, 3083
222272, 3065
250350, 3065
7926, 3053
11325, 3053
12098, 3053
12489, 3053
15451, 3053
15876, 3053
19382, 3053
19907, 3053
21738, 3053
23297, 3053
24461, 3053
26016, 3053
28236, 3053
29027, 3053
29414, 3053
29625, 3053
30792, 3053
33579, 3053
34825, 3053
35872, 3053
38164, 3053
38821, 3053
39682, 3053
42252, 3053
44321, 3053
44805, 3053
45175, 3053
45217, 3053
51039, 3053
54503, 3053
56084, 3053
56643, 3053
57978, 3053
59578, 3053
62068, 3053
62158, 3053
67965, 3053
68346, 3053
70399, 3053
71836, 3053
72059, 3053
74429, 3053
75427, 3053
76185, 3053
76501, 3053
78871, 3053
81563, 3053
92826, 3053
95725, 3053
97375, 3053
102670, 3053
103514, 3053
114724, 3053
3231, 3023
4145, 3023
4693, 3023
12848, 3023
57722, 3023
213990, 3023
48618, 3016
58596, 3016
69652, 3016
74457, 3016
76537, 3016
82813, 3016
96656, 3016
9513, 2957
28279, 2957
30146, 2957
61730, 2957
164, 2938
107144, 2936
64703, 2838
75996, 2838
77109, 2838
82064, 2838
2065, 2812
59374, 2796
279863, 2765
18886, 2740
194472, 2563
249162, 2548
3112, 2446
2170, 2442
3599, 2428
265761, 2427
1156, 2415
2056, 2411
200694, 2353
123867, 2324
150466, 2324
116, 2312
120139, 2295
134860, 2295
197936, 2295
2882, 2279
5186, 2279
985, 2223
1376, 2223
1717, 2223
1779, 2223
1827, 2223
2050, 2223
2442, 2223
2451, 2223
2630, 2223
2840, 2223
2874, 2223
2910, 2223
3097, 2223
3107, 2223
3171, 2223
3288, 2223
3295, 2223
3439, 2223
3508, 2223
3540, 2223
3565, 2223
3738, 2223
3783, 2223
3872, 2223
3935, 2223
3959, 2223
4059, 2223
4158, 2223
4233, 2223
4260, 2223
4317, 2223
4345, 2223
4353, 2223
4411, 2223
4436, 2223
4522, 2223
4556, 2223
4557, 2223
4562, 2223
4611, 2223
4639, 2223
4654, 2223
4736, 2223
4771, 2223
4865, 2223
4914, 2223
4922, 2223
4932, 2223
4980, 2223
5042, 2223
5089, 2223
5114, 2223
5135, 2223
5212, 2223
5240, 2223
175168, 2221
249378, 2220
99016, 2194
139743, 2194
3749, 2149
4636, 2149
4706, 2149
5132, 2149
223188, 1996
3790, 1922
1518, 1918
204968, 1918
147133, 1902
290836, 1867
2893, 1849
9292, 1846
9377, 1832
11782, 1832
3517, 1827
4830, 1827
5429, 1827
6059, 1827
13803, 1819
14289, 1819
14590, 1819
14667, 1819
14969, 1819
15126, 1819
15444, 1819
15872, 1819
15885, 1819
16276, 1819
16343, 1819
16589, 1819
16656, 1819
16758, 1819
16789, 1819
16948, 1819
17043, 1819
5183, 1813
5970, 1813
6246, 1813
7988, 1812
11807, 1808
5544, 1805
19061, 1800
20014, 1800
81306, 1800
13271, 1798
14571, 1798
15502, 1798
15805, 1798
16935, 1798
8670, 1794
10762, 1794
12042, 1794
12829, 1794
12975, 1794
13489, 1794
13558, 1794
13939, 1794
14020, 1794
14191, 1794
14230, 1794
14282, 1794
14421, 1794
14459, 1794
14557, 1794
14621, 1794
15040, 1794
15446, 1794
15580, 1794
15662, 1794
15774, 1794
16066, 1794
16259, 1794
19247, 1793
20256, 1793
21657, 1793
8273, 1792
8584, 1792
8751, 1792
8843, 1792
8931, 1792
9854, 1792
9950, 1792
10043, 1792
10074, 1792
10090, 1792
10257, 1792
10261, 1792
10342, 1792
10383, 1792
10633, 1792
10704, 1792
10727, 1792
10782, 1792
10978, 1792
11269, 1792
11332, 1792
11579, 1792
11675, 1792
11746, 1792
12130, 1792
12427, 1792
12569, 1792
12785, 1792
13057, 1792
13141, 1792
13278, 1792
13419, 1792
13743, 1792
14018, 1792
10643, 1787
13985, 1787
7949, 1779
9102, 1779
9982, 1779
12190, 1776
13409, 1776
14137, 1776
15366, 1776
15656, 1776
15804, 1776
16492, 1776
16553, 1776
17170, 1776
17309, 1776
18552, 1776
18786, 1776
19748, 1776
20282, 1776
20382, 1776
20434, 1776
20662, 1776
20696, 1776
20998, 1776
21086, 1776
21226, 1776
21585, 1776
21782, 1776
21986, 1776
22053, 1776
15161, 1774
18567, 1774
18577, 1774
18710, 1774
19217, 1774
19279, 1774
196799, 1768
16053, 1765
18666, 1765
19690, 1765
18583, 1756
20171, 1756
20482, 1756
20964, 1756
21104, 1756
21190, 1756
21726, 1756
21816, 1756
22618, 1756
22807, 1756
22821, 1756
22839, 1756
22907, 1756
22982, 1756
23035, 1756
23130, 1756
23852, 1756
24451, 1756
24538, 1756
24610, 1756
26190, 1756
26501, 1756
32821, 1756
53475, 1756
17055, 1746
18973, 1746
19077, 1746
21191, 1746
22079, 1746
22636, 1746
22808, 1746
22914, 1746
23079, 1746
23598, 1746
24419, 1746
24444, 1746
25057, 1746
25612, 1746
26639, 1746
5917, 1739
7004, 1739
7908, 1739
8091, 1739
8182, 1739
8296, 1739
9354, 1739
9750, 1739
11897, 1739
13011, 1739
16516, 1736
20745, 1733
20243, 1732
20487, 1732
23058, 1732
257437, 1731
13770, 1727
17589, 1727
11322, 1726
7919, 1722
15980, 1720
16533, 1720
16906, 1720
16996, 1720
17156, 1720
17177, 1720
18287, 1720
18698, 1720
19257, 1695
22012, 1695
33494, 1693
18470, 1690
19713, 1690
19867, 1690
20436, 1690
20530, 1690
20860, 1690
21066, 1690
21431, 1690
21601, 1690
21758, 1690
22098, 1690
22183, 1690
22880, 1690
23641, 1690
24008, 1690
24120, 1690
24741, 1690
24922, 1690
25243, 1690
25460, 1690
25480, 1690
25508, 1690
25604, 1690
26468, 1690
27611, 1690
25988, 1689
26353, 1689
20249, 1682
14307, 1680
23109, 1680
24740, 1680
24862, 1680
26651, 1680
27120, 1680
28018, 1680
28349, 1680
28909, 1680
28958, 1680
29007, 1680
29065, 1680
31907, 1680
6423, 1677
12946, 1677
14316, 1675
18511, 1675
23721, 1675
23732, 1675
23861, 1675
24655, 1675
25200, 1675
25760, 1675
26368, 1675
26877, 1675
26901, 1675
26913, 1675
27193, 1675
27509, 1675
27999, 1675
28193, 1675
28975, 1675
29080, 1675
31322, 1675
31374, 1666
14686, 1665
16194, 1665
16337, 1665
28558, 1664
29150, 1664
31825, 1664
32475, 1664
33122, 1664
34447, 1664
26403, 1663
27913, 1663
28447, 1663
30063, 1663
30237, 1663
31025, 1663
31836, 1663
26739, 1661
28050, 1661
29443, 1661
29555, 1661
30110, 1661
30867, 1661
32015, 1661
32159, 1661
33359, 1661
33390, 1661
33629, 1661
34217, 1661
35256, 1661
35278, 1661
35328, 1661
35816, 1661
35972, 1661
36325, 1661
36444, 1661
36554, 1661
37081, 1661
37457, 1661
37577, 1661
37740, 1661
37780, 1661
37918, 1661
38321, 1661
38454, 1661
38692, 1661
41044, 1661
43978, 1661
48115, 1661
27901, 1659
28338, 1659
21460, 1658
23738, 1658
24193, 1658
24507, 1658
25054, 1658
25593, 1658
26497, 1658
26549, 1658
26666, 1658
26708, 1658
27340, 1658
27342, 1658
28060, 1658
28680, 1658
29004, 1658
29375, 1658
29714, 1658
30073, 1658
30582, 1658
30959, 1658
31214, 1658
31264, 1658
32511, 1658
34268, 1658
12616, 1652
14040, 1652
15461, 1652
114657, 1648
292191, 1648
8932, 1644
16993, 1644
24702, 1644
27876, 1644
25453, 1643
27807, 1643
28495, 1643
30086, 1643
25015, 1639
19792, 1636
22806, 1636
23775, 1636
25936, 1636
26395, 1636
27142, 1636
29653, 1636
29876, 1636
30280, 1636
34998, 1636
40187, 1635
11366, 1634
11403, 1634
19709, 1634
29954, 1633
7631, 1631
14386, 1631
15145, 1631
15384, 1631
17145, 1631
18950, 1631
19450, 1631
29139, 1630
33639, 1630
34202, 1630
34406, 1630
35058, 1630
36434, 1630
37103, 1630
37596, 1630
37681, 1630
37876, 1630
38656, 1630
39450, 1630
39859, 1630
40707, 1630
40779, 1630
40833, 1630
41033, 1630
41428, 1630
41613, 1630
43092, 1630
43594, 1630
44083, 1630
44888, 1630
46375, 1630
47295, 1630
3466, 1628
5909, 1628
29643, 1627
29896, 1627
30018, 1627
30297, 1627
30581, 1627
31191, 1627
31257, 1627
32455, 1627
34153, 1627
34233, 1627
34523, 1627
34540, 1627
35285, 1627
36124, 1627
36167, 1627
37975, 1627
38043, 1627
38446, 1627
16184, 1625
27197, 1625
27609, 1625
28169, 1625
28428, 1625
24073, 1620
29600, 1620
29743, 1620
30704, 1620
31159, 1620
31469, 1620
31774, 1620
32022, 1620
32183, 1620
32493, 1620
33144, 1620
33466, 1620
35046, 1620
35135, 1620
35450, 1620
35547, 1620
35656, 1620
36009, 1620
36091, 1620
37383, 1620
20119, 1617
20717, 1617
25638, 1617
27079, 1616
27092, 1616
28681, 1616
29312, 1616
30214, 1616
31827, 1616
32068, 1616
32139, 1616
32626, 1616
33160, 1616
33591, 1616
34019, 1616
34171, 1616
34230, 1616
35095, 1616
34281, 1612
41017, 1612
41437, 1612
44920, 1612
45942, 1612
46299, 1612
25976, 1611
24144, 1607
27966, 1605
30289, 1605
32718, 1596
36470, 1596
37163, 1596
37401, 1596
37539, 1596
38609, 1596
39735, 1596
40218, 1596
41508, 1596
41858, 1596
43018, 1596
43276, 1596
43703, 1596
45412, 1596
45746, 1596
45865, 1596
46724, 1596
47498, 1596
48489, 1596
48614, 1596
48836, 1596
48988, 1596
50378, 1596
52995, 1596
53445, 1596
55005, 1596
57707, 1596
15262, 1595
23179, 1595
24946, 1595
27115, 1595
30115, 1595
30347, 1595
30392, 1595
30466, 1595
30635, 1595
30898, 1595
31286, 1595
31474, 1595
32793, 1595
33341, 1595
34733, 1595
36684, 1595
37529, 1595
38060, 1595
40071, 1595
40546, 1595
40633, 1595
40649, 1595
40763, 1595
41274, 1595
41432, 1595
41462, 1595
41716, 1595
41906, 1595
42781, 1595
43160, 1595
44370, 1595
44773, 1595
45033, 1595
45560, 1595
45840, 1595
46179, 1595
46482, 1595
46613, 1595
47013, 1595
47307, 1595
47524, 1595
47910, 1595
48077, 1595
48153, 1595
48472, 1595
48996, 1595
49088, 1595
49107, 1595
49392, 1595
49394, 1595
49616, 1595
49839, 1595
49897, 1595
49947, 1595
50037, 1595
50176, 1595
50387, 1595
50559, 1595
51087, 1595
51091, 1595
51347, 1595
52067, 1595
52122, 1595
53120, 1595
53177, 1595
53868, 1595
55532, 1595
55844, 1595
56008, 1595
56222, 1595
58230, 1595
58289, 1595
58834, 1595
26752, 1594
21068, 1589
53001, 1585
34834, 1584
41326, 1584
42968, 1584
44381, 1584
46502, 1584
37532, 1583
42311, 1583
22262, 1582
24696, 1582
40880, 1582
44171, 1582
266392, 1581
10829, 1580
22471, 1580
23000, 1580
24380, 1580
40553, 1577
47888, 1577
49175, 1577
49686, 1577
49922, 1577
49984, 1577
51281, 1577
18322, 1576
21130, 1575
23854, 1575
38307, 1574
43415, 1574
43707, 1574
45141, 1574
45296, 1574
45459, 1574
47078, 1574
47729, 1574
48313, 1574
51081, 1574
51376, 1574
52134, 1574
54150, 1574
58399, 1574
14023, 1572
24225, 1572
38101, 1572
53579, 1572
19374, 1569
24657, 1568
30718, 1568
32161, 1568
44184, 1568
44708, 1568
44822, 1568
45592, 1568
46895, 1568
47284, 1568
47819, 1568
48336, 1568
48753, 1568
50988, 1568
52049, 1568
54869, 1568
55201, 1568
208589, 1565
41535, 1563
41943, 1563
44143, 1563
34353, 1559
37847, 1559
42443, 1559
42722, 1559
48822, 1559
29547, 1558
35240, 1558
27957, 1555
40414, 1555
42421, 1555
44338, 1555
45076, 1555
45769, 1555
45948, 1555
46416, 1555
48295, 1555
48304, 1555
49744, 1555
51264, 1555
53011, 1555
53585, 1555
37405, 1550
39431, 1550
40000, 1550
41465, 1550
42638, 1550
43449, 1550
43658, 1550
44643, 1550
45471, 1550
45530, 1550
45543, 1550
46287, 1550
47446, 1550
48556, 1550
48663, 1550
49245, 1550
49813, 1550
49888, 1550
50045, 1550
50482, 1550
54035, 1550
34871, 1548
36144, 1548
39533, 1548
39862, 1548
41695, 1548
42046, 1548
42928, 1548
43062, 1548
43736, 1548
43757, 1548
43964, 1548
44690, 1548
44933, 1548
45632, 1548
46324, 1548
47949, 1548
48272, 1548
49098, 1548
49177, 1548
49484, 1548
49617, 1548
49987, 1548
50153, 1548
50428, 1548
50845, 1548
50995, 1548
51851, 1548
52320, 1548
52381, 1548
52384, 1548
52585, 1548
52877, 1548
52993, 1548
53241, 1548
55233, 1548
55591, 1548
55675, 1548
55764, 1548
42911, 1546
45385, 1546
46086, 1546
54048, 1546
35569, 1535
43772, 1535
42300, 1534
47907, 1534
48353, 1534
70334, 1534
10660, 1527
13378, 1527
21319, 1526
22126, 1526
26452, 1526
31834, 1526
33971, 1526
281534, 1526
2596, 1524
11899, 1520
17807, 1514
18357, 1507
28914, 1506
38080, 1503
39635, 1503
39959, 1503
15318, 1502
48465, 1499
18229, 1497
46041, 1497
54800, 1497
116095, 1497
132473, 1497
145184, 1497
168074, 1497
171107, 1497
192856, 1497
207149, 1497
246576, 1497
257358, 1497
282976, 1497
28260, 1492
32478, 1492
26762, 1489
32420, 1489
36764, 1489
37645, 1489
38242, 1489
38854, 1489
38962, 1489
39141, 1489
40241, 1489
40819, 1489
43622, 1489
43867, 1489
43891, 1489
43898, 1489
44177, 1489
44192, 1489
45418, 1489
46066, 1489
46363, 1489
47419, 1489
47443, 1489
48311, 1489
48696, 1489
49406, 1489
49536, 1489
49602, 1489
50401, 1489
50813, 1489
47832, 1483
30356, 1473
42081, 1473
49767, 1473
29359, 1470
32196, 1466
43768, 1466
32623, 1463
39509, 1463
39831, 1463
39981, 1463
40966, 1463
41493, 1463
42089, 1463
42523, 1463
43439, 1463
44455, 1463
45265, 1463
45709, 1463
47413, 1463
47681, 1463
50561, 1463
40166, 1462
45587, 1460
33726, 1454
42642, 1454
25290, 1444
31423, 1444
32699, 1444
34129, 1444
34468, 1444
37897, 1444
38292, 1444
39185, 1444
40978, 1444
41355, 1444
42417, 1444
42760, 1444
43630, 1444
43853, 1444
44199, 1444
44628, 1444
44703, 1444
44893, 1444
45853, 1444
46399, 1444
47485, 1444
48104, 1444
48750, 1444
29494, 1442
30338, 1442
31777, 1442
32612, 1442
33343, 1442
33762, 1442
34044, 1442
34822, 1442
35092, 1442
37723, 1442
39788, 1442
39885, 1442
39939, 1442
41631, 1442
41896, 1442
43432, 1442
44052, 1442
45919, 1442
46371, 1442
46496, 1442
46788, 1442
48071, 1442
48724, 1442
50333, 1442
50563, 1442
50676, 1442
52237, 1442
40641, 1439
36359, 1438
37232, 1438
37426, 1438
37806, 1438
143517, 1433
259155, 1433
31365, 1422
33347, 1422
33575, 1422
33955, 1422
34972, 1422
35425, 1422
36758, 1422
36806, 1422
37901, 1422
38544, 1422
39715, 1422
39731, 1422
40120, 1422
40202, 1422
40455, 1422
41344, 1422
41567, 1422
41657, 1422
43763, 1422
49528, 1422
39784, 1416
34582, 1414
38070, 1414
38469, 1414
42802, 1414
44123, 1414
25486, 1411
351, 1403
355, 1403
269, 1400
140, 1396
218, 1396
253, 1396
314, 1396
448, 1390
479, 1390
513, 1390
517, 1390
561, 1385
124, 1364
146, 1364
45346, 1353
45809, 1353
108926, 1353
110680, 1353
121066, 1353
135482, 1353
267781, 1353
76419, 1351
83183, 1351
99085, 1351
118207, 1346
125915, 1346
175637, 1346
221574, 1346
230117, 1346
235670, 1346
252635, 1346
287978, 1346
288835, 1346
51837, 1334
57249, 1334
73436, 1334
104, 1333
117, 1333
122, 1333
139, 1333
42424, 1331
43457, 1331
44794, 1331
54473, 1329
60381, 1329
114980, 1329
115172, 1329
262, 1310
136407, 1300
143, 1299
168, 1299
223, 1299
43138, 1295
43975, 1295
54559, 1295
278680, 1277
1551, 1274
1733, 1274
2027, 1274
2034, 1274
1778, 1271
28477, 1263
38851, 1263
53873, 1263
54192, 1263
64128, 1263
79607, 1263
1706, 1255
1642, 1245
7312, 1218
99309, 1218
211900, 1218
137457, 1142
1820, 1127
8326, 1119
21323, 1119
22795, 1119
24992, 1119
25278, 1119
38634, 1119
110281, 1119
50289, 1112
55506, 1112
67440, 1112
68869, 1112
69256, 1112
100297, 1112
101099, 1112
105778, 1112
108820, 1112
120350, 1112
127816, 1112
138618, 1112
153556, 1112
175120, 1112
185872, 1112
200796, 1112
205410, 1112
217270, 1112
225422, 1112
225606, 1112
227349, 1112
235861, 1112
260159, 1112
268958, 1112
283051, 1112
289827, 1112
295047, 1112
11998, 1110
681, 1104
1294, 1104
1690, 1092
824, 1079
1793, 1079
2426, 1079
2718, 1069
132335, 1031
343, 1022
