151966, 55841
163997, 55841
132340, 55783
142419, 55783
228063, 55783
796, 55782
1400, 55782
91504, 55782
94687, 55782
101219, 55782
105871, 55782
106026, 55782
108634, 55782
110511, 55782
110530, 55782
111889, 55782
112016, 55782
114294, 55782
114434, 55782
114449, 55782
114832, 55782
114876, 55782
116600, 55782
116867, 55782
116887, 55782
118877, 55782
120679, 55782
121102, 55782
122447, 55782
124629, 55782
125021, 55782
125744, 55782
126070, 55782
126365, 55782
126888, 55782
126917, 55782
127237, 55782
127271, 55782
130552, 55782
130698, 55782
132501, 55782
133459, 55782
134208, 55782
134737, 55782
135155, 55782
135364, 55782
136241, 55782
136373, 55782
136417, 55782
136621, 55782
136638, 55782
136720, 55782
136877, 55782
137624, 55782
138271, 55782
139112, 55782
140937, 55782
141651, 55782
141753, 55782
141930, 55782
141953, 55782
142301, 55782
142661, 55782
143544, 55782
143678, 55782
143876, 55782
144940, 55782
145734, 55782
145973, 55782
145980, 55782
146076, 55782
146673, 55782
146694, 55782
147879, 55782
147987, 55782
148210, 55782
148332, 55782
148627, 55782
148847, 55782
149105, 55782
149635, 55782
149946, 55782
150081, 55782
150368, 55782
150633, 55782
150717, 55782
151690, 55782
151769, 55782
152384, 55782
152407, 55782
152554, 55782
152882, 55782
153899, 55782
154004, 55782
154040, 55782
154308, 55782
154755, 55782
155246, 55782
156569, 55782
156678, 55782
156861, 55782
157222, 55782
157505, 55782
157591, 55782
157694, 55782
157866, 55782
159493, 55782
160353, 55782
160816, 55782
161139, 55782
161930, 55782
161972, 55782
162508, 55782
162591, 55782
162631, 55782
163018, 55782
163081, 55782
163090, 55782
163330, 55782
163335, 55782
164659, 55782
164837, 55782
165383, 55782
165471, 55782
165520, 55782
165902, 55782
166182, 55782
166642, 55782
167958, 55782
168065, 55782
168348, 55782
168416, 55782
169003, 55782
169485, 55782
170193, 55782
171785, 55782
172667, 55782
172762, 55782
172914, 55782
173572, 55782
173621, 55782
173774, 55782
174109, 55782
174186, 55782
174558, 55782
174729, 55782
174979, 55782
175014, 55782
175430, 55782
176171, 55782
177149, 55782
177461, 55782
178512, 55782
179143, 55782
179671, 55782
180149, 55782
180219, 55782
180449, 55782
180589, 55782
181159, 55782
181272, 55782
181867, 55782
182008, 55782
182081, 55782
182285, 55782
182388, 55782
182638, 55782
183033, 55782
183304, 55782
183370, 55782
183489, 55782
183637, 55782
183988, 55782
184967, 55782
185917, 55782
185946, 55782
186016, 55782
186345, 55782
186522, 55782
186573, 55782
186587, 55782
186628, 55782
187614, 55782
187955, 55782
188261, 55782
188686, 55782
188850, 55782
189623, 55782
190388, 55782
190479, 55782
191147, 55782
191522, 55782
191625, 55782
191635, 55782
192519, 55782
192718, 55782
193089, 55782
193782, 55782
194297, 55782
194310, 55782
194476, 55782
194627, 55782
194817, 55782
194974, 55782
195294, 55782
196294, 55782
197430, 55782
198585, 55782
198918, 55782
199072, 55782
199364, 55782
199390, 55782
200319, 55782
200939, 55782
200947, 55782
201239, 55782
201251, 55782
201763, 55782
201880, 55782
202686, 55782
202730, 55782
202755, 55782
203266, 55782
203515, 55782
203610, 55782
204123, 55782
205771, 55782
206368, 55782
206634, 55782
206773, 55782
206798, 55782
207086, 55782
207194, 55782
207444, 55782
208058, 55782
208184, 55782
208692, 55782
208741, 55782
209158, 55782
209184, 55782
210393, 55782
210538, 55782
210944, 55782
211661, 55782
211822, 55782
211883, 55782
211920, 55782
212713, 55782
213492, 55782
214377, 55782
214680, 55782
214759, 55782
215497, 55782
215675, 55782
215894, 55782
216255, 55782
216542, 55782
216593, 55782
218270, 55782
218820, 55782
219558, 55782
220060, 55782
220382, 55782
221176, 55782
221349, 55782
221401, 55782
221609, 55782
222070, 55782
222378, 55782
222395, 55782
222602, 55782
222788, 55782
222901, 55782
223249, 55782
223624, 55782
225230, 55782
225377, 55782
225675, 55782
225972, 55782
226057, 55782
226115, 55782
226422, 55782
226438, 55782
226460, 55782
226755, 55782
226784, 55782
227245, 55782
227575, 55782
228340, 55782
228786, 55782
228854, 55782
230020, 55782
230083, 55782
230159, 55782
230285, 55782
230348, 55782
230596, 55782
231076, 55782
231088, 55782
231198, 55782
231460, 55782
231613, 55782
232320, 55782
232405, 55782
232774, 55782
233157, 55782
233748, 55782
233817, 55782
234714, 55782
236670, 55782
236734, 55782
237985, 55782
238030, 55782
238123, 55782
239065, 55782
239119, 55782
239490, 55782
240505, 55782
240652, 55782
240761, 55782
241076, 55782
241980, 55782
242111, 55782
242468, 55782
242717, 55782
243162, 55782
243818, 55782
243909, 55782
243930, 55782
246821, 55782
247076, 55782
247334, 55782
247346, 55782
247886, 55782
248785, 55782
249371, 55782
249577, 55782
249669, 55782
250003, 55782
250100, 55782
250139, 55782
250197, 55782
250265, 55782
250859, 55782
251442, 55782
251894, 55782
251995, 55782
252553, 55782
253121, 55782
253135, 55782
253314, 55782
253542, 55782
253800, 55782
253912, 55782
254216, 55782
254462, 55782
254710, 55782
254941, 55782
255253, 55782
255478, 55782
255875, 55782
256032, 55782
256092, 55782
256337, 55782
256456, 55782
256766, 55782
256858, 55782
257042, 55782
257266, 55782
258130, 55782
258210, 55782
258690, 55782
259379, 55782
260056, 55782
260401, 55782
261649, 55782
261933, 55782
262011, 55782
262035, 55782
262879, 55782
263238, 55782
264714, 55782
265161, 55782
265481, 55782
265627, 55782
265724, 55782
266406, 55782
266519, 55782
266775, 55782
266876, 55782
267134, 55782
267510, 55782
267717, 55782
268056, 55782
268400, 55782
268659, 55782
268678, 55782
269014, 55782
269030, 55782
269228, 55782
269614, 55782
269743, 55782
269845, 55782
270366, 55782
270615, 55782
271191, 55782
271239, 55782
271882, 55782
272456, 55782
272737, 55782
273151, 55782
273315, 55782
273844, 55782
274277, 55782
274361, 55782
274376, 55782
275011, 55782
275371, 55782
275436, 55782
276412, 55782
276910, 55782
277303, 55782
277539, 55782
278493, 55782
279289, 55782
279583, 55782
279859, 55782
280050, 55782
280077, 55782
281156, 55782
282675, 55782
283672, 55782
283691, 55782
283698, 55782
284024, 55782
284046, 55782
284176, 55782
284197, 55782
284449, 55782
284488, 55782
284795, 55782
285035, 55782
285500, 55782
285513, 55782
285886, 55782
286083, 55782
286881, 55782
287352, 55782
287450, 55782
287759, 55782
288457, 55782
289288, 55782
289405, 55782
289487, 55782
289949, 55782
290116, 55782
290717, 55782
291072, 55782
291401, 55782
291983, 55782
291996, 55782
292106, 55782
292205, 55782
293557, 55782
293626, 55782
293831, 55782
293880, 55782
294901, 55782
294946, 55782
295367, 55782
295524, 55782
296587, 55782
95404, 55680
113154, 55680
152705, 55680
187138, 55680
205842, 55680
222404, 55680
242291, 55680
258267, 55680
277987, 55680
279897, 55680
285095, 55680
285191, 55680
285504, 55680
288150, 55680
149931, 55637
160859, 55637
244651, 55608
290793, 55608
96716, 55483
97140, 55483
124130, 55483
125822, 55483
126900, 55483
130645, 55483
131461, 55483
133092, 55483
133810, 55483
134998, 55483
135729, 55483
135777, 55483
136313, 55483
136907, 55483
138153, 55483
139089, 55483
141663, 55483
142793, 55483
143107, 55483
143188, 55483
144045, 55483
144049, 55483
147057, 55483
147678, 55483
149711, 55483
150033, 55483
150183, 55483
150643, 55483
150740, 55483
153227, 55483
153611, 55483
156677, 55483
157451, 55483
158099, 55483
160179, 55483
160313, 55483
161903, 55483
162065, 55483
162163, 55483
162179, 55483
164234, 55483
165001, 55483
165965, 55483
168142, 55483
169973, 55483
169976, 55483
170009, 55483
170011, 55483
170235, 55483
170875, 55483
171761, 55483
174121, 55483
174535, 55483
176855, 55483
178330, 55483
178659, 55483
179405, 55483
180685, 55483
181140, 55483
183696, 55483
185552, 55483
186047, 55483
186162, 55483
186571, 55483
187353, 55483
188574, 55483
190922, 55483
192286, 55483
192484, 55483
193649, 55483
193917, 55483
193948, 55483
194417, 55483
196026, 55483
196530, 55483
197030, 55483
197342, 55483
198185, 55483
198578, 55483
202010, 55483
202687, 55483
203045, 55483
203751, 55483
204882, 55483
206147, 55483
206511, 55483
207103, 55483
207661, 55483
208336, 55483
212334, 55483
212494, 55483
212560, 55483
213814, 55483
213911, 55483
213925, 55483
214057, 55483
215701, 55483
215914, 55483
216040, 55483
216498, 55483
216776, 55483
217345, 55483
219148, 55483
219312, 55483
220159, 55483
220896, 55483
223954, 55483
224270, 55483
224848, 55483
226682, 55483
227917, 55483
228507, 55483
229311, 55483
229344, 55483
230804, 55483
231158, 55483
233323, 55483
233456, 55483
233796, 55483
233887, 55483
234152, 55483
234156, 55483
234329, 55483
235170, 55483
235962, 55483
239085, 55483
240206, 55483
240742, 55483
242244, 55483
242342, 55483
243168, 55483
243266, 55483
244667, 55483
244957, 55483
245929, 55483
247091, 55483
247215, 55483
248872, 55483
249347, 55483
249931, 55483
250699, 55483
251044, 55483
251620, 55483
252303, 55483
252415, 55483
252466, 55483
252468, 55483
252498, 55483
253194, 55483
254118, 55483
254302, 55483
254315, 55483
254325, 55483
254643, 55483
254824, 55483
255641, 55483
255803, 55483
256016, 55483
256022, 55483
256583, 55483
256807, 55483
256818, 55483
257448, 55483
257704, 55483
257733, 55483
258585, 55483
258691, 55483
259316, 55483
260368, 55483
260633, 55483
261393, 55483
261496, 55483
261931, 55483
262365, 55483
263842, 55483
264583, 55483
266635, 55483
266931, 55483
267472, 55483
267710, 55483
268007, 55483
269102, 55483
269491, 55483
271334, 55483
271498, 55483
271687, 55483
271964, 55483
274211, 55483
274249, 55483
275923, 55483
276611, 55483
277069, 55483
277524, 55483
278553, 55483
278615, 55483
279013, 55483
279428, 55483
280136, 55483
280176, 55483
280863, 55483
281312, 55483
282022, 55483
282800, 55483
282890, 55483
283240, 55483
283432, 55483
284683, 55483
285432, 55483
285679, 55483
285845, 55483
286974, 55483
287835, 55483
289714, 55483
289801, 55483
290607, 55483
292922, 55483
292978, 55483
293162, 55483
293794, 55483
293874, 55483
294421, 55483
294541, 55483
243583, 54925
111028, 54892
179227, 54892
225431, 54892
288917, 54892
166722, 54785
183212, 54785
206981, 54785
230470, 54785
242698, 54785
252875, 54785
261558, 54785
293833, 54558
159668, 54225
79894, 54162
91648, 54162
103017, 54162
115531, 54162
120043, 54162
120113, 54162
120517, 54162
121970, 54162
125300, 54162
128392, 54162
129861, 54162
131960, 54162
133203, 54162
135270, 54162
138969, 54162
140134, 54162
140504, 54162
141837, 54162
141960, 54162
142384, 54162
144139, 54162
145502, 54162
145686, 54162
146713, 54162
147171, 54162
147898, 54162
148007, 54162
148952, 54162
150014, 54162
150063, 54162
150224, 54162
150452, 54162
150608, 54162
151949, 54162
152845, 54162
152975, 54162
154199, 54162
157062, 54162
158414, 54162
160742, 54162
162166, 54162
163591, 54162
164301, 54162
164789, 54162
166531, 54162
166786, 54162
166993, 54162
167599, 54162
167933, 54162
169483, 54162
169690, 54162
172311, 54162
173260, 54162
177290, 54162
179332, 54162
181012, 54162
185795, 54162
188904, 54162
188926, 54162
189464, 54162
191916, 54162
192809, 54162
193216, 54162
194308, 54162
194838, 54162
195423, 54162
199600, 54162
200569, 54162
200990, 54162
201191, 54162
202852, 54162
203089, 54162
204597, 54162
205215, 54162
205499, 54162
207737, 54162
207838, 54162
207984, 54162
208550, 54162
208607, 54162
208948, 54162
209483, 54162
210292, 54162
210952, 54162
211548, 54162
212599, 54162
212603, 54162
214751, 54162
219151, 54162
220784, 54162
221482, 54162
222509, 54162
223217, 54162
226149, 54162
228653, 54162
233368, 54162
234313, 54162
235683, 54162
236212, 54162
238323, 54162
238717, 54162
239118, 54162
239862, 54162
242370, 54162
242525, 54162
243830, 54162
244332, 54162
244454, 54162
244882, 54162
245300, 54162
246226, 54162
246421, 54162
246996, 54162
247480, 54162
248056, 54162
248433, 54162
248691, 54162
251640, 54162
254050, 54162
256052, 54162
256259, 54162
256915, 54162
258431, 54162
260708, 54162
260780, 54162
261777, 54162
265478, 54162
266207, 54162
266833, 54162
267780, 54162
270833, 54162
271075, 54162
272157, 54162
272202, 54162
277203, 54162
279122, 54162
281020, 54162
281477, 54162
282796, 54162
288035, 54162
291796, 54162
293371, 54162
294120, 54162
87580, 54029
106966, 54029
121622, 54029
147892, 54029
149445, 54029
179632, 54029
182851, 54029
191306, 54029
200359, 54029
201907, 54029
206098, 54029
210484, 54029
211006, 54029
214957, 54029
215532, 54029
216856, 54029
219641, 54029
220155, 54029
220684, 54029
222021, 54029
229124, 54029
229636, 54029
230191, 54029
233651, 54029
234331, 54029
235784, 54029
238971, 54029
240097, 54029
241899, 54029
243262, 54029
247690, 54029
250357, 54029
255016, 54029
259061, 54029
261473, 54029
264446, 54029
264692, 54029
273193, 54029
276996, 54029
278490, 54029
278608, 54029
279646, 54029
281275, 54029
282021, 54029
282542, 54029
285182, 54029
286220, 54029
286375, 54029
286814, 54029
288222, 54029
288705, 54029
290179, 54029
290288, 54029
290299, 54029
291890, 54029
295636, 54029
142020, 53845
151408, 53845
153638, 53845
177037, 53845
217419, 53845
243898, 53845
249415, 53845
265829, 53845
276792, 53845
279325, 53845
282168, 53845
294098, 53845
220347, 53771
136163, 53698
175896, 53698
210290, 53698
217868, 53698
278833, 53698
285212, 53698
159722, 53612
246189, 53612
141126, 53477
89706, 53337
97678, 53337
100378, 53337
112037, 53337
113482, 53337
114423, 53337
114852, 53337
118547, 53337
123048, 53337
134870, 53337
135313, 53337
140961, 53337
141817, 53337
142084, 53337
144210, 53337
145681, 53337
164514, 53337
173868, 53337
176249, 53337
179280, 53337
179305, 53337
183225, 53337
194774, 53337
196618, 53337
198129, 53337
199386, 53337
204523, 53337
206606, 53337
208681, 53337
208805, 53337
210939, 53337
220692, 53337
226859, 53337
227762, 53337
227784, 53337
240439, 53337
240814, 53337
249539, 53337
250612, 53337
253385, 53337
255816, 53337
256167, 53337
256169, 53337
261946, 53337
264103, 53337
270361, 53337
281031, 53337
281968, 53337
288337, 53337
288374, 53337
288704, 53337
293513, 53337
295295, 53337
295806, 53337
122958, 53264
143080, 53264
149267, 53264
150409, 53264
155665, 53264
157249, 53264
159075, 53264
163445, 53264
252827, 53264
290198, 53264
159721, 53238
188463, 53238
250861, 53238
105224, 53037
118071, 53037
118949, 53037
119086, 53037
120146, 53037
128155, 53037
130100, 53037
130292, 53037
131255, 53037
133447, 53037
133627, 53037
136367, 53037
137805, 53037
138318, 53037
139618, 53037
140214, 53037
141358, 53037
142169, 53037
143417, 53037
144618, 53037
144927, 53037
146328, 53037
146846, 53037
147429, 53037
148012, 53037
149603, 53037
150564, 53037
152204, 53037
152818, 53037
153361, 53037
153593, 53037
154598, 53037
155695, 53037
156671, 53037
160506, 53037
160939, 53037
166874, 53037
167120, 53037
168096, 53037
169699, 53037
170243, 53037
171266, 53037
172305, 53037
174057, 53037
175386, 53037
176782, 53037
177144, 53037
177155, 53037
177309, 53037
177319, 53037
178106, 53037
184152, 53037
186055, 53037
187422, 53037
187655, 53037
189424, 53037
191078, 53037
192161, 53037
192275, 53037
192412, 53037
193558, 53037
194904, 53037
197770, 53037
200028, 53037
200995, 53037
202815, 53037
207561, 53037
209866, 53037
210817, 53037
213899, 53037
214430, 53037
215294, 53037
216774, 53037
218135, 53037
219014, 53037
219996, 53037
223151, 53037
223527, 53037
225080, 53037
225887, 53037
227795, 53037
229836, 53037
229976, 53037
231119, 53037
231416, 53037
231482, 53037
231708, 53037
232175, 53037
237149, 53037
237424, 53037
238879, 53037
240580, 53037
242383, 53037
243170, 53037
247759, 53037
248740, 53037
252686, 53037
252797, 53037
253458, 53037
255605, 53037
256687, 53037
257103, 53037
257252, 53037
257724, 53037
260117, 53037
263236, 53037
264177, 53037
264955, 53037
267983, 53037
268279, 53037
268780, 53037
273322, 53037
275470, 53037
277396, 53037
278596, 53037
290796, 53037
291384, 53037
294876, 53037
96495, 53011
114108, 53011
136254, 53011
140570, 53011
146711, 53011
156703, 53011
159418, 53011
159490, 53011
165449, 53011
168765, 53011
172500, 53011
177257, 53011
183607, 53011
184089, 53011
190473, 53011
191230, 53011
193913, 53011
195643, 53011
199773, 53011
209468, 53011
211504, 53011
217976, 53011
224359, 53011
224728, 53011
231837, 53011
232366, 53011
238536, 53011
243072, 53011
243917, 53011
244261, 53011
254573, 53011
255105, 53011
258058, 53011
261237, 53011
281022, 53011
286791, 53011
288324, 53011
167963, 52995
172057, 52995
159274, 52722
242578, 52722
114228, 52332
173829, 52332
181135, 52332
86895, 52327
91170, 52327
99129, 52327
108939, 52327
118806, 52327
132962, 52327
143126, 52327
153929, 52327
178649, 52327
205978, 52327
229731, 52327
283346, 52327
284563, 52327
290745, 52327
115672, 52231
168290, 52231
183452, 51962
139532, 51556
188485, 51556
219561, 51556
267743, 51556
293559, 51556
131497, 51319
145937, 51319
173379, 51319
174300, 51319
189872, 51319
195856, 51319
200488, 51319
202625, 51319
205909, 51319
208375, 51319
211497, 51319
218173, 51319
243205, 51319
263135, 51319
266370, 51319
181661, 50917
192514, 50917
228849, 50917
128303, 50711
213716, 50688
118315, 50645
142560, 50645
146670, 50645
180703, 50645
192051, 50645
193842, 50645
223512, 50645
242974, 50645
243219, 50645
254168, 50645
259040, 50645
260792, 50645
261909, 50645
272262, 50645
276390, 50645
276637, 50645
284018, 50645
284954, 50645
195505, 50164
256611, 50164
164727, 50062
154810, 49789
204251, 49789
177311, 49543
233462, 49543
211597, 49517
254821, 49448
151277, 49268
122953, 49246
125722, 49246
130387, 49246
150266, 49246
155827, 49246
157553, 49246
160977, 49246
162358, 49246
162360, 49246
168261, 49246
170123, 49246
181207, 49246
189181, 49246
199439, 49246
201736, 49246
220156, 49246
244608, 49246
252962, 49246
259637, 49246
269807, 49246
270839, 49246
283655, 49246
284930, 49246
291515, 49246
292893, 49246
294310, 49246
211297, 49212
180083, 49144
246969, 49144
276358, 49144
232100, 49013
270733, 49013
122550, 48910
133734, 48673
139005, 48673
141159, 48673
148412, 48673
150898, 48673
160492, 48673
183417, 48673
198341, 48673
227492, 48673
230198, 48673
231503, 48673
259245, 48673
272271, 48673
282522, 48673
284394, 48673
296019, 48673
215757, 48210
224820, 48210
142731, 48059
144369, 48059
147825, 48059
159874, 48059
160693, 48059
165569, 48059
166905, 48059
174788, 48059
179057, 48059
179416, 48059
190872, 48059
200722, 48059
202637, 48059
206241, 48059
222648, 48059
222662, 48059
232516, 48059
238497, 48059
246087, 48059
272121, 48059
188623, 47403
209301, 47360
100944, 47107
133119, 47107
197572, 47048
202638, 46898
96084, 46764
128967, 46764
137703, 46764
154894, 46764
158349, 46764
170686, 46764
194531, 46764
196044, 46764
196483, 46764
200412, 46764
244650, 46764
273755, 46764
293684, 46764
168312, 46725
240978, 46725
150785, 46514
227712, 46514
154844, 46512
240416, 46512
156575, 46042
174539, 45221
203010, 45143
206087, 45143
252295, 45143
109792, 43991
278689, 43742
169644, 43608
154053, 42824
188056, 42824
135097, 41883
199607, 41883
202283, 41883
249746, 41727
210139, 39412
141213, 37604
130661, 36569
135269, 36569
146998, 36569
198645, 36569
218323, 36569
233522, 36569
247278, 36569
255331, 36295
145634, 35667
226287, 35667
94137, 32003
130376, 31115
89137, 30753
278336, 29425
166456, 28128
198600, 25604
228105, 25604
252489, 25604
196258, 23314
222272, 23170
250350, 23170
184543, 21399
283370, 21338
247029, 21210
178996, 21040
226647, 20765
206578, 20430
264326, 20430
281125, 20430
282566, 20430
294973, 20430
223245, 20085
16944, 19985
91467, 19985
4738, 19842
23043, 19756
144992, 19756
212, 19734
14185, 19734
31400, 19734
48154, 19734
54282, 19734
88294, 19734
93018, 19734
106840, 19734
117464, 19734
193473, 19734
197422, 19734
221139, 19734
252603, 19734
254786, 19734
278931, 19734
60441, 19488
120244, 19451
259593, 19407
197117, 19363
198354, 19169
249736, 19169
6218, 19137
8095, 19137
23697, 19137
33232, 19137
36818, 19137
41652, 19137
43807, 19137
44997, 19137
47915, 19137
54229, 19137
64055, 19137
66097, 19137
66478, 19137
66634, 19137
69739, 19137
78258, 19137
78648, 19137
84053, 19137
90833, 19137
104372, 19137
105309, 19137
112522, 19137
114536, 19137
115046, 19137
119075, 19137
119976, 19137
127903, 19137
128615, 19137
137441, 19137
150829, 19137
152756, 19137
153284, 19137
153738, 19137
178558, 19137
182155, 19137
185471, 19137
200062, 19137
200393, 19137
202972, 19137
212565, 19137
239245, 19137
243336, 19137
259311, 19137
259951, 19137
267421, 19137
269136, 19137
272850, 19137
274778, 19137
3402, 18929
2081, 18740
10013, 18736
15354, 18736
113453, 18736
115817, 18736
212627, 18736
8133, 18682
166984, 18517
111652, 18304
18996, 18241
16129, 18113
23897, 18113
28831, 18113
75076, 18113
81358, 18113
92270, 18113
112949, 18113
119081, 18113
163720, 18113
12318, 18053
46458, 18053
66535, 18053
98132, 18053
109122, 18053
117274, 18053
141143, 18053
167781, 18053
184185, 18053
199404, 18053
236169, 18053
237190, 18053
256425, 18053
267246, 18000
127158, 17979
8045, 17875
23319, 17747
50087, 17747
58243, 17747
116595, 17747
146325, 17747
12067, 17725
57015, 17725
84408, 17725
85523, 17725
91232, 17725
98473, 17725
111763, 17725
148818, 17725
271756, 17595
21559, 17539
23215, 17539
6083, 17482
66696, 17482
261313, 17330
6226, 17304
10646, 17304
30764, 17304
33657, 17304
41085, 17304
43339, 17304
47458, 17304
54057, 17304
58163, 17304
99508, 17304
55033, 17231
65472, 17231
112802, 17231
113887, 17231
15852, 17195
22778, 17195
23413, 17195
31629, 17195
33636, 17195
35491, 17195
39879, 17195
44064, 17195
47454, 17195
37640, 17193
123463, 17193
3010, 17140
12746, 17123
13168, 17123
18630, 17123
127130, 17123
166742, 17123
212298, 17123
37308, 17106
56939, 17106
71568, 17106
12092, 17044
43368, 17044
47693, 17044
49234, 17044
60436, 17044
88509, 17044
91276, 17044
102509, 17044
112079, 17044
127761, 17044
128831, 17044
139341, 17044
160303, 17044
160658, 17044
166335, 17044
187601, 17044
188141, 17044
194432, 17044
194962, 17044
196055, 17044
198022, 17044
203949, 17044
222326, 17044
223791, 17044
250590, 17044
22372, 17032
31148, 17032
155209, 17032
193104, 17032
211186, 17032
221998, 17032
231342, 17032
246924, 17032
253375, 17032
200179, 17028
15188, 16994
27067, 16994
51397, 16994
59583, 16994
69708, 16994
76077, 16994
181798, 16994
222194, 16994
86815, 16991
154358, 16991
163303, 16991
203890, 16991
8012, 16963
8836, 16963
12809, 16963
13021, 16963
121299, 16963
123559, 16963
208907, 16956
20124, 16953
28068, 16953
82136, 16953
17637, 16948
22723, 16948
24283, 16948
170237, 16948
173843, 16948
230022, 16948
5804, 16933
6840, 16933
200162, 16933
277142, 16933
285144, 16933
7698, 16926
24434, 16903
27432, 16903
28627, 16903
49542, 16903
50862, 16903
83278, 16903
104958, 16903
105397, 16903
14234, 16887
295772, 16887
90519, 16858
123057, 16858
127650, 16858
182528, 16858
4513, 16812
170483, 16793
15367, 16787
18671, 16787
20040, 16787
30617, 16787
164851, 16787
152546, 16775
26948, 16772
64457, 16772
65082, 16772
86199, 16772
103997, 16772
113483, 16772
161459, 16772
6189, 16747
8765, 16747
13172, 16747
32382, 16747
41860, 16747
52025, 16747
52592, 16747
60445, 16747
69801, 16747
70201, 16747
92280, 16747
102094, 16747
103220, 16747
107978, 16747
110022, 16747
119700, 16747
123913, 16747
126896, 16747
144534, 16747
148462, 16747
154367, 16747
163986, 16747
169953, 16747
194615, 16747
196160, 16747
196653, 16747
200022, 16747
228223, 16747
237000, 16747
238091, 16747
238350, 16747
248213, 16747
248894, 16747
248924, 16747
251779, 16747
255593, 16747
256954, 16747
267497, 16747
269617, 16747
272045, 16747
272753, 16747
280022, 16747
289604, 16747
290789, 16747
98591, 16734
81151, 16705
245258, 16689
4026, 16664
4409, 16664
124996, 16664
134906, 16664
138921, 16664
155621, 16664
173094, 16664
215930, 16664
278577, 16664
21806, 16657
273150, 16657
151439, 16573
124782, 16566
206675, 16566
287751, 16566
14755, 16563
14892, 16563
20827, 16563
28840, 16563
4587, 16547
11218, 16547
127136, 16547
144005, 16547
168512, 16547
63974, 16541
99106, 16541
107545, 16541
204167, 16541
257759, 16541
262615, 16541
273854, 16541
288981, 16541
293041, 16541
7638, 16533
9046, 16533
12469, 16533
16802, 16533
16804, 16533
24526, 16533
24852, 16533
25671, 16533
48228, 16533
62871, 16533
64681, 16533
79651, 16533
83798, 16533
95524, 16533
98692, 16533
99941, 16533
109071, 16533
114404, 16533
116587, 16533
117636, 16533
118533, 16533
119527, 16533
119811, 16533
121204, 16533
121530, 16533
124234, 16533
129040, 16533
135019, 16533
138577, 16533
144263, 16533
150110, 16533
151326, 16533
152477, 16533
160874, 16533
165147, 16533
166058, 16533
166321, 16533
177182, 16533
177607, 16533
184202, 16533
198762, 16533
202892, 16533
208654, 16533
208959, 16533
212197, 16533
212995, 16533
219929, 16533
225388, 16533
236398, 16533
243767, 16533
245603, 16533
249099, 16533
264026, 16533
269144, 16533
269392, 16533
276055, 16533
281539, 16533
14567, 16456
101216, 16456
126351, 16456
150861, 16404
172865, 16404
224190, 16404
15204, 16396
17251, 16396
22515, 16396
24473, 16396
37729, 16396
37944, 16396
47265, 16396
47517, 16396
48697, 16396
49601, 16396
49856, 16396
50562, 16396
53558, 16396
55117, 16396
63233, 16396
70328, 16396
72056, 16396
72163, 16396
74875, 16396
78200, 16396
87269, 16396
89117, 16396
92130, 16396
92844, 16396
95231, 16396
99464, 16396
105842, 16396
106501, 16396
110863, 16396
110954, 16396
112138, 16396
112534, 16396
113598, 16396
115924, 16396
123275, 16396
124551, 16396
124963, 16396
127771, 16396
129251, 16396
129331, 16396
129560, 16396
134477, 16396
136515, 16396
140052, 16396
140551, 16396
142354, 16396
144239, 16396
147839, 16396
151330, 16396
154905, 16396
155191, 16396
155329, 16396
159307, 16396
159365, 16396
167731, 16396
170740, 16396
171595, 16396
173761, 16396
177651, 16396
179959, 16396
180992, 16396
183648, 16396
184969, 16396
185805, 16396
187813, 16396
188019, 16396
188391, 16396
190957, 16396
193741, 16396
194044, 16396
195288, 16396
198514, 16396
204659, 16396
204884, 16396
207800, 16396
207998, 16396
208011, 16396
208143, 16396
209708, 16396
211415, 16396
211954, 16396
212416, 16396
212840, 16396
213020, 16396
213377, 16396
213913, 16396
216539, 16396
218275, 16396
218293, 16396
221018, 16396
232020, 16396
235679, 16396
235844, 16396
236378, 16396
238848, 16396
240362, 16396
240918, 16396
243751, 16396
243820, 16396
245989, 16396
250901, 16396
252973, 16396
255463, 16396
261334, 16396
261696, 16396
262691, 16396
262845, 16396
263266, 16396
264088, 16396
266246, 16396
268124, 16396
268978, 16396
269007, 16396
269998, 16396
270151, 16396
271926, 16396
272187, 16396
273892, 16396
274461, 16396
277896, 16396
287446, 16396
287798, 16396
287940, 16396
287964, 16396
292037, 16396
294086, 16396
296057, 16396
197180, 16332
247681, 16318
8264, 16280
10786, 16280
20829, 16280
30203, 16280
42444, 16280
46740, 16280
49108, 16280
54844, 16280
62461, 16280
66736, 16280
68295, 16280
70773, 16280
71383, 16280
72296, 16280
74656, 16280
74861, 16280
79602, 16280
85463, 16280
86969, 16280
90742, 16280
92793, 16280
93907, 16280
95040, 16280
95112, 16280
97897, 16280
122496, 16280
126005, 16280
129166, 16280
158261, 16280
180274, 16280
221021, 16280
229014, 16280
4305, 16260
5298, 16260
6431, 16260
37097, 16260
138213, 16260
148819, 16176
39778, 16110
47323, 16110
52106, 16110
55739, 16110
62538, 16110
63836, 16110
75998, 16110
85615, 16110
86451, 16110
92698, 16110
95064, 16110
138149, 16110
46847, 16002
48590, 16002
55425, 16002
69300, 16002
78125, 16002
82417, 16002
92518, 16002
43045, 15924
51549, 15924
103935, 15924
118348, 15924
149885, 15924
184952, 15924
189705, 15924
232823, 15924
280573, 15924
276679, 15910
31035, 15854
34580, 15854
38268, 15854
39990, 15854
40790, 15854
43579, 15854
47676, 15854
54984, 15854
59261, 15854
62272, 15854
63948, 15854
66401, 15854
68593, 15854
108718, 15854
132161, 15854
81813, 15849
136796, 15849
138429, 15849
178199, 15849
196677, 15849
205371, 15849
214404, 15849
223388, 15849
236529, 15849
240091, 15849
260568, 15849
286895, 15849
3927, 15809
81481, 15795
130430, 15795
27975, 15787
44938, 15787
64962, 15787
137315, 15787
152999, 15787
185964, 15787
231327, 15787
73431, 15786
222266, 15774
294812, 15774
96475, 15592
104399, 15592
126898, 15592
160566, 15592
169947, 15592
188311, 15582
246518, 15542
26196, 15521
99769, 15521
54003, 15403
127960, 15403
51361, 15388
158822, 15388
167355, 15316
35289, 15177
50116, 15177
54286, 15177
80819, 15177
181089, 15177
113605, 15143
2773, 15106
70191, 15106
196648, 15106
260815, 15106
65096, 15069
49907, 15025
138060, 14982
13697, 14963
81306, 14931
206357, 14885
222590, 14701
280856, 14691
269582, 14564
294214, 14376
221585, 14372
284616, 14287
29093, 14013
51360, 14013
60629, 14013
187488, 14013
211143, 13994
63528, 13922
101716, 13922
110593, 13922
140467, 13922
171402, 13922
241761, 13922
248758, 13922
288569, 13922
163913, 13904
168805, 13904
75042, 13873
80452, 13873
99040, 13873
116685, 13873
133907, 13873
134343, 13873
172688, 13873
176581, 13873
222215, 13873
224044, 13873
224698, 13873
228797, 13873
233030, 13873
238550, 13873
242964, 13873
245648, 13873
274131, 13873
277764, 13873
287381, 13873
288898, 13873
294007, 13873
110347, 13779
124095, 13779
153872, 13779
159052, 13779
166963, 13779
173378, 13779
176022, 13779
179136, 13779
189304, 13779
195927, 13779
206605, 13779
208005, 13779
215878, 13779
221426, 13779
256361, 13779
272164, 13779
290689, 13779
122411, 13763
93515, 13609
193407, 13518
285505, 13512
67354, 13507
188186, 13471
130107, 13452
64524, 13441
54310, 13407
97487, 13378
2655, 13330
43146, 12972
51865, 12972
76448, 12972
79956, 12972
91100, 12972
94720, 12972
120210, 12972
216942, 12972
97867, 12894
101361, 12894
116852, 12894
139072, 12894
183999, 12894
246830, 12894
80124, 12610
111993, 12610
43474, 12528
108082, 12528
1591, 12501
95405, 12501
2500, 12388
89221, 12226
13094, 12187
118207, 11363
125915, 11363
175637, 11363
221574, 11363
230117, 11363
235670, 11363
252635, 11363
287978, 11363
288835, 11363
6169, 11040
252569, 10503
137457, 10237
280505, 10074
240729, 9966
250245, 9042
255801, 8556
135163, 7737
9843, 7166
229373, 5999
119789, 5705
169569, 5691
95876, 5388
640, 3690
991, 3690
10192, 3690
61708, 3690
73602, 3690
83279, 3690
102890, 3690
116090, 3690
122922, 3690
124757, 3690
129820, 3690
130139, 3690
142056, 3690
145495, 3690
161309, 3690
165165, 3690
169029, 3690
173656, 3690
190135, 3690
198107, 3690
198858, 3690
200783, 3690
202589, 3690
206307, 3690
206910, 3690
210688, 3690
212473, 3690
212878, 3690
214629, 3690
215307, 3690
216279, 3690
218952, 3690
222029, 3690
224479, 3690
225383, 3690
229467, 3690
230812, 3690
234319, 3690
236719, 3690
237154, 3690
237557, 3690
244445, 3690
245677, 3690
247897, 3690
251714, 3690
255258, 3690
256144, 3690
261717, 3690
269660, 3690
273152, 3690
273734, 3690
277059, 3690
279182, 3690
279819, 3690
280318, 3690
283228, 3690
286516, 3690
292242, 3690
296366, 3690
239441, 3663
258921, 3663
78023, 3652
78081, 3652
158737, 3626
208109, 3626
659, 3569
94278, 3498
203978, 3461
260391, 3461
260883, 3461
290633, 3461
193229, 3406
197367, 3406
220641, 3381
193464, 3372
222909, 3290
253018, 3290
172249, 3128
3265, 3114
121303, 3016
158748, 2817
227566, 2792
11102, 2742
69455, 2742
73266, 2742
88002, 2742
91125, 2742
98323, 2742
98924, 2742
100046, 2742
104014, 2742
104688, 2742
110450, 2742
124966, 2742
105668, 2725
111260, 2725
114402, 2725
125244, 2725
131242, 2725
142915, 2725
251911, 2715
26681, 2700
107162, 2700
269680, 2700
140823, 2572
52454, 2514
55396, 2514
71655, 2514
82820, 2514
138639, 2514
151726, 2514
159593, 2514
162674, 2514
196220, 2514
203707, 2514
208967, 2514
217501, 2514
221906, 2514
229252, 2514
230947, 2514
233722, 2514
244265, 2514
256317, 2514
263799, 2514
265566, 2514
278884, 2514
282290, 2514
289737, 2514
285, 2503
145411, 2480
240156, 2457
278406, 2457
288820, 2457
714, 2456
52554, 2456
52679, 2456
79592, 2456
88131, 2456
90141, 2456
90664, 2456
93322, 2456
99742, 2456
99895, 2456
99909, 2456
100222, 2456
100871, 2456
106467, 2456
107250, 2456
112498, 2456
116549, 2456
135158, 2456
137743, 2456
147768, 2456
150385, 2456
160660, 2456
161452, 2456
171418, 2456
172977, 2456
174981, 2456
178197, 2456
179236, 2456
189775, 2456
193245, 2456
194871, 2456
205484, 2456
205810, 2456
211507, 2456
213756, 2456
217417, 2456
220598, 2456
223374, 2456
226880, 2456
238721, 2456
262434, 2456
265440, 2456
122115, 2453
210733, 2453
249308, 2453
2882, 2439
5186, 2439
2594, 2420
54331, 2420
65648, 2420
94685, 2420
115137, 2420
134715, 2420
142387, 2420
143756, 2420
161474, 2420
163475, 2420
170248, 2420
185695, 2420
186937, 2420
189483, 2420
190159, 2420
194906, 2420
199922, 2420
220806, 2420
222939, 2420
237637, 2420
238920, 2420
273728, 2420
291220, 2420
105601, 2409
119572, 2409
44322, 2394
138843, 2394
237983, 2394
289934, 2394
17845, 2362
232208, 2359
251136, 2359
259321, 2344
221645, 2301
180601, 2299
184314, 2299
204506, 2299
204603, 2299
205306, 2299
214097, 2299
260677, 2299
264405, 2299
285394, 2299
83074, 2298
97479, 2298
116202, 2298
159564, 2298
163340, 2298
203044, 2298
232487, 2298
273654, 2297
24443, 2290
25302, 2290
26278, 2290
31530, 2290
34142, 2290
36987, 2290
37838, 2290
46915, 2290
51889, 2290
52829, 2290
56074, 2290
59706, 2290
60876, 2290
69841, 2290
70916, 2290
71605, 2290
73296, 2290
74799, 2290
78919, 2290
80944, 2290
82745, 2290
86553, 2290
87962, 2290
93244, 2290
96502, 2290
99124, 2290
101949, 2290
107016, 2290
108458, 2290
119015, 2290
120204, 2290
126621, 2290
127898, 2290
132088, 2290
135673, 2290
137346, 2290
147348, 2290
156913, 2290
160665, 2290
163336, 2290
165474, 2290
169681, 2290
174289, 2290
185559, 2290
185707, 2290
200130, 2290
202787, 2290
211793, 2290
221637, 2290
224789, 2290
227010, 2290
246137, 2290
220419, 2287
65077, 2285
185224, 2285
225463, 2285
278498, 2285
289456, 2285
103223, 2282
177713, 2282
180520, 2282
189366, 2282
193261, 2282
196968, 2282
197272, 2282
202833, 2282
207358, 2282
208072, 2282
208795, 2282
215010, 2282
216081, 2282
217534, 2282
231269, 2282
237618, 2282
238973, 2282
239737, 2282
251188, 2282
254119, 2282
261713, 2282
262414, 2282
263582, 2282
263967, 2282
264666, 2282
264926, 2282
266627, 2282
266798, 2282
267502, 2282
270720, 2282
276605, 2282
279189, 2282
280726, 2282
282211, 2282
284217, 2282
285692, 2282
287552, 2282
287712, 2282
292363, 2282
292752, 2269
148026, 2258
253267, 2252
214748, 2251
176675, 2235
154741, 2234
10848, 2231
14267, 2231
23247, 2231
46006, 2231
56470, 2231
61791, 2231
76528, 2231
151393, 2231
172003, 2231
208801, 2231
243949, 2231
140654, 2228
170782, 2228
184372, 2228
185215, 2228
209039, 2228
212271, 2228
218831, 2228
219688, 2228
226002, 2228
227448, 2228
234111, 2228
238403, 2228
242282, 2228
244596, 2228
250372, 2228
259186, 2228
275278, 2228
276249, 2228
13227, 2220
20631, 2220
20650, 2220
30257, 2220
40638, 2220
44695, 2220
59386, 2220
66417, 2220
73465, 2220
85654, 2220
86853, 2220
87684, 2220
95990, 2220
97713, 2220
114754, 2220
139599, 2220
160691, 2220
163690, 2220
261412, 2220
134629, 2207
253507, 2207
235430, 2201
243711, 2201
248983, 2201
255497, 2201
262243, 2201
263954, 2201
271661, 2201
274611, 2201
274780, 2201
280141, 2201
280703, 2201
288400, 2201
117588, 2193
125950, 2193
149411, 2193
153957, 2193
154934, 2193
158603, 2193
158900, 2193
176224, 2193
179014, 2193
188696, 2193
192364, 2193
194820, 2193
227852, 2193
229713, 2193
231155, 2193
231332, 2193
238299, 2193
238877, 2193
246494, 2193
249379, 2193
250096, 2193
255262, 2193
256581, 2193
260085, 2193
267129, 2193
268217, 2193
271213, 2193
271377, 2193
274657, 2193
275385, 2193
279353, 2193
286437, 2193
292410, 2193
295824, 2193
150502, 2191
290213, 2177
160759, 2164
101587, 2151
131148, 2151
148582, 2151
176428, 2151
177031, 2151
179447, 2151
183589, 2151
190335, 2151
203681, 2151
205356, 2151
209144, 2151
225246, 2151
229903, 2151
230235, 2151
259928, 2151
147521, 2135
211686, 2135
277399, 2135
121251, 2127
139058, 2117
18533, 2107
128171, 2107
141730, 2107
278120, 2102
163292, 2097
225693, 2097
47210, 2089
228058, 2064
225454, 2045
140255, 2040
152900, 2040
189205, 2040
201794, 2040
127531, 2033
256108, 2033
289723, 2033
18758, 2029
197251, 2028
75465, 1967
105740, 1967
122614, 1967
130649, 1967
139573, 1967
142052, 1967
147108, 1967
177613, 1967
48465, 1966
6075, 1962
18374, 1961
23629, 1961
38117, 1961
160182, 1961
40166, 1958
47832, 1957
112437, 1947
148381, 1947
227613, 1947
26752, 1945
62246, 1942
64263, 1942
261278, 1942
536, 1940
872, 1940
1885, 1940
2709, 1940
3652, 1940
3916, 1940
3955, 1940
5752, 1940
11070, 1940
32623, 1940
39509, 1940
39831, 1940
39981, 1940
40966, 1940
41493, 1940
42089, 1940
42523, 1940
43439, 1940
44455, 1940
45265, 1940
45709, 1940
47413, 1940
47681, 1940
50561, 1940
136573, 1940
163238, 1940
165291, 1940
214366, 1940
231554, 1940
267664, 1940
277685, 1940
25290, 1934
31423, 1934
32699, 1934
34129, 1934
34468, 1934
37897, 1934
38292, 1934
39185, 1934
40978, 1934
41355, 1934
42417, 1934
42760, 1934
43630, 1934
43853, 1934
44199, 1934
44628, 1934
44703, 1934
44893, 1934
45853, 1934
46399, 1934
47485, 1934
48104, 1934
48750, 1934
29494, 1929
31777, 1929
34822, 1929
39885, 1929
39939, 1929
41896, 1929
44052, 1929
45919, 1929
46371, 1929
46496, 1929
46788, 1929
48071, 1929
48724, 1929
50333, 1929
50563, 1929
50676, 1929
52237, 1929
21319, 1927
22126, 1927
26452, 1927
31834, 1927
33971, 1927
281534, 1927
32420, 1926
36764, 1926
37645, 1926
38242, 1926
38854, 1926
38962, 1926
39141, 1926
40241, 1926
40819, 1926
41535, 1926
41943, 1926
43622, 1926
43867, 1926
43891, 1926
43898, 1926
44143, 1926
44177, 1926
44192, 1926
45418, 1926
46066, 1926
46363, 1926
47419, 1926
47443, 1926
48311, 1926
48696, 1926
49406, 1926
49536, 1926
49602, 1926
50401, 1926
50813, 1926
32196, 1922
40553, 1922
42642, 1922
43768, 1922
47888, 1922
49175, 1922
49686, 1922
49922, 1922
49984, 1922
51281, 1922
118237, 1922
137398, 1922
142952, 1922
145586, 1922
200388, 1922
28260, 1919
32478, 1919
34871, 1917
36144, 1917
39533, 1917
39862, 1917
41695, 1917
42046, 1917
42928, 1917
43062, 1917
43736, 1917
43757, 1917
43964, 1917
44690, 1917
44933, 1917
45632, 1917
46324, 1917
47949, 1917
48272, 1917
49098, 1917
49177, 1917
49484, 1917
49617, 1917
49987, 1917
50153, 1917
50428, 1917
50845, 1917
50995, 1917
51851, 1917
52320, 1917
52381, 1917
52384, 1917
52585, 1917
52877, 1917
52993, 1917
53241, 1917
55233, 1917
55591, 1917
55675, 1917
55764, 1917
84980, 1914
139494, 1914
220736, 1914
257814, 1914
38101, 1911
53579, 1911
36359, 1909
37232, 1909
37426, 1909
37806, 1909
37405, 1905
39431, 1905
40000, 1905
41465, 1905
42638, 1905
43449, 1905
43658, 1905
44643, 1905
45471, 1905
45530, 1905
45543, 1905
46287, 1905
47446, 1905
48556, 1905
48663, 1905
49245, 1905
49813, 1905
49888, 1905
50045, 1905
50482, 1905
54035, 1905
40437, 1904
45587, 1902
65, 1900
246, 1900
124485, 1899
126129, 1899
34353, 1892
37847, 1892
42443, 1892
42722, 1892
48822, 1892
2214, 1891
6652, 1891
14733, 1891
42911, 1891
45385, 1891
46086, 1891
54048, 1891
195866, 1891
295066, 1891
40414, 1888
42421, 1888
44338, 1888
45076, 1888
45769, 1888
45948, 1888
46416, 1888
48295, 1888
48304, 1888
49744, 1888
51264, 1888
53011, 1888
53585, 1888
34834, 1885
42968, 1885
44381, 1885
46502, 1885
275601, 1883
462, 1879
532, 1879
44184, 1873
44708, 1873
44822, 1873
45592, 1873
46895, 1873
47284, 1873
47819, 1873
48336, 1873
48753, 1873
50988, 1873
52049, 1873
54869, 1873
55201, 1873
10403, 1872
30781, 1872
72277, 1863
109042, 1863
205471, 1863
3112, 1859
7926, 1853
11325, 1853
12098, 1853
12489, 1853
15451, 1853
15876, 1853
19382, 1853
19907, 1853
21738, 1853
23297, 1853
24461, 1853
26016, 1853
28236, 1853
29027, 1853
29414, 1853
29625, 1853
30792, 1853
33579, 1853
34825, 1853
35872, 1853
38164, 1853
38821, 1853
39682, 1853
42252, 1853
44321, 1853
44805, 1853
45175, 1853
45217, 1853
51039, 1853
54503, 1853
56084, 1853
56643, 1853
57978, 1853
59578, 1853
62068, 1853
62158, 1853
67965, 1853
68346, 1853
70399, 1853
71836, 1853
72059, 1853
74429, 1853
75427, 1853
76185, 1853
76501, 1853
78871, 1853
81563, 1853
92826, 1853
95725, 1853
97375, 1853
102670, 1853
103514, 1853
114724, 1853
3216, 1846
4732, 1846
255595, 1846
265928, 1846
28914, 1842
64935, 1835
92088, 1835
3231, 1812
4145, 1812
4693, 1812
12848, 1812
57722, 1812
213990, 1812
48618, 1808
58596, 1808
69652, 1808
74457, 1808
76537, 1808
82813, 1808
96656, 1808
23509, 1806
29160, 1806
29178, 1806
29480, 1806
31331, 1806
53408, 1803
194797, 1803
279863, 1803
146857, 1792
232519, 1792
9513, 1790
28279, 1790
30146, 1790
61730, 1790
105437, 1757
118158, 1757
158066, 1757
158695, 1757
1, 1740
5, 1740
18, 1740
204968, 1728
64703, 1707
75996, 1707
77109, 1707
82064, 1707
107144, 1703
164, 1697
59374, 1695
18886, 1661
2065, 1646
249162, 1640
194472, 1596
3790, 1552
2893, 1530
1518, 1517
90693, 1508
110261, 1508
124778, 1508
197131, 1504
216397, 1504
261340, 1504
283797, 1504
84562, 1502
249378, 1489
265761, 1486
200694, 1481
2170, 1470
237227, 1463
240175, 1463
272723, 1463
9927, 1437
3517, 1427
5429, 1427
6059, 1427
5183, 1423
5970, 1423
6246, 1423
179967, 1421
28157, 1411
41711, 1411
113241, 1411
175168, 1409
7988, 1404
2056, 1403
12544, 1403
120139, 1402
134860, 1402
197936, 1402
159434, 1393
191817, 1393
208589, 1393
245459, 1393
269264, 1393
289342, 1393
123867, 1388
150466, 1388
4066, 1384
5544, 1384
187864, 1384
202144, 1384
272875, 1384
18299, 1376
9377, 1368
11782, 1368
5917, 1354
7004, 1354
7908, 1354
8091, 1354
8182, 1354
8296, 1354
9354, 1354
9750, 1354
11897, 1354
13011, 1354
3599, 1353
7919, 1353
290836, 1341
81864, 1339
7949, 1335
73797, 1334
83147, 1334
90556, 1334
99016, 1333
139743, 1333
9292, 1328
9102, 1327
9982, 1327
8273, 1324
8584, 1324
8751, 1324
8843, 1324
8931, 1324
9854, 1324
9950, 1324
10043, 1324
10074, 1324
10090, 1324
10257, 1324
10261, 1324
10342, 1324
10383, 1324
10633, 1324
10704, 1324
10727, 1324
10782, 1324
10978, 1324
11269, 1324
11332, 1324
11579, 1324
11675, 1324
11746, 1324
12130, 1324
12427, 1324
12569, 1324
12785, 1324
13057, 1324
13141, 1324
13278, 1324
13419, 1324
13743, 1324
13803, 1324
14018, 1324
14289, 1324
14590, 1324
14667, 1324
14969, 1324
15126, 1324
15444, 1324
15872, 1324
15885, 1324
16276, 1324
16343, 1324
16589, 1324
16656, 1324
16758, 1324
16789, 1324
16948, 1324
17043, 1324
8670, 1320
10762, 1320
12042, 1320
12829, 1320
12975, 1320
13489, 1320
13558, 1320
13939, 1320
14020, 1320
14191, 1320
14230, 1320
14282, 1320
14421, 1320
14459, 1320
14557, 1320
14621, 1320
15040, 1320
15446, 1320
15580, 1320
15662, 1320
15774, 1320
16066, 1320
16259, 1320
217377, 1310
4830, 1303
6887, 1303
24278, 1303
11322, 1289
266392, 1289
11807, 1283
26403, 1282
27913, 1282
28447, 1282
30063, 1282
30237, 1282
31025, 1282
31836, 1282
10643, 1271
13985, 1271
13271, 1270
14571, 1270
15502, 1270
15805, 1270
16935, 1270
116, 1269
25015, 1269
21460, 1263
23738, 1263
24193, 1263
24507, 1263
25054, 1263
25593, 1263
26497, 1263
26549, 1263
26666, 1263
26708, 1263
27340, 1263
27342, 1263
28060, 1263
28680, 1263
29004, 1263
29375, 1263
29714, 1263
30073, 1263
30582, 1263
30959, 1263
31214, 1263
31264, 1263
32511, 1263
34268, 1263
12190, 1262
13409, 1262
14137, 1262
15366, 1262
15656, 1262
15804, 1262
16492, 1262
16553, 1262
31374, 1260
34281, 1259
41017, 1259
41437, 1259
44920, 1259
45942, 1259
46299, 1259
29139, 1257
33639, 1257
34202, 1257
34406, 1257
35058, 1257
36434, 1257
37103, 1257
37596, 1257
37681, 1257
37876, 1257
38656, 1257
39450, 1257
39859, 1257
40707, 1257
40779, 1257
40833, 1257
41033, 1257
41428, 1257
41613, 1257
43092, 1257
43594, 1257
44083, 1257
44888, 1257
46375, 1257
47295, 1257
147133, 1250
11366, 1249
11403, 1249
16993, 1249
24702, 1249
27876, 1249
29443, 1249
30110, 1249
30867, 1249
32159, 1249
33359, 1249
33629, 1249
34217, 1249
35278, 1249
35328, 1249
35816, 1249
35972, 1249
36444, 1249
36554, 1249
37081, 1249
37457, 1249
37740, 1249
37780, 1249
37918, 1249
38321, 1249
38454, 1249
38692, 1249
41044, 1249
43978, 1249
48115, 1249
13770, 1247
17589, 1247
15980, 1245
16533, 1245
16906, 1245
16996, 1245
17156, 1245
17177, 1245
18287, 1245
18698, 1245
223188, 1245
24073, 1243
29600, 1243
29743, 1243
30704, 1243
31159, 1243
31469, 1243
31774, 1243
32022, 1243
32183, 1243
32493, 1243
33144, 1243
33466, 1243
35046, 1243
35135, 1243
35450, 1243
35547, 1243
35656, 1243
36009, 1243
36091, 1243
37383, 1243
14307, 1242
23109, 1242
24740, 1242
24862, 1242
26651, 1242
27120, 1242
28018, 1242
28349, 1242
28909, 1242
28958, 1242
29007, 1242
29065, 1242
31907, 1242
37532, 1242
42311, 1242
14316, 1241
18511, 1241
23721, 1241
23732, 1241
23861, 1241
24655, 1241
25200, 1241
25760, 1241
26368, 1241
26877, 1241
26901, 1241
26913, 1241
27193, 1241
27509, 1241
27999, 1241
28193, 1241
28975, 1241
29080, 1241
31322, 1241
16053, 1240
18666, 1240
19690, 1240
29643, 1236
29896, 1236
30018, 1236
30297, 1236
30581, 1236
31191, 1236
31257, 1236
32455, 1236
34153, 1236
34233, 1236
34523, 1236
34540, 1236
35285, 1236
36124, 1236
36167, 1236
37975, 1236
38043, 1236
38446, 1236
12946, 1235
24946, 1235
27115, 1235
30115, 1235
30347, 1235
30392, 1235
30466, 1235
30635, 1235
30898, 1235
31286, 1235
31474, 1235
32793, 1235
33341, 1235
25976, 1234
15161, 1233
18567, 1233
18577, 1233
18710, 1233
19217, 1233
19279, 1233
20249, 1232
26739, 1230
28050, 1230
29555, 1230
32015, 1230
33390, 1230
35256, 1230
36325, 1230
37577, 1230
14386, 1228
15384, 1228
25453, 1228
27807, 1228
28495, 1228
30086, 1228
33494, 1226
18583, 1225
20171, 1225
20482, 1225
20964, 1225
21104, 1225
21190, 1225
21726, 1225
21816, 1225
22618, 1225
22807, 1225
22821, 1225
22839, 1225
22907, 1225
22982, 1225
23035, 1225
23130, 1225
23852, 1225
24451, 1225
24538, 1225
24610, 1225
26190, 1225
26501, 1225
27079, 1225
27092, 1225
28681, 1225
29312, 1225
30214, 1225
31827, 1225
32068, 1225
32139, 1225
32626, 1225
32821, 1225
33160, 1225
33591, 1225
34019, 1225
34171, 1225
34230, 1225
35095, 1225
53475, 1225
17055, 1223
18973, 1223
19077, 1223
21191, 1223
22079, 1223
22636, 1223
22808, 1223
22914, 1223
23079, 1223
23598, 1223
24419, 1223
24444, 1223
25057, 1223
25612, 1223
26639, 1223
17170, 1221
17309, 1221
18552, 1221
19748, 1221
20282, 1221
20382, 1221
20434, 1221
20662, 1221
20998, 1221
21086, 1221
21226, 1221
21585, 1221
21782, 1221
21986, 1221
22053, 1221
18786, 1219
20696, 1219
16516, 1218
18470, 1218
19713, 1218
19867, 1218
20436, 1218
20530, 1218
20860, 1218
21066, 1218
21431, 1218
21601, 1218
21758, 1218
22098, 1218
22183, 1218
22880, 1218
23641, 1218
24008, 1218
24120, 1218
24741, 1218
24922, 1218
25243, 1218
25460, 1218
25480, 1218
25508, 1218
25604, 1218
26468, 1218
27611, 1218
28558, 1217
29150, 1217
31825, 1217
32475, 1217
33122, 1217
34447, 1217
11899, 1216
19247, 1216
20256, 1216
21657, 1216
18322, 1212
40187, 1211
19257, 1210
20119, 1210
20717, 1210
22012, 1210
25638, 1210
14023, 1207
19061, 1207
20014, 1207
24225, 1207
23179, 1205
22806, 1203
25936, 1203
26395, 1203
29653, 1203
29876, 1203
30280, 1203
34998, 1203
38080, 1203
39635, 1203
39959, 1203
1156, 1200
17807, 1198
19792, 1196
23775, 1196
27142, 1196
29954, 1193
196799, 1193
19709, 1192
20745, 1191
22471, 1191
23000, 1191
24380, 1191
21130, 1189
23854, 1189
12616, 1186
14040, 1186
15461, 1186
14686, 1185
16194, 1185
16337, 1185
18229, 1185
257358, 1185
25988, 1182
26353, 1182
30356, 1179
42081, 1179
49767, 1179
20243, 1178
20487, 1178
23058, 1178
26762, 1178
15145, 1177
17145, 1177
18950, 1177
19450, 1177
15318, 1176
19374, 1172
18357, 1169
29359, 1164
24144, 1160
21068, 1157
30338, 1157
32612, 1157
33343, 1157
33762, 1157
34044, 1157
35092, 1157
37723, 1157
39788, 1157
41631, 1157
43432, 1157
27966, 1150
30289, 1150
27901, 1149
28338, 1149
16184, 1144
27197, 1144
27609, 1144
28169, 1144
28428, 1144
28477, 1142
38851, 1142
53873, 1142
54192, 1142
64128, 1142
79607, 1142
39784, 1137
35569, 1135
43772, 1135
24657, 1126
27957, 1126
30718, 1126
32161, 1126
48353, 1126
24696, 1120
40880, 1120
44171, 1120
33726, 1119
31365, 1114
33347, 1114
33575, 1114
33955, 1114
34972, 1114
35425, 1114
36758, 1114
36806, 1114
37901, 1114
38544, 1114
39715, 1114
39731, 1114
40120, 1114
40202, 1114
40455, 1114
41344, 1114
41567, 1114
41657, 1114
43763, 1114
49528, 1114
25486, 1108
29547, 1107
35240, 1107
40641, 1106
15262, 1096
34733, 1096
36684, 1096
37529, 1096
38060, 1096
40071, 1096
40546, 1096
40633, 1096
40649, 1096
40763, 1096
41274, 1096
41432, 1096
41462, 1096
41716, 1096
41906, 1096
42781, 1096
43160, 1096
44370, 1096
44773, 1096
45033, 1096
45560, 1096
45840, 1096
46179, 1096
46482, 1096
46613, 1096
47013, 1096
47307, 1096
47524, 1096
47910, 1096
48077, 1096
48153, 1096
48472, 1096
48996, 1096
49088, 1096
49107, 1096
49392, 1096
49394, 1096
49616, 1096
49839, 1096
49897, 1096
49947, 1096
50037, 1096
50176, 1096
50387, 1096
50559, 1096
51087, 1096
51091, 1096
51347, 1096
52067, 1096
52122, 1096
53120, 1096
53177, 1096
53868, 1096
55532, 1096
55844, 1096
56008, 1096
56222, 1096
58230, 1096
58289, 1096
58834, 1096
34582, 1095
38070, 1095
38469, 1095
42802, 1095
44123, 1095
114657, 1087
292191, 1087
53001, 1081
10660, 1080
13378, 1080
38307, 1080
43415, 1080
43707, 1080
45141, 1080
45296, 1080
45459, 1080
47078, 1080
47729, 1080
48313, 1080
51081, 1080
51376, 1080
52134, 1080
54150, 1080
58399, 1080
22262, 1074
41326, 1074
32718, 1073
36470, 1073
37163, 1073
37401, 1073
37539, 1073
38609, 1073
39735, 1073
40218, 1073
41508, 1073
41858, 1073
43018, 1073
43276, 1073
43703, 1073
45412, 1073
45746, 1073
45865, 1073
46724, 1073
47498, 1073
48489, 1073
48614, 1073
48836, 1073
48988, 1073
50378, 1073
52995, 1073
53445, 1073
55005, 1073
57707, 1073
99309, 1073
211900, 1073
8326, 1067
21323, 1067
22795, 1067
24992, 1067
25278, 1067
38634, 1067
110281, 1067
6423, 1057
7312, 1039
50289, 1034
55506, 1034
67440, 1034
68869, 1034
69256, 1034
100297, 1034
101099, 1034
105778, 1034
108820, 1034
120350, 1034
127816, 1034
138618, 1034
153556, 1034
175120, 1034
185872, 1034
200796, 1034
205410, 1034
217270, 1034
225422, 1034
225606, 1034
227349, 1034
235861, 1034
260159, 1034
268958, 1034
283051, 1034
289827, 1034
295047, 1034
2596, 1022
42300, 1008
47907, 1008
70334, 1008
132335, 1004
