18299, 58892
4066, 58865
187864, 58865
202144, 58865
272875, 58865
9927, 57921
159434, 57732
191817, 57732
245459, 57732
269264, 57732
289342, 57732
28157, 57655
41711, 57655
113241, 57655
26681, 53239
107162, 53239
269680, 53239
11102, 51388
69455, 51388
73266, 51388
88002, 51388
91125, 51388
98323, 51388
98924, 51388
100046, 51388
104014, 51388
104688, 51388
110450, 51388
124966, 51388
105668, 44905
111260, 44905
114402, 44905
125244, 44905
131242, 44905
142915, 44905
140823, 23358
17845, 11692
114228, 6979
173829, 6979
181135, 6979
122958, 6944
143080, 6944
149267, 6944
150409, 6944
155665, 6944
157249, 6944
159075, 6944
163445, 6944
252827, 6944
290198, 6944
105224, 6809
118071, 6809
118949, 6809
119086, 6809
120146, 6809
128155, 6809
130100, 6809
130292, 6809
131255, 6809
133447, 6809
133627, 6809
136367, 6809
137805, 6809
138318, 6809
139618, 6809
140214, 6809
141358, 6809
142169, 6809
143417, 6809
144618, 6809
144927, 6809
146328, 6809
146846, 6809
147429, 6809
148012, 6809
149603, 6809
150564, 6809
152204, 6809
152818, 6809
153361, 6809
153593, 6809
154598, 6809
155695, 6809
156671, 6809
160506, 6809
160939, 6809
166874, 6809
167120, 6809
168096, 6809
169699, 6809
170243, 6809
171266, 6809
172305, 6809
174057, 6809
175386, 6809
176782, 6809
177144, 6809
177155, 6809
177309, 6809
177319, 6809
178106, 6809
184152, 6809
186055, 6809
187422, 6809
187655, 6809
189424, 6809
191078, 6809
192161, 6809
192275, 6809
192412, 6809
193558, 6809
194904, 6809
197770, 6809
200028, 6809
200995, 6809
202815, 6809
207561, 6809
209866, 6809
210817, 6809
213899, 6809
214430, 6809
215294, 6809
216774, 6809
218135, 6809
219014, 6809
219996, 6809
223151, 6809
223527, 6809
225080, 6809
225887, 6809
227795, 6809
229836, 6809
229976, 6809
231119, 6809
231416, 6809
231482, 6809
231708, 6809
232175, 6809
237149, 6809
237424, 6809
238879, 6809
240580, 6809
242383, 6809
243170, 6809
247759, 6809
248740, 6809
252686, 6809
252797, 6809
253458, 6809
255605, 6809
256687, 6809
257103, 6809
257252, 6809
257724, 6809
260117, 6809
263236, 6809
264177, 6809
264955, 6809
267983, 6809
268279, 6809
268780, 6809
273322, 6809
275470, 6809
277396, 6809
278596, 6809
290796, 6809
291384, 6809
294876, 6809
115672, 6763
168290, 6763
159721, 6728
188463, 6728
250861, 6728
122550, 6623
96495, 6612
114108, 6612
136254, 6612
140570, 6612
146711, 6612
156703, 6612
159418, 6612
159490, 6612
165449, 6612
168765, 6612
172500, 6612
177257, 6612
183607, 6612
184089, 6612
190473, 6612
191230, 6612
193913, 6612
195643, 6612
199773, 6612
209468, 6612
211504, 6612
217976, 6612
224359, 6612
224728, 6612
231837, 6612
232366, 6612
238536, 6612
243072, 6612
243917, 6612
244261, 6612
254573, 6612
255105, 6612
258058, 6612
261237, 6612
281022, 6612
286791, 6612
288324, 6612
109792, 5992
213716, 5869
139532, 5804
188485, 5804
219561, 5804
267743, 5804
293559, 5804
111028, 5674
179227, 5674
225431, 5674
288917, 5674
209301, 5659
131497, 5633
145937, 5633
173379, 5633
174300, 5633
189872, 5633
195856, 5633
200488, 5633
202625, 5633
205909, 5633
208375, 5633
211497, 5633
218173, 5633
243205, 5633
263135, 5633
266370, 5633
156575, 5595
796, 5590
1400, 5590
91504, 5590
94687, 5590
101219, 5590
105871, 5590
106026, 5590
108634, 5590
110511, 5590
110530, 5590
111889, 5590
112016, 5590
114294, 5590
114434, 5590
114449, 5590
114832, 5590
114876, 5590
116600, 5590
116867, 5590
116887, 5590
118877, 5590
120679, 5590
121102, 5590
122447, 5590
124629, 5590
125021, 5590
125744, 5590
126070, 5590
126365, 5590
126888, 5590
126917, 5590
127237, 5590
127271, 5590
130552, 5590
130698, 5590
132501, 5590
133459, 5590
134208, 5590
134737, 5590
135155, 5590
135364, 5590
136241, 5590
136373, 5590
136417, 5590
136621, 5590
136638, 5590
136720, 5590
136877, 5590
137624, 5590
138271, 5590
139112, 5590
140937, 5590
141651, 5590
141753, 5590
141930, 5590
141953, 5590
142301, 5590
142661, 5590
143544, 5590
143678, 5590
143876, 5590
144940, 5590
145734, 5590
145973, 5590
145980, 5590
146076, 5590
146673, 5590
146694, 5590
147879, 5590
147987, 5590
148210, 5590
148332, 5590
148627, 5590
148847, 5590
149105, 5590
149635, 5590
149946, 5590
150081, 5590
150368, 5590
150633, 5590
150717, 5590
151690, 5590
151769, 5590
152384, 5590
152407, 5590
152554, 5590
152882, 5590
153899, 5590
154004, 5590
154040, 5590
154308, 5590
154755, 5590
155246, 5590
156569, 5590
156678, 5590
156861, 5590
157222, 5590
157505, 5590
157591, 5590
157694, 5590
157866, 5590
159493, 5590
160353, 5590
160816, 5590
161139, 5590
161930, 5590
161972, 5590
162508, 5590
162591, 5590
162631, 5590
163018, 5590
163081, 5590
163090, 5590
163330, 5590
163335, 5590
164659, 5590
164837, 5590
165383, 5590
165471, 5590
165520, 5590
165902, 5590
166182, 5590
166642, 5590
167958, 5590
168065, 5590
168348, 5590
168416, 5590
169003, 5590
169485, 5590
170193, 5590
171785, 5590
172667, 5590
172762, 5590
172914, 5590
173572, 5590
173621, 5590
173774, 5590
174109, 5590
174186, 5590
174558, 5590
174729, 5590
174979, 5590
175014, 5590
175430, 5590
176171, 5590
177149, 5590
177461, 5590
178512, 5590
179143, 5590
179671, 5590
180149, 5590
180219, 5590
180449, 5590
180589, 5590
181159, 5590
181272, 5590
181867, 5590
182008, 5590
182081, 5590
182285, 5590
182388, 5590
182638, 5590
183033, 5590
183304, 5590
183370, 5590
183489, 5590
183637, 5590
183988, 5590
184967, 5590
185917, 5590
185946, 5590
186016, 5590
186345, 5590
186522, 5590
186573, 5590
186587, 5590
186628, 5590
187614, 5590
187955, 5590
188261, 5590
188686, 5590
188850, 5590
189623, 5590
190388, 5590
190479, 5590
191147, 5590
191522, 5590
191625, 5590
191635, 5590
192519, 5590
192718, 5590
193089, 5590
193782, 5590
194297, 5590
194310, 5590
194476, 5590
194627, 5590
194817, 5590
194974, 5590
195294, 5590
196294, 5590
197430, 5590
198585, 5590
198918, 5590
199072, 5590
199364, 5590
199390, 5590
200319, 5590
200939, 5590
200947, 5590
201239, 5590
201251, 5590
201763, 5590
201880, 5590
202686, 5590
202730, 5590
202755, 5590
203266, 5590
203515, 5590
203610, 5590
204123, 5590
205771, 5590
206368, 5590
206634, 5590
206773, 5590
206798, 5590
207086, 5590
207194, 5590
207444, 5590
208058, 5590
208184, 5590
208692, 5590
208741, 5590
209158, 5590
209184, 5590
210393, 5590
210538, 5590
210944, 5590
211661, 5590
211822, 5590
211883, 5590
211920, 5590
212713, 5590
213492, 5590
214377, 5590
214680, 5590
214759, 5590
215497, 5590
215675, 5590
215894, 5590
216255, 5590
216542, 5590
216593, 5590
218270, 5590
218820, 5590
219558, 5590
220060, 5590
220382, 5590
221176, 5590
221349, 5590
221401, 5590
221609, 5590
222070, 5590
222378, 5590
222395, 5590
222602, 5590
222788, 5590
222901, 5590
223249, 5590
223624, 5590
225230, 5590
225377, 5590
225675, 5590
225972, 5590
226057, 5590
226115, 5590
226422, 5590
226438, 5590
226460, 5590
226755, 5590
226784, 5590
227245, 5590
227575, 5590
228340, 5590
228786, 5590
228854, 5590
230020, 5590
230083, 5590
230159, 5590
230285, 5590
230348, 5590
230596, 5590
231076, 5590
231088, 5590
231198, 5590
231460, 5590
231613, 5590
232320, 5590
232405, 5590
232774, 5590
233157, 5590
233748, 5590
233817, 5590
234714, 5590
236670, 5590
236734, 5590
237985, 5590
238030, 5590
238123, 5590
239065, 5590
239119, 5590
239490, 5590
240505, 5590
240652, 5590
240761, 5590
241076, 5590
241980, 5590
242111, 5590
242468, 5590
242717, 5590
243162, 5590
243818, 5590
243909, 5590
243930, 5590
246821, 5590
247076, 5590
247334, 5590
247346, 5590
247886, 5590
248785, 5590
249371, 5590
249577, 5590
249669, 5590
250003, 5590
250100, 5590
250139, 5590
250197, 5590
250265, 5590
250859, 5590
251442, 5590
251894, 5590
251995, 5590
252553, 5590
253121, 5590
253135, 5590
253314, 5590
253542, 5590
253800, 5590
253912, 5590
254216, 5590
254462, 5590
254710, 5590
254941, 5590
255253, 5590
255478, 5590
255875, 5590
256032, 5590
256092, 5590
256337, 5590
256456, 5590
256766, 5590
256858, 5590
257042, 5590
257266, 5590
258130, 5590
258210, 5590
258690, 5590
259379, 5590
260056, 5590
260401, 5590
261649, 5590
261933, 5590
262011, 5590
262035, 5590
262879, 5590
263238, 5590
264714, 5590
265161, 5590
265481, 5590
265627, 5590
265724, 5590
266406, 5590
266519, 5590
266775, 5590
266876, 5590
267134, 5590
267510, 5590
267717, 5590
268056, 5590
268400, 5590
268659, 5590
268678, 5590
269014, 5590
269030, 5590
269228, 5590
269614, 5590
269743, 5590
269845, 5590
270366, 5590
270615, 5590
271191, 5590
271239, 5590
271882, 5590
272456, 5590
272737, 5590
273151, 5590
273315, 5590
273844, 5590
274277, 5590
274361, 5590
274376, 5590
275011, 5590
275371, 5590
275436, 5590
276412, 5590
276910, 5590
277303, 5590
277539, 5590
278493, 5590
279289, 5590
279583, 5590
279859, 5590
280050, 5590
280077, 5590
281156, 5590
282675, 5590
283672, 5590
283691, 5590
283698, 5590
284024, 5590
284046, 5590
284176, 5590
284197, 5590
284449, 5590
284488, 5590
284795, 5590
285035, 5590
285500, 5590
285513, 5590
285886, 5590
286083, 5590
286881, 5590
287352, 5590
287450, 5590
287759, 5590
288457, 5590
289288, 5590
289405, 5590
289487, 5590
289949, 5590
290116, 5590
290717, 5590
291072, 5590
291401, 5590
291983, 5590
291996, 5590
292106, 5590
292205, 5590
293557, 5590
293626, 5590
293831, 5590
293880, 5590
294901, 5590
294946, 5590
295367, 5590
295524, 5590
296587, 5590
220347, 5559
95404, 5539
113154, 5539
152705, 5539
187138, 5539
205842, 5539
222404, 5539
242291, 5539
258267, 5539
277987, 5539
279897, 5539
285095, 5539
285191, 5539
285504, 5539
288150, 5539
243583, 5490
215757, 5478
224820, 5478
12746, 5461
13168, 5461
18630, 5461
127130, 5461
166742, 5461
212298, 5461
12092, 5441
43368, 5441
47693, 5441
49234, 5441
60436, 5441
88509, 5441
91276, 5441
102509, 5441
112079, 5441
127761, 5441
128831, 5441
139341, 5441
160303, 5441
160658, 5441
166335, 5441
187601, 5441
188141, 5441
194432, 5441
194962, 5441
196055, 5441
198022, 5441
203949, 5441
222326, 5441
223791, 5441
250590, 5441
166722, 5436
183212, 5436
206981, 5436
230470, 5436
242698, 5436
252875, 5436
261558, 5436
96716, 5431
97140, 5431
124130, 5431
125822, 5431
126900, 5431
130645, 5431
131461, 5431
133092, 5431
133810, 5431
134998, 5431
135729, 5431
135777, 5431
136313, 5431
136907, 5431
138153, 5431
139089, 5431
141663, 5431
142793, 5431
143107, 5431
143188, 5431
144045, 5431
144049, 5431
147057, 5431
147678, 5431
149711, 5431
150033, 5431
150183, 5431
150643, 5431
150740, 5431
153227, 5431
153611, 5431
156677, 5431
157451, 5431
158099, 5431
160179, 5431
160313, 5431
161903, 5431
162065, 5431
162163, 5431
162179, 5431
164234, 5431
165001, 5431
165965, 5431
168142, 5431
169973, 5431
169976, 5431
170009, 5431
170011, 5431
170235, 5431
170875, 5431
171761, 5431
174121, 5431
174535, 5431
176855, 5431
178330, 5431
178659, 5431
179405, 5431
180685, 5431
181140, 5431
183696, 5431
185552, 5431
186047, 5431
186162, 5431
186571, 5431
187353, 5431
188574, 5431
190922, 5431
192286, 5431
192484, 5431
193649, 5431
193917, 5431
193948, 5431
194417, 5431
196026, 5431
196530, 5431
197030, 5431
197342, 5431
198185, 5431
198578, 5431
202010, 5431
202687, 5431
203045, 5431
203751, 5431
204882, 5431
206147, 5431
206511, 5431
207103, 5431
207661, 5431
208336, 5431
212334, 5431
212494, 5431
212560, 5431
213814, 5431
213911, 5431
213925, 5431
214057, 5431
215701, 5431
215914, 5431
216040, 5431
216498, 5431
216776, 5431
217345, 5431
219148, 5431
219312, 5431
220159, 5431
220896, 5431
223954, 5431
224270, 5431
224848, 5431
226682, 5431
227917, 5431
228507, 5431
229311, 5431
229344, 5431
230804, 5431
231158, 5431
233323, 5431
233456, 5431
233796, 5431
233887, 5431
234152, 5431
234156, 5431
234329, 5431
235170, 5431
235962, 5431
239085, 5431
240206, 5431
240742, 5431
242244, 5431
242342, 5431
243168, 5431
243266, 5431
244667, 5431
244957, 5431
245929, 5431
247091, 5431
247215, 5431
248872, 5431
249347, 5431
249931, 5431
250699, 5431
251044, 5431
251620, 5431
252303, 5431
252415, 5431
252466, 5431
252468, 5431
252498, 5431
253194, 5431
254118, 5431
254302, 5431
254315, 5431
254325, 5431
254643, 5431
254824, 5431
255641, 5431
255803, 5431
256016, 5431
256022, 5431
256583, 5431
256807, 5431
256818, 5431
257448, 5431
257704, 5431
257733, 5431
258585, 5431
258691, 5431
259316, 5431
260368, 5431
260633, 5431
261393, 5431
261496, 5431
261931, 5431
262365, 5431
263842, 5431
264583, 5431
266635, 5431
266931, 5431
267472, 5431
267710, 5431
268007, 5431
269102, 5431
269491, 5431
271334, 5431
271498, 5431
271687, 5431
271964, 5431
274211, 5431
274249, 5431
275923, 5431
276611, 5431
277069, 5431
277524, 5431
278553, 5431
278615, 5431
279013, 5431
279428, 5431
280136, 5431
280176, 5431
280863, 5431
281312, 5431
282022, 5431
282800, 5431
282890, 5431
283240, 5431
283432, 5431
284683, 5431
285432, 5431
285679, 5431
285845, 5431
286974, 5431
287835, 5431
289714, 5431
289801, 5431
290607, 5431
292922, 5431
292978, 5431
293162, 5431
293794, 5431
293874, 5431
294421, 5431
294541, 5431
293833, 5395
151966, 5389
163997, 5389
22372, 5388
31148, 5388
155209, 5388
180083, 5388
193104, 5388
211186, 5388
221998, 5388
231342, 5388
246924, 5388
246969, 5388
253375, 5388
276358, 5388
7698, 5385
150785, 5376
227712, 5376
37640, 5374
123463, 5374
8012, 5366
8836, 5366
12809, 5366
13021, 5366
121299, 5366
123559, 5366
200179, 5363
208907, 5352
154844, 5349
240416, 5349
5804, 5344
6840, 5344
142731, 5340
144369, 5340
147825, 5340
159874, 5340
160693, 5340
165569, 5340
166905, 5340
174788, 5340
179057, 5340
179416, 5340
190872, 5340
200722, 5340
202637, 5340
206241, 5340
222648, 5340
222662, 5340
232516, 5340
238497, 5340
246087, 5340
272121, 5340
159722, 5331
246189, 5331
200162, 5330
277142, 5330
285144, 5330
245258, 5329
154053, 5322
188056, 5322
132340, 5318
142419, 5318
228063, 5318
23043, 5308
118315, 5308
142560, 5308
144992, 5308
146670, 5308
180703, 5308
192051, 5308
193842, 5308
223512, 5308
242974, 5308
243219, 5308
254168, 5308
259040, 5308
260792, 5308
261909, 5308
272262, 5308
276390, 5308
276637, 5308
284018, 5308
284954, 5308
86815, 5304
154358, 5304
163303, 5304
203890, 5304
12318, 5299
46458, 5299
66535, 5299
98132, 5299
109122, 5299
117274, 5299
141143, 5299
167781, 5299
184185, 5299
199404, 5299
236169, 5299
237190, 5299
256425, 5299
273150, 5285
223245, 5283
16944, 5279
91467, 5279
16129, 5272
23897, 5272
28831, 5272
75076, 5272
81358, 5272
92270, 5272
112949, 5272
119081, 5272
163720, 5272
206578, 5262
264326, 5262
281125, 5262
282566, 5262
294973, 5262
244651, 5256
290793, 5256
4587, 5255
11218, 5255
127136, 5255
144005, 5255
168512, 5255
4026, 5242
4409, 5242
124996, 5242
134906, 5242
138921, 5242
155621, 5242
173094, 5242
215930, 5242
278577, 5242
212, 5222
14185, 5222
31400, 5222
48154, 5222
54282, 5222
88294, 5222
93018, 5222
106840, 5222
117464, 5222
193473, 5222
197422, 5222
221139, 5222
252603, 5222
254786, 5222
278931, 5222
169644, 5204
4738, 5200
20124, 5190
28068, 5190
82136, 5190
149931, 5188
160859, 5188
152546, 5184
130107, 5183
168312, 5183
240978, 5183
63974, 5180
99106, 5180
107545, 5180
204167, 5180
257759, 5180
262615, 5180
273854, 5180
288981, 5180
293041, 5180
17637, 5165
22723, 5165
24283, 5165
170237, 5165
173843, 5165
230022, 5165
15204, 5162
17251, 5162
22515, 5162
24473, 5162
37729, 5162
37944, 5162
47265, 5162
47517, 5162
48697, 5162
49601, 5162
49856, 5162
50562, 5162
53558, 5162
55117, 5162
63233, 5162
70328, 5162
72056, 5162
72163, 5162
74875, 5162
78200, 5162
87269, 5162
89117, 5162
92130, 5162
92844, 5162
95231, 5162
99464, 5162
105842, 5162
106501, 5162
110863, 5162
110954, 5162
112138, 5162
112534, 5162
113598, 5162
115924, 5162
123275, 5162
124551, 5162
124963, 5162
127771, 5162
129251, 5162
129331, 5162
129560, 5162
134477, 5162
136515, 5162
140052, 5162
140551, 5162
142354, 5162
144239, 5162
147839, 5162
151330, 5162
154905, 5162
155191, 5162
155329, 5162
159307, 5162
159365, 5162
167731, 5162
170740, 5162
171595, 5162
173761, 5162
177651, 5162
179959, 5162
180992, 5162
183648, 5162
184969, 5162
185805, 5162
187813, 5162
188019, 5162
188391, 5162
190957, 5162
193741, 5162
194044, 5162
195288, 5162
198514, 5162
204659, 5162
204884, 5162
207800, 5162
207998, 5162
208011, 5162
208143, 5162
209708, 5162
211415, 5162
211954, 5162
212416, 5162
212840, 5162
213020, 5162
213377, 5162
213913, 5162
216539, 5162
218275, 5162
218293, 5162
221018, 5162
232020, 5162
235679, 5162
235844, 5162
236378, 5162
238848, 5162
240362, 5162
240918, 5162
243751, 5162
243820, 5162
245989, 5162
250901, 5162
252973, 5162
255463, 5162
261334, 5162
261696, 5162
262691, 5162
262845, 5162
263266, 5162
264088, 5162
266246, 5162
268124, 5162
268978, 5162
269007, 5162
269998, 5162
270151, 5162
271926, 5162
272187, 5162
273892, 5162
274461, 5162
277896, 5162
287446, 5162
287798, 5162
287940, 5162
287964, 5162
292037, 5162
294086, 5162
296057, 5162
267246, 5161
6189, 5159
13172, 5159
32382, 5159
41860, 5159
52025, 5159
52592, 5159
60445, 5159
69801, 5159
70201, 5159
92280, 5159
102094, 5159
103220, 5159
107978, 5159
110022, 5159
119700, 5159
123913, 5159
126896, 5159
144534, 5159
148462, 5159
154367, 5159
163986, 5159
169953, 5159
194615, 5159
196160, 5159
196653, 5159
200022, 5159
228223, 5159
237000, 5159
238091, 5159
238350, 5159
248213, 5159
248894, 5159
248924, 5159
251779, 5159
255593, 5159
256954, 5159
267497, 5159
269617, 5159
272045, 5159
272753, 5159
280022, 5159
289604, 5159
290789, 5159
226647, 5154
151439, 5148
8264, 5128
10786, 5128
20829, 5128
30203, 5128
42444, 5128
46740, 5128
49108, 5128
54844, 5128
62461, 5128
66736, 5128
68295, 5128
70773, 5128
71383, 5128
72296, 5128
74656, 5128
74861, 5128
79602, 5128
85463, 5128
86969, 5128
90742, 5128
92793, 5128
93907, 5128
95040, 5128
95112, 5128
97897, 5128
122496, 5128
126005, 5128
129166, 5128
158261, 5128
180274, 5128
221021, 5128
229014, 5128
151277, 5126
6218, 5124
8095, 5124
23697, 5124
33232, 5124
36818, 5124
41652, 5124
43807, 5124
44997, 5124
47915, 5124
54229, 5124
64055, 5124
66097, 5124
66478, 5124
66634, 5124
69739, 5124
78258, 5124
78648, 5124
84053, 5124
90833, 5124
104372, 5124
105309, 5124
112522, 5124
114536, 5124
115046, 5124
119075, 5124
119976, 5124
127903, 5124
128615, 5124
137441, 5124
150829, 5124
152756, 5124
153284, 5124
153738, 5124
178558, 5124
182155, 5124
185471, 5124
200062, 5124
200393, 5124
202972, 5124
212565, 5124
239245, 5124
243336, 5124
259311, 5124
259951, 5124
267421, 5124
269136, 5124
272850, 5124
274778, 5124
8045, 5118
145634, 5118
226287, 5118
271756, 5080
3402, 5074
285505, 5074
21559, 5070
23215, 5070
247681, 5067
15188, 5066
27067, 5066
51397, 5066
59583, 5066
69708, 5066
76077, 5066
181798, 5066
222194, 5066
7638, 5051
9046, 5051
12469, 5051
16802, 5051
16804, 5051
24526, 5051
24852, 5051
25671, 5051
48228, 5051
62871, 5051
64681, 5051
79651, 5051
83798, 5051
95524, 5051
98692, 5051
99941, 5051
109071, 5051
114404, 5051
116587, 5051
117636, 5051
118533, 5051
119527, 5051
119811, 5051
121204, 5051
121530, 5051
124234, 5051
129040, 5051
135019, 5051
138577, 5051
144263, 5051
150110, 5051
151326, 5051
152477, 5051
160874, 5051
165147, 5051
166058, 5051
166321, 5051
177182, 5051
177607, 5051
184202, 5051
198762, 5051
202892, 5051
208654, 5051
208959, 5051
212197, 5051
212995, 5051
219929, 5051
225388, 5051
236398, 5051
243767, 5051
245603, 5051
249099, 5051
264026, 5051
269144, 5051
269392, 5051
276055, 5051
281539, 5051
197117, 5046
23319, 5044
50087, 5044
58243, 5044
116595, 5044
146325, 5044
12067, 5043
57015, 5043
84408, 5043
85523, 5043
91232, 5043
98473, 5043
111763, 5043
148818, 5043
6083, 5035
66696, 5035
4305, 5024
5298, 5024
6431, 5024
37097, 5024
138213, 5024
159668, 5019
278689, 5017
96475, 5009
104399, 5009
126898, 5009
160566, 5009
169947, 5009
222266, 5009
294812, 5009
6226, 4998
10646, 4998
30764, 4998
33657, 4998
41085, 4998
43339, 4998
47458, 4998
54057, 4998
58163, 4998
99508, 4998
120244, 4996
26196, 4988
99769, 4988
261313, 4988
135097, 4982
199607, 4982
202283, 4982
93515, 4961
183452, 4961
81813, 4953
136796, 4953
138429, 4953
178199, 4953
196677, 4953
205371, 4953
214404, 4953
223388, 4953
236529, 4953
240091, 4953
260568, 4953
286895, 4953
73431, 4950
259593, 4950
111652, 4945
196258, 4944
55033, 4934
65472, 4934
112802, 4934
113887, 4934
10013, 4921
15354, 4921
113453, 4921
115817, 4921
212627, 4921
43045, 4919
51549, 4919
103935, 4919
118348, 4919
149885, 4919
184952, 4919
189705, 4919
232823, 4919
280573, 4919
81481, 4918
130430, 4918
2081, 4912
197180, 4903
46847, 4891
48590, 4891
55425, 4891
69300, 4891
78125, 4891
82417, 4891
92518, 4891
54003, 4890
127960, 4890
51361, 4889
158822, 4889
137315, 4873
152999, 4873
185964, 4873
231327, 4873
60441, 4870
15852, 4869
22778, 4869
23413, 4869
31629, 4869
33636, 4869
35491, 4869
39879, 4869
44064, 4869
47454, 4869
90519, 4866
123057, 4866
127650, 4866
182528, 4866
3927, 4863
37308, 4852
56939, 4852
71568, 4852
8133, 4850
188311, 4839
269582, 4823
2773, 4820
70191, 4820
196648, 4820
260815, 4820
170483, 4803
3010, 4778
4513, 4773
210139, 4766
127158, 4745
21806, 4741
18996, 4733
113605, 4669
284616, 4653
122411, 4647
39778, 4641
47323, 4641
52106, 4641
55739, 4641
62538, 4641
63836, 4641
75998, 4641
85615, 4641
86451, 4641
92698, 4641
95064, 4641
138149, 4641
141126, 4607
89706, 4599
97678, 4599
100378, 4599
112037, 4599
113482, 4599
114423, 4599
114852, 4599
118547, 4599
123048, 4599
134870, 4599
135313, 4599
140961, 4599
141817, 4599
142084, 4599
144210, 4599
145681, 4599
164514, 4599
173868, 4599
176249, 4599
179280, 4599
179305, 4599
183225, 4599
194774, 4599
196618, 4599
198129, 4599
199386, 4599
204523, 4599
206606, 4599
208681, 4599
208805, 4599
210939, 4599
220692, 4599
226859, 4599
227762, 4599
227784, 4599
240439, 4599
240814, 4599
249539, 4599
250612, 4599
253385, 4599
255816, 4599
256167, 4599
256169, 4599
261946, 4599
264103, 4599
270361, 4599
281031, 4599
281968, 4599
288337, 4599
288374, 4599
288704, 4599
293513, 4599
295295, 4599
295806, 4599
148819, 4566
97487, 4562
164727, 4557
100944, 4529
133119, 4529
96084, 4510
128967, 4510
137703, 4510
154894, 4510
158349, 4510
170686, 4510
194531, 4510
196044, 4510
196483, 4510
200412, 4510
244650, 4510
273755, 4510
293684, 4510
86895, 4503
91170, 4503
99129, 4503
108939, 4503
118806, 4503
132962, 4503
143126, 4503
153929, 4503
178649, 4503
205978, 4503
229731, 4503
283346, 4503
284563, 4503
290745, 4503
122953, 4482
125722, 4482
130387, 4482
150266, 4482
155827, 4482
157553, 4482
160977, 4482
162358, 4482
162360, 4482
168261, 4482
170123, 4482
181207, 4482
189181, 4482
199439, 4482
201736, 4482
220156, 4482
244608, 4482
252962, 4482
259637, 4482
269807, 4482
270839, 4482
283655, 4482
284930, 4482
291515, 4482
292893, 4482
294310, 4482
221585, 4469
79894, 4458
91648, 4458
103017, 4458
115531, 4458
120043, 4458
120113, 4458
120517, 4458
121970, 4458
125300, 4458
128392, 4458
129861, 4458
131960, 4458
133203, 4458
135270, 4458
138969, 4458
140134, 4458
140504, 4458
141837, 4458
141960, 4458
142384, 4458
144139, 4458
145502, 4458
145686, 4458
146713, 4458
147171, 4458
147898, 4458
148007, 4458
148952, 4458
150014, 4458
150063, 4458
150224, 4458
150452, 4458
150608, 4458
151949, 4458
152845, 4458
152975, 4458
154199, 4458
157062, 4458
158414, 4458
160742, 4458
162166, 4458
163591, 4458
164301, 4458
164789, 4458
166531, 4458
166786, 4458
166993, 4458
167599, 4458
167933, 4458
169483, 4458
169690, 4458
172311, 4458
173260, 4458
177290, 4458
179332, 4458
181012, 4458
185795, 4458
188904, 4458
188926, 4458
189464, 4458
191916, 4458
192809, 4458
193216, 4458
194308, 4458
194838, 4458
195423, 4458
199600, 4458
200569, 4458
200990, 4458
201191, 4458
202852, 4458
203089, 4458
204597, 4458
205215, 4458
205499, 4458
207737, 4458
207838, 4458
207984, 4458
208550, 4458
208607, 4458
208948, 4458
209483, 4458
210292, 4458
210952, 4458
211548, 4458
212599, 4458
212603, 4458
214751, 4458
219151, 4458
220784, 4458
221482, 4458
222509, 4458
223217, 4458
226149, 4458
228653, 4458
233368, 4458
234313, 4458
235683, 4458
236212, 4458
238323, 4458
238717, 4458
239118, 4458
239862, 4458
242370, 4458
242525, 4458
243830, 4458
244332, 4458
244454, 4458
244882, 4458
245300, 4458
246226, 4458
246421, 4458
246996, 4458
247480, 4458
248056, 4458
248433, 4458
248691, 4458
251640, 4458
254050, 4458
256052, 4458
256259, 4458
256915, 4458
258431, 4458
260708, 4458
260780, 4458
261777, 4458
265478, 4458
266207, 4458
266833, 4458
267780, 4458
270833, 4458
271075, 4458
272157, 4458
272202, 4458
277203, 4458
279122, 4458
281020, 4458
281477, 4458
282796, 4458
288035, 4458
291796, 4458
293371, 4458
294120, 4458
211143, 4451
232100, 4450
270733, 4450
141213, 4445
211597, 4426
203010, 4423
206087, 4423
252295, 4423
87580, 4421
106966, 4421
121622, 4421
147892, 4421
149445, 4421
179632, 4421
182851, 4421
191306, 4421
200359, 4421
201907, 4421
206098, 4421
210484, 4421
211006, 4421
214957, 4421
215532, 4421
216856, 4421
219641, 4421
220155, 4421
220684, 4421
222021, 4421
229124, 4421
229636, 4421
230191, 4421
233651, 4421
234331, 4421
235784, 4421
238971, 4421
240097, 4421
241899, 4421
243262, 4421
247690, 4421
250357, 4421
255016, 4421
259061, 4421
261473, 4421
264446, 4421
264692, 4421
273193, 4421
276996, 4421
278490, 4421
278608, 4421
279646, 4421
281275, 4421
282021, 4421
282542, 4421
285182, 4421
286220, 4421
286375, 4421
286814, 4421
288222, 4421
288705, 4421
290179, 4421
290288, 4421
290299, 4421
291890, 4421
295636, 4421
133734, 4414
139005, 4414
141159, 4414
148412, 4414
150898, 4414
160492, 4414
183417, 4414
198341, 4414
227492, 4414
230198, 4414
231503, 4414
259245, 4414
272271, 4414
282522, 4414
284394, 4414
296019, 4414
2655, 4413
27975, 4404
44938, 4404
64962, 4404
13697, 4392
31035, 4380
34580, 4380
38268, 4380
39990, 4380
40790, 4380
43579, 4380
47676, 4380
54984, 4380
59261, 4380
62272, 4380
63948, 4380
66401, 4380
68593, 4380
108718, 4380
132161, 4380
130661, 4370
135269, 4370
146998, 4370
198645, 4370
218323, 4370
233522, 4370
247278, 4370
255331, 4368
249746, 4365
43474, 4332
108082, 4332
195505, 4329
256611, 4329
154810, 4316
204251, 4316
177311, 4310
233462, 4310
94137, 4292
167963, 4292
172057, 4292
98591, 4291
166456, 4291
24434, 4278
27432, 4278
28627, 4278
49542, 4278
50862, 4278
83278, 4278
104958, 4278
105397, 4278
142020, 4267
151408, 4267
153638, 4267
177037, 4267
217419, 4267
243898, 4267
249415, 4267
265829, 4267
276792, 4267
279325, 4267
282168, 4267
294098, 4267
198600, 4243
228105, 4243
252489, 4243
26948, 4237
64457, 4237
65082, 4237
86199, 4237
103997, 4237
113483, 4237
161459, 4237
163913, 4234
168805, 4234
136163, 4220
175896, 4220
210290, 4220
217868, 4220
278833, 4220
285212, 4220
29093, 4219
51360, 4219
60629, 4219
187488, 4219
14755, 4211
14892, 4211
20827, 4211
28840, 4211
211297, 4208
14234, 4204
295772, 4204
89137, 4198
184543, 4198
15367, 4195
18671, 4195
20040, 4195
30617, 4195
164851, 4195
75042, 4188
80452, 4188
99040, 4188
116685, 4188
133907, 4188
134343, 4188
172688, 4188
176581, 4188
222215, 4188
224044, 4188
224698, 4188
228797, 4188
233030, 4188
238550, 4188
242964, 4188
245648, 4188
274131, 4188
277764, 4188
287381, 4188
288898, 4188
294007, 4188
247029, 4156
150861, 4146
172865, 4146
224190, 4146
124782, 4145
206675, 4145
254821, 4145
287751, 4145
110347, 4137
124095, 4137
153872, 4137
159052, 4137
166963, 4137
173378, 4137
176022, 4137
179136, 4137
189304, 4137
195927, 4137
206605, 4137
208005, 4137
215878, 4137
221426, 4137
256361, 4137
272164, 4137
290689, 4137
63528, 4131
101716, 4131
110593, 4131
140467, 4131
171402, 4131
241761, 4131
248758, 4131
288569, 4131
178996, 4123
246518, 4123
35289, 4113
50116, 4113
54286, 4113
80819, 4113
181089, 4113
280856, 4107
198354, 4101
249736, 4101
188623, 4096
14567, 4073
101216, 4073
126351, 4073
222590, 4066
8765, 4065
89221, 4039
276679, 4034
280505, 4032
166984, 3997
43146, 3985
51865, 3985
76448, 3985
79956, 3985
91100, 3985
94720, 3985
120210, 3985
167355, 3985
216942, 3985
130376, 3971
283370, 3963
2500, 3958
80124, 3952
111993, 3952
13094, 3932
65096, 3907
1591, 3897
95405, 3897
97867, 3893
101361, 3893
116852, 3893
139072, 3893
183999, 3893
246830, 3893
197572, 3884
49907, 3864
181661, 3845
192514, 3845
228849, 3845
255801, 3843
138060, 3824
67354, 3819
64524, 3810
206357, 3803
252569, 3794
6169, 3789
202638, 3777
159274, 3755
188186, 3755
242578, 3755
54310, 3744
240729, 3674
128303, 3440
81151, 3399
193407, 3398
250245, 3305
119789, 3266
640, 3161
991, 3161
10192, 3161
61708, 3161
73602, 3161
83279, 3161
102890, 3161
116090, 3161
122922, 3161
124757, 3161
129820, 3161
130139, 3161
142056, 3161
145495, 3161
161309, 3161
165165, 3161
169029, 3161
173656, 3161
190135, 3161
198107, 3161
198858, 3161
200783, 3161
202589, 3161
206307, 3161
206910, 3161
210688, 3161
212473, 3161
212878, 3161
214629, 3161
215307, 3161
216279, 3161
218952, 3161
222029, 3161
224479, 3161
225383, 3161
229467, 3161
230812, 3161
234319, 3161
236719, 3161
237154, 3161
237557, 3161
244445, 3161
245677, 3161
247897, 3161
251714, 3161
255258, 3161
256144, 3161
261717, 3161
269660, 3161
273152, 3161
273734, 3161
277059, 3161
279182, 3161
279819, 3161
280318, 3161
283228, 3161
286516, 3161
292242, 3161
296366, 3161
2594, 3152
54331, 3152
65648, 3152
94685, 3152
115137, 3152
134715, 3152
142387, 3152
143756, 3152
161474, 3152
163475, 3152
170248, 3152
185695, 3152
186937, 3152
189483, 3152
190159, 3152
194906, 3152
199922, 3152
220806, 3152
222939, 3152
237637, 3152
238920, 3152
273728, 3152
291220, 3152
714, 3150
52554, 3150
52679, 3150
79592, 3150
88131, 3150
90141, 3150
90664, 3150
93322, 3150
99742, 3150
99895, 3150
99909, 3150
100222, 3150
100871, 3150
106467, 3150
107250, 3150
112498, 3150
116549, 3150
135158, 3150
137743, 3150
147768, 3150
150385, 3150
160660, 3150
161452, 3150
171418, 3150
172977, 3150
174981, 3150
178197, 3150
179236, 3150
189775, 3150
193245, 3150
194871, 3150
205484, 3150
205810, 3150
211507, 3150
213756, 3150
217417, 3150
220598, 3150
223374, 3150
226880, 3150
238721, 3150
262434, 3150
265440, 3150
95876, 3136
239441, 3096
258921, 3096
285, 3081
52454, 3081
55396, 3081
71655, 3081
82820, 3081
138639, 3081
151726, 3081
159593, 3081
162674, 3081
196220, 3081
203707, 3081
208967, 3081
217501, 3081
221906, 3081
229252, 3081
230947, 3081
233722, 3081
244265, 3081
256317, 3081
263799, 3081
265566, 3081
278884, 3081
282290, 3081
289737, 3081
294214, 3071
122115, 3047
210733, 3047
249308, 3047
158737, 3045
208109, 3045
279863, 3033
278406, 3028
78023, 3015
78081, 3015
163292, 3012
225693, 3012
221645, 3003
65077, 3002
185224, 3002
225463, 3002
278498, 3002
289456, 3002
259321, 2984
145411, 2983
229373, 2969
3112, 2965
278120, 2964
214748, 2925
84980, 2919
139494, 2919
220736, 2919
257814, 2919
197251, 2888
228058, 2873
174539, 2861
659, 2858
169569, 2850
112437, 2841
148381, 2841
227613, 2841
140255, 2840
152900, 2840
189205, 2840
201794, 2840
62246, 2832
64263, 2832
261278, 2832
154741, 2818
53408, 2813
194797, 2813
240156, 2808
288820, 2808
47210, 2767
150502, 2756
105601, 2741
119572, 2741
249378, 2687
222272, 2675
250350, 2675
278336, 2638
9843, 2590
139058, 2547
13227, 2474
20631, 2474
20650, 2474
30257, 2474
40638, 2474
44695, 2474
59386, 2474
66417, 2474
73465, 2474
85654, 2474
86853, 2474
87684, 2474
95990, 2474
97713, 2474
114754, 2474
139599, 2474
160691, 2474
163690, 2474
261412, 2474
10848, 2469
14267, 2469
23247, 2469
46006, 2469
56470, 2469
61791, 2469
76528, 2469
151393, 2469
172003, 2469
208801, 2469
243949, 2469
26278, 2461
31530, 2461
46915, 2461
51889, 2461
59706, 2461
60876, 2461
69841, 2461
70916, 2461
73296, 2461
74799, 2461
78919, 2461
80944, 2461
82745, 2461
86553, 2461
87962, 2461
93244, 2461
96502, 2461
101949, 2461
107016, 2461
108458, 2461
120204, 2461
132088, 2461
135673, 2461
147348, 2461
156913, 2461
160665, 2461
163336, 2461
165474, 2461
174289, 2461
185559, 2461
200130, 2461
211793, 2461
221637, 2461
227010, 2461
83074, 2441
97479, 2441
116202, 2441
159564, 2441
163340, 2441
203044, 2441
232487, 2441
18533, 2356
128171, 2356
141730, 2356
225454, 2345
3265, 2330
24443, 2323
25302, 2323
34142, 2323
36987, 2323
37838, 2323
52829, 2323
56074, 2323
71605, 2323
99124, 2323
119015, 2323
126621, 2323
127898, 2323
137346, 2323
169681, 2323
185707, 2323
202787, 2323
224789, 2323
246137, 2323
147521, 2319
211686, 2319
277399, 2319
44322, 2310
138843, 2310
237983, 2310
289934, 2310
148026, 2288
160759, 2288
18758, 2286
232208, 2272
251136, 2272
253267, 2266
134629, 2249
253507, 2249
170782, 2245
185215, 2245
209039, 2245
218831, 2245
226002, 2245
242282, 2245
259186, 2245
103223, 2220
177713, 2220
180520, 2220
189366, 2220
193261, 2220
196968, 2220
197272, 2220
202833, 2220
207358, 2220
208072, 2220
208795, 2220
215010, 2220
216081, 2220
217534, 2220
231269, 2220
237618, 2220
238973, 2220
239737, 2220
251188, 2220
254119, 2220
261713, 2220
262414, 2220
263582, 2220
263967, 2220
264666, 2220
264926, 2220
266627, 2220
266798, 2220
267502, 2220
270720, 2220
276605, 2220
279189, 2220
280726, 2220
282211, 2220
284217, 2220
285692, 2220
287552, 2220
287712, 2220
292363, 2220
75465, 2218
105740, 2218
122614, 2218
130649, 2218
139573, 2218
142052, 2218
147108, 2218
177613, 2218
140654, 2202
184372, 2202
212271, 2202
219688, 2202
227448, 2202
234111, 2202
238403, 2202
244596, 2202
250372, 2202
275278, 2202
276249, 2202
275601, 2192
117588, 2183
125950, 2183
149411, 2183
153957, 2183
154934, 2183
158603, 2183
158900, 2183
176224, 2183
179014, 2183
188696, 2183
192364, 2183
194820, 2183
227852, 2183
229713, 2183
231155, 2183
231332, 2183
238299, 2183
238877, 2183
246494, 2183
249379, 2183
250096, 2183
255262, 2183
256581, 2183
260085, 2183
267129, 2183
268217, 2183
271213, 2183
271377, 2183
274657, 2183
275385, 2183
279353, 2183
286437, 2183
292410, 2183
295824, 2183
94278, 2175
72277, 2172
109042, 2172
205471, 2172
203978, 2169
260391, 2169
260883, 2169
290633, 2169
121251, 2162
235430, 2156
243711, 2156
248983, 2156
255497, 2156
262243, 2156
263954, 2156
271661, 2156
274611, 2156
274780, 2156
280141, 2156
280703, 2156
288400, 2156
121303, 2154
292752, 2149
180601, 2138
184314, 2138
204506, 2138
204603, 2138
205306, 2138
214097, 2138
260677, 2138
264405, 2138
285394, 2138
193464, 2134
6075, 2132
220419, 2115
64935, 2108
92088, 2108
101587, 2074
131148, 2074
146857, 2074
148582, 2074
176428, 2074
177031, 2074
179447, 2074
183589, 2074
190335, 2074
203681, 2074
205356, 2074
209144, 2074
225246, 2074
229903, 2074
230235, 2074
232519, 2074
259928, 2074
127531, 2032
220641, 2029
193229, 2009
197367, 2009
290213, 2005
273654, 1989
176675, 1983
536, 1956
872, 1956
1885, 1956
2709, 1956
3652, 1956
3916, 1956
3955, 1956
5752, 1956
11070, 1956
136573, 1956
163238, 1956
165291, 1956
214366, 1956
231554, 1956
267664, 1956
277685, 1956
2065, 1948
118237, 1939
137398, 1939
142952, 1939
145586, 1939
200388, 1939
65, 1909
246, 1909
40437, 1908
194472, 1887
124485, 1880
126129, 1880
158748, 1872
462, 1861
532, 1861
3216, 1859
4732, 1859
255595, 1859
265928, 1859
7926, 1858
11325, 1858
12098, 1858
12489, 1858
15451, 1858
15876, 1858
19382, 1858
19907, 1858
21738, 1858
23297, 1858
24461, 1858
26016, 1858
28236, 1858
29027, 1858
29414, 1858
29625, 1858
30792, 1858
33579, 1858
34825, 1858
35872, 1858
38164, 1858
38821, 1858
39682, 1858
42252, 1858
44321, 1858
44805, 1858
45175, 1858
45217, 1858
51039, 1858
54503, 1858
56084, 1858
56643, 1858
57978, 1858
59578, 1858
62068, 1858
62158, 1858
67965, 1858
68346, 1858
70399, 1858
71836, 1858
72059, 1858
74429, 1858
75427, 1858
76185, 1858
76501, 1858
78871, 1858
81306, 1858
81563, 1858
92826, 1858
95725, 1858
97375, 1858
102670, 1858
103514, 1858
114724, 1858
222909, 1854
253018, 1854
18374, 1847
23629, 1847
38117, 1847
160182, 1847
48618, 1843
58596, 1843
69652, 1843
74457, 1843
76537, 1843
82813, 1843
96656, 1843
227566, 1832
256108, 1788
289723, 1788
64703, 1764
75996, 1764
77109, 1764
82064, 1764
59374, 1754
2214, 1749
6652, 1749
14733, 1749
195866, 1749
295066, 1749
251911, 1736
9513, 1728
28279, 1728
30146, 1728
61730, 1728
107144, 1720
10403, 1717
30781, 1717
105437, 1713
118158, 1713
158066, 1713
158695, 1713
18886, 1709
1, 1680
5, 1680
18, 1680
12544, 1674
3231, 1649
4145, 1649
4693, 1649
12848, 1649
57722, 1649
213990, 1649
179967, 1642
164, 1638
6887, 1621
24278, 1621
84562, 1600
217377, 1587
265761, 1574
172249, 1564
1518, 1561
3790, 1555
249162, 1555
1156, 1547
200694, 1528
237227, 1519
240175, 1519
272723, 1519
197131, 1518
216397, 1518
261340, 1518
283797, 1518
90693, 1512
110261, 1512
124778, 1512
2170, 1508
70849, 1488
214941, 1488
103756, 1485
131369, 1485
227580, 1485
284287, 1485
144828, 1483
3599, 1482
81264, 1475
179091, 1472
190622, 1472
238904, 1472
256843, 1472
263787, 1472
267294, 1472
287408, 1472
292067, 1472
123867, 1471
150466, 1471
2056, 1468
97584, 1467
198457, 1467
226825, 1467
264346, 1467
149159, 1465
179821, 1465
181743, 1465
128548, 1463
217871, 1463
81241, 1454
138737, 1454
190015, 1454
205184, 1454
205993, 1454
292711, 1454
95399, 1452
56130, 1451
67734, 1451
147473, 1451
162295, 1451
202707, 1451
218801, 1451
230070, 1451
239367, 1451
252057, 1451
254352, 1451
265270, 1451
267324, 1451
273250, 1451
141554, 1450
272216, 1450
85621, 1449
118738, 1449
133455, 1449
109840, 1448
152309, 1448
185681, 1448
120139, 1446
134860, 1446
197936, 1446
140306, 1445
149719, 1445
219158, 1445
78972, 1444
114025, 1444
46110, 1442
168111, 1442
205670, 1442
122564, 1440
170844, 1440
185348, 1440
244120, 1440
59443, 1439
121799, 1439
230413, 1439
135276, 1438
121901, 1437
225933, 1436
248374, 1435
283909, 1435
95561, 1434
187415, 1434
208016, 1431
91196, 1430
116040, 1430
61613, 1429
147309, 1429
213467, 1429
253181, 1429
141438, 1428
175346, 1428
196080, 1428
226846, 1428
247412, 1428
248474, 1428
91839, 1427
134312, 1427
66944, 1425
284166, 1425
290836, 1424
17059, 1421
126790, 1421
78204, 1420
223220, 1420
232814, 1420
29749, 1419
51964, 1418
62294, 1417
63264, 1417
120890, 1417
201524, 1417
104249, 1416
107083, 1416
265889, 1416
134191, 1414
159323, 1414
115403, 1413
139358, 1413
162549, 1412
179817, 1412
221820, 1412
82964, 1411
259870, 1411
60114, 1410
109435, 1410
2882, 1408
5186, 1408
119735, 1408
270193, 1408
179941, 1407
39398, 1406
123090, 1406
139070, 1406
243010, 1406
263362, 1406
4830, 1404
107511, 1403
139318, 1403
175168, 1403
294061, 1403
176557, 1402
112579, 1397
118207, 1396
125915, 1396
139992, 1396
175637, 1396
221574, 1396
230117, 1396
235670, 1396
252635, 1396
287978, 1396
288835, 1396
272800, 1394
197518, 1393
92964, 1391
99016, 1391
139743, 1391
126671, 1390
36535, 1389
68241, 1389
120735, 1389
153028, 1389
181760, 1389
49973, 1388
74519, 1388
115361, 1387
124131, 1387
219732, 1385
290183, 1385
51635, 1384
291504, 1383
138579, 1380
263465, 1380
288294, 1379
147452, 1377
182691, 1376
134901, 1374
110833, 1373
122901, 1373
135666, 1373
146750, 1373
267696, 1373
276216, 1373
63029, 1372
183194, 1372
62260, 1370
194381, 1366
108850, 1365
67199, 1364
109304, 1364
151578, 1364
200901, 1364
46643, 1363
50155, 1363
51221, 1363
73763, 1363
137634, 1363
209352, 1362
78263, 1361
224239, 1361
250810, 1361
253454, 1361
204968, 1359
43751, 1356
290284, 1352
22166, 1349
146957, 1347
166817, 1347
148894, 1342
116766, 1339
69223, 1336
212602, 1335
106049, 1331
76214, 1330
270426, 1330
282701, 1330
87577, 1329
106164, 1329
64396, 1326
283781, 1326
81074, 1325
62079, 1322
138915, 1322
151025, 1321
30780, 1318
246368, 1318
93286, 1316
54636, 1315
83672, 1315
81864, 1314
26885, 1309
62906, 1309
73965, 1309
163390, 1309
208091, 1309
46362, 1306
81854, 1306
6423, 1303
120643, 1303
83882, 1302
254556, 1302
131332, 1301
266392, 1299
9102, 1298
9982, 1298
180637, 1297
200169, 1297
238070, 1296
241892, 1296
252578, 1296
7949, 1294
275492, 1294
130083, 1293
188430, 1293
239640, 1293
116, 1291
254103, 1290
73797, 1288
83147, 1288
90556, 1288
5544, 1283
15280, 1283
190054, 1283
33956, 1280
3517, 1278
5429, 1278
6059, 1278
71745, 1276
14746, 1273
223188, 1273
5183, 1272
5970, 1272
6246, 1272
131293, 1271
22294, 1269
85443, 1269
195560, 1269
221198, 1269
3466, 1266
5909, 1266
9292, 1260
257554, 1260
50417, 1256
63211, 1256
76140, 1256
194311, 1256
2893, 1252
7988, 1250
30282, 1250
183787, 1249
9377, 1247
11782, 1247
226914, 1246
17055, 1244
18973, 1244
19077, 1244
21191, 1244
22079, 1244
22636, 1244
22808, 1244
22914, 1244
23079, 1244
23598, 1244
24419, 1244
24444, 1244
25057, 1244
25612, 1244
26639, 1244
111259, 1244
126729, 1244
14316, 1243
18511, 1243
23721, 1243
23732, 1243
23861, 1243
24655, 1243
25200, 1243
25760, 1243
26368, 1243
26877, 1243
26901, 1243
26913, 1243
27193, 1243
27509, 1243
27999, 1243
28193, 1243
28975, 1243
29080, 1243
31322, 1243
18470, 1241
19713, 1241
19867, 1241
20436, 1241
20530, 1241
20860, 1241
21066, 1241
21431, 1241
21601, 1241
21758, 1241
22098, 1241
22183, 1241
22880, 1241
23641, 1241
24008, 1241
24120, 1241
24741, 1241
24922, 1241
25243, 1241
25460, 1241
25480, 1241
25508, 1241
25604, 1241
26468, 1241
27611, 1241
41927, 1239
82086, 1233
11322, 1232
125180, 1232
137457, 1232
222013, 1231
262001, 1231
13803, 1230
14289, 1230
14590, 1230
14667, 1230
14969, 1230
15126, 1230
15444, 1230
15872, 1230
15885, 1230
16276, 1230
16343, 1230
16589, 1230
16656, 1230
16758, 1230
16789, 1230
16948, 1230
17043, 1230
20745, 1230
52133, 1228
16993, 1227
24702, 1227
27876, 1227
8670, 1225
10762, 1225
12042, 1225
12829, 1225
12975, 1225
13489, 1225
13558, 1225
13939, 1225
14020, 1225
14191, 1225
14230, 1225
14282, 1225
14421, 1225
14459, 1225
14557, 1225
14621, 1225
15040, 1225
15446, 1225
15580, 1225
15662, 1225
15774, 1225
16066, 1225
16259, 1225
149187, 1224
18583, 1221
20171, 1221
20482, 1221
20964, 1221
21104, 1221
21190, 1221
21726, 1221
21816, 1221
22618, 1221
22807, 1221
22821, 1221
22839, 1221
22907, 1221
22982, 1221
23035, 1221
23130, 1221
23852, 1221
24451, 1221
24538, 1221
24610, 1221
26190, 1221
26501, 1221
32821, 1221
53475, 1221
21460, 1217
23738, 1217
24193, 1217
24507, 1217
25054, 1217
25593, 1217
26497, 1217
26549, 1217
26666, 1217
26708, 1217
27340, 1217
27342, 1217
28060, 1217
28680, 1217
29004, 1217
29375, 1217
29714, 1217
30073, 1217
30582, 1217
30959, 1217
31214, 1217
31264, 1217
32511, 1217
34268, 1217
26403, 1216
27913, 1216
28447, 1216
30063, 1216
30237, 1216
31025, 1216
31836, 1216
214956, 1216
24073, 1215
29600, 1215
29743, 1215
30704, 1215
31159, 1215
31469, 1215
31774, 1215
32022, 1215
32183, 1215
32493, 1215
33144, 1215
33466, 1215
35046, 1215
35135, 1215
35450, 1215
35547, 1215
35656, 1215
36009, 1215
36091, 1215
37383, 1215
14307, 1214
23109, 1214
24740, 1214
24862, 1214
26651, 1214
27120, 1214
28018, 1214
28349, 1214
28909, 1214
28958, 1214
29007, 1214
29065, 1214
31907, 1214
24946, 1213
27115, 1213
30115, 1213
30347, 1213
30392, 1213
30466, 1213
30635, 1213
30898, 1213
31286, 1213
31474, 1213
32793, 1213
33341, 1213
10643, 1210
13985, 1210
11807, 1209
25015, 1209
225681, 1209
25976, 1207
91853, 1206
280033, 1202
19257, 1201
22012, 1201
121252, 1201
147133, 1201
164032, 1201
278501, 1201
12190, 1197
13409, 1197
14137, 1197
15366, 1197
15656, 1197
15804, 1197
16492, 1197
16553, 1197
260956, 1197
25453, 1196
27807, 1196
28495, 1196
30086, 1196
31374, 1195
5917, 1194
7004, 1194
7908, 1194
8091, 1194
8182, 1194
8273, 1194
8296, 1194
8584, 1194
8751, 1194
8843, 1194
8931, 1194
9354, 1194
9750, 1194
9854, 1194
9950, 1194
10043, 1194
10074, 1194
10090, 1194
10257, 1194
10261, 1194
10342, 1194
10383, 1194
10633, 1194
10704, 1194
10727, 1194
10782, 1194
10978, 1194
11269, 1194
11332, 1194
11579, 1194
11675, 1194
11746, 1194
11897, 1194
12130, 1194
12427, 1194
12569, 1194
12785, 1194
13011, 1194
13057, 1194
13141, 1194
13271, 1194
13278, 1194
13419, 1194
13743, 1194
14018, 1194
14571, 1194
15502, 1194
15805, 1194
16935, 1194
20119, 1194
20717, 1194
25638, 1194
154518, 1194
229671, 1194
272857, 1194
217819, 1193
228290, 1193
240453, 1193
824, 1191
1793, 1191
2426, 1191
14686, 1190
16194, 1190
16337, 1190
19792, 1188
23775, 1188
27142, 1188
29643, 1188
29896, 1188
30018, 1188
30297, 1188
30581, 1188
31191, 1188
31257, 1188
32455, 1188
34153, 1188
34233, 1188
34523, 1188
34540, 1188
35285, 1188
36124, 1188
36167, 1188
37975, 1188
38043, 1188
38446, 1188
681, 1185
1294, 1185
27079, 1185
27092, 1185
28681, 1185
29312, 1185
30214, 1185
31827, 1185
32068, 1185
32139, 1185
32626, 1185
33160, 1185
33591, 1185
34019, 1185
34171, 1185
34230, 1185
35095, 1185
10660, 1180
13378, 1180
23179, 1180
7631, 1179
274775, 1179
14023, 1175
24225, 1175
15145, 1172
17145, 1172
18950, 1172
19061, 1172
19450, 1172
20014, 1172
1820, 1171
17170, 1166
17309, 1166
18552, 1166
19748, 1166
20282, 1166
20382, 1166
20434, 1166
20662, 1166
20998, 1166
21086, 1166
21226, 1166
21585, 1166
21782, 1166
21986, 1166
22053, 1166
33494, 1165
10829, 1164
208589, 1162
31532, 1161
196799, 1161
155091, 1160
273500, 1160
12616, 1159
14040, 1159
15461, 1159
8932, 1157
123618, 1157
164042, 1157
233764, 1157
20249, 1156
221791, 1155
18322, 1153
26739, 1153
28050, 1153
29555, 1153
32015, 1153
33390, 1153
35256, 1153
36325, 1153
37577, 1153
1690, 1152
19247, 1152
20256, 1152
21657, 1152
113993, 1152
272937, 1152
280859, 1152
286173, 1152
24144, 1148
7919, 1147
2718, 1144
18786, 1144
20696, 1144
29443, 1144
30110, 1144
30867, 1144
32159, 1144
33359, 1144
33629, 1144
34217, 1144
35278, 1144
35328, 1144
35816, 1144
35972, 1144
36444, 1144
36554, 1144
37081, 1144
37457, 1144
37740, 1144
37780, 1144
37918, 1144
38321, 1144
38454, 1144
38692, 1144
41044, 1144
43978, 1144
48115, 1144
16053, 1141
18666, 1141
19690, 1141
29954, 1141
239344, 1141
16516, 1139
28558, 1137
29150, 1137
31825, 1137
32475, 1137
33122, 1137
34447, 1137
188528, 1132
13770, 1130
17589, 1130
185509, 1129
186840, 1129
15161, 1128
18567, 1128
18577, 1128
18710, 1128
19217, 1128
19279, 1128
22806, 1128
25936, 1128
26395, 1128
29653, 1128
29876, 1128
30280, 1128
34998, 1128
40187, 1127
29139, 1121
33639, 1121
34202, 1121
34406, 1121
35058, 1121
36434, 1121
37103, 1121
37596, 1121
37681, 1121
37876, 1121
38656, 1121
39450, 1121
39859, 1121
40707, 1121
40779, 1121
40833, 1121
41033, 1121
41428, 1121
41613, 1121
43092, 1121
43594, 1121
44083, 1121
44888, 1121
46375, 1121
47295, 1121
11366, 1120
11403, 1120
14386, 1119
15384, 1119
12946, 1114
139813, 1114
191531, 1114
203643, 1114
108926, 1113
110680, 1113
121066, 1113
135482, 1113
15980, 1111
16533, 1111
16906, 1111
16996, 1111
17156, 1111
17177, 1111
18287, 1111
18698, 1111
985, 1110
1376, 1110
1717, 1110
1779, 1110
1827, 1110
2050, 1110
2442, 1110
2451, 1110
2630, 1110
2840, 1110
2874, 1110
2910, 1110
3097, 1110
3107, 1110
3171, 1110
3288, 1110
3295, 1110
3439, 1110
3508, 1110
3540, 1110
3565, 1110
3738, 1110
3783, 1110
3872, 1110
3935, 1110
3959, 1110
4059, 1110
4158, 1110
4233, 1110
4260, 1110
4317, 1110
4345, 1110
4353, 1110
4411, 1110
4436, 1110
4522, 1110
4556, 1110
4557, 1110
4562, 1110
4611, 1110
4639, 1110
4654, 1110
4736, 1110
4771, 1110
4865, 1110
4914, 1110
4922, 1110
4932, 1110
4980, 1110
5042, 1110
5089, 1110
5114, 1110
5135, 1110
5212, 1110
5240, 1110
11899, 1108
2596, 1106
17807, 1106
3749, 1104
4636, 1104
4706, 1104
5132, 1104
1167, 1102
1363, 1102
19709, 1102
26752, 1102
170816, 1102
156348, 1099
37532, 1093
42311, 1093
15318, 1092
1387, 1090
1357, 1087
34281, 1087
41017, 1087
41437, 1087
44920, 1087
45942, 1087
46299, 1087
139661, 1084
144450, 1084
146335, 1084
27966, 1082
30289, 1082
29547, 1079
35240, 1079
752, 1078
798, 1078
164432, 1076
203107, 1076
4614, 1075
18229, 1075
166844, 1075
201918, 1075
257358, 1075
45346, 1074
45809, 1074
267781, 1074
1138, 1071
764, 1068
27957, 1067
76419, 1067
83183, 1067
99085, 1067
861, 1066
869, 1066
22471, 1064
23000, 1064
24380, 1064
577, 1063
614, 1063
39784, 1059
36296, 1058
86330, 1058
256464, 1058
903, 1053
959, 1053
29359, 1053
1330, 1052
72425, 1052
205914, 1052
26762, 1050
20243, 1049
20487, 1049
23058, 1049
114657, 1049
184747, 1049
254567, 1049
292191, 1049
212115, 1048
21068, 1045
343, 1044
683, 1043
713, 1043
27901, 1041
28338, 1041
14156, 1040
105154, 1040
160548, 1040
1439, 1037
21130, 1037
23854, 1037
30371, 1037
32373, 1037
47796, 1037
65164, 1037
84100, 1037
85298, 1037
88428, 1037
92211, 1037
117766, 1037
147815, 1037
176160, 1037
228464, 1037
243934, 1037
265596, 1037
294276, 1037
88608, 1036
89286, 1036
1368, 1034
42424, 1034
43457, 1034
44794, 1034
114980, 1034
115172, 1034
283990, 1034
143, 1032
168, 1032
223, 1032
24657, 1031
30718, 1031
32161, 1031
33726, 1031
1313, 1030
620, 1029
621, 1029
22262, 1028
130275, 1027
141176, 1027
161430, 1027
210509, 1027
219365, 1027
244477, 1027
260131, 1027
290282, 1027
18357, 1026
196564, 1026
124, 1025
146, 1025
50289, 1025
55506, 1025
67440, 1025
68869, 1025
69256, 1025
100297, 1025
101099, 1025
105778, 1025
108820, 1025
120350, 1025
127816, 1025
138618, 1025
153556, 1025
175120, 1025
185872, 1025
200796, 1025
205410, 1025
217270, 1025
225422, 1025
225606, 1025
227349, 1025
235861, 1025
260159, 1025
268958, 1025
283051, 1025
289827, 1025
295047, 1025
78930, 1023
161076, 1023
170768, 1023
16184, 1022
27197, 1022
27609, 1022
28169, 1022
28428, 1022
85240, 1021
86472, 1021
118465, 1021
118524, 1021
206563, 1021
104, 1020
117, 1020
122, 1020
139, 1020
1372, 1020
1557, 1020
272577, 1019
283639, 1019
1136, 1018
182311, 1016
448, 1015
479, 1015
513, 1015
517, 1015
25988, 1014
26353, 1014
48465, 1013
23141, 1011
35487, 1011
145318, 1011
233639, 1011
247866, 1011
250801, 1011
36978, 1010
41410, 1010
46337, 1010
55158, 1010
89257, 1010
91001, 1010
98033, 1010
103792, 1010
104807, 1010
108973, 1010
146647, 1010
149190, 1010
150068, 1010
154650, 1010
162128, 1010
205359, 1010
215269, 1010
217611, 1010
19374, 1009
38080, 1009
39635, 1009
39959, 1009
54473, 1007
60381, 1007
23932, 1006
37558, 1006
38588, 1006
43061, 1006
54753, 1006
70488, 1006
74983, 1006
75861, 1006
90363, 1006
97739, 1006
110108, 1006
113062, 1006
116661, 1006
138543, 1006
149469, 1006
165155, 1006
172205, 1006
173152, 1006
175791, 1006
192391, 1006
212524, 1006
272269, 1006
288479, 1006
140, 1003
218, 1003
253, 1003
262, 1003
314, 1003
35767, 1003
64866, 1003
73511, 1003
139512, 1003
148453, 1003
153071, 1003
153552, 1003
174565, 1003
180093, 1003
192601, 1003
215380, 1003
219756, 1003
249630, 1003
256635, 1003
257889, 1003
260459, 1003
266930, 1003
279913, 1003
