0
0 0
1 1
10 10
1063 1063
1064 1064
1065 1065
1066 1066
1067 1067
1068 1068
1069 1069
1070 1070
1071 1071
1072 1072
1077 1077
1079 1079
11 11
12 12
13 13
14 14
1457 1457
1458 1458
1459 1459
1460 1460
1461 1461
1462 1462
1463 1463
1464 1464
1466 1466
1467 1467
1468 1468
1471 1471
15 15
16 16
17 17
18 18
1891 1891
1892 1892
1893 1893
1894 1894
1895 1895
1896 1896
1897 1897
1898 1898
1899 1899
1900 1900
1901 1901
2 2
20 20
2141 2141
2142 2142
2143 2143
2144 2144
2145 2145
2146 2146
2147 2147
2148 2148
2149 2149
2150 2150
2151 2151
2152 2152
2153 2153
2154 2154
2155 2155
2157 2157
2158 2158
22 22
2445 2445
2446 2446
2447 2447
2448 2448
2449 2449
2451 2451
2452 2452
2453 2453
2697 2697
2698 2698
2699 2699
2700 2700
2701 2701
2702 2702
2703 2703
2704 2704
2705 2705
2706 2706
2707 2707
2708 2708
2974 2974
2975 2975
2976 2976
2977 2977
2978 2978
2979 2979
2984 2984
3 3
3165 3165
3166 3166
3167 3167
3168 3168
3169 3169
3170 3170
3171 3171
3172 3172
3173 3173
3174 3174
3175 3175
3176 3176
3177 3177
3178 3178
3438 3438
3439 3439
3440 3440
3441 3441
3442 3442
3443 3443
3445 3445
3446 3446
3447 3447
3448 3448
3647 3647
3648 3648
3649 3649
3650 3650
3651 3651
3652 3652
3653 3653
3866 3866
3867 3867
3868 3868
3869 3869
3870 3870
3871 3871
3872 3872
3873 3873
3874 3874
3875 3875
4 4
4097 4097
4098 4098
4099 4099
4100 4100
4102 4102
4103 4103
4105 4105
4271 4271
4272 4272
4397 4397
4398 4398
4399 4399
4400 4400
4501 4501
4502 4502
4503 4503
4504 4504
4505 4505
4506 4506
4633 4633
4634 4634
4635 4635
4637 4637
4739 4739
4740 4740
4741 4741
4880 4880
4882 4882
4884 4884
5 5
5006 5006
5007 5007
5008 5008
5102 5102
5103 5103
5104 5104
5105 5105
5230 5230
5231 5231
5232 5232
5233 5233
5324 5324
5325 5325
5326 5326
5327 5327
5328 5328
5330 5330
5331 5331
5434 5434
5435 5435
5436 5436
5437 5437
5438 5438
5439 5439
5440 5440
5547 5547
5548 5548
5549 5549
5550 5550
5551 5551
5552 5552
5553 5553
5638 5638
5639 5639
5640 5640
5715 5715
5716 5716
5779 5779
5780 5780
5781 5781
5887 5887
5888 5888
5993 5993
5994 5994
5995 5995
6 6
6075 6075
6076 6076
6077 6077
6078 6078
617 617
6170 6170
6171 6171
6172 6172
618 618
619 619
620 620
621 621
622 622
623 623
624 624
625 625
6250 6250
6251 6251
6252 6252
626 626
627 627
628 628
629 629
630 630
631 631
632 632
6325 6325
6326 6326
6327 6327
6328 6328
633 633
635 635
641 641
6410 6410
6411 6411
6412 6412
6413 6413
6414 6414
6416 6416
6489 6489
6490 6490
6579 6579
6580 6580
6581 6581
6582 6582
6583 6583
6667 6667
6668 6668
6669 6669
6670 6670
6671 6671
6754 6754
6755 6755
6819 6819
6820 6820
6821 6821
6822 6822
6892 6892
6893 6893
6980 6980
6981 6981
6982 6982
6984 6984
7 7
7047 7047
7048 7048
7049 7049
7050 7050
7051 7051
7052 7052
7121 7121
7122 7122
7123 7123
7124 7124
7125 7125
7126 7126
7197 7197
7198 7198
7199 7199
7200 7200
7201 7201
7202 7202
7203 7203
7274 7274
7321 7321
7322 7322
7323 7323
7399 7399
7400 7400
7401 7401
7450 7450
7451 7451
7452 7452
7453 7453
7454 7454
7550 7550
7583 7583
7644 7644
7645 7645
7646 7646
7647 7647
7736 7736
7737 7737
7738 7738
7739 7739
7740 7740
7741 7741
7810 7810
7811 7811
7857 7857
7858 7858
7859 7859
7860 7860
7921 7921
7922 7922
7977 7977
7978 7978
8 8
8015 8015
8078 8078
8079 8079
8080 8080
9 9
